6 46
7 47
33 48
50 49
110 50
55273 51
81921 52
83671 53
85863 54
91244 55
94842 56
97094 57
89005 58
84314 59
85008 60
85653 61
91172 62
101053 63
99848 64
103107 65
100141 66
96802 67
89978 68
91702 69
89379 70
92053 71
100372 72
110113 73
117978 74
127435 75
124899 76
119984 77
116045 78
110149 79
110681 80
117599 81
126667 82
135076 83
146121 84
153704 85
156814 86
154413 87
146340 88
138780 89
136962 90
139151 91
149874 92
164193 93
173228 94
181785 95
185294 96
184227 97
177998 98
171250 99
163101 100
162274 101
168632 102
180811 103
192864 104
205670 105
210659 106
210610 107
203532 108
193633 109
187368 110
184621 111
184636 112
195388 113
206784 114
218702 115
226250 116
227765 117
223337 118
214734 119
203784 120
196865 121
195218 122
201397 123
210734 124
225627 125
228912 126
235719 127
230186 128
225647 129
214813 130
205342 131
200741 132
200244 133
207440 134
215675 135
224934 136
235413 137
239789 138
231970 139
222958 140
221105 141
209152 142
198743 143
195875 144
202102 145
210131 146
221218 147
228762 148
236629 149
251850 150
266104 151
244649 152
212637 153
195445 154
197555 155
203763 156
214937 157
225886 158
232527 159
228183 160
219182 161
208235 162
207956 163
215342 164
231629 165
259336 166
289219 167
298636 168
282801 169
257496 170
240869 171
230832 172
238276 173
260632 174
295476 175
320028 176
331801 177
320668 178
297034 179
272973 180
254662 181
245350 182
248722 183
255508 184
275073 185
289046 186
300352 187
302059 188
295108 189
285137 190
273829 191
270620 192
273104 193
279985 194
287243 195
294336 196
299772 197
298353 198
294840 199
291007 200
290743 201
292040 202
294432 203
302179 204
307913 205
309125 206
308598 207
304161 208
298239 209
292435 210
291853 211
290986 212
297305 213
298781 214
304437 215
305551 216
303614 217
298292 218
292225 219
285505 220
281245 221
279318 222
280176 223
281456 224
283174 225
283294 226
282172 227
280023 228
274963 229
269143 230
266715 231
263299 232
258418 233
258824 234
259233 235
259076 236
257734 237
254928 238
249573 239
246243 240
241454 241
237574 242
237645 243
232105 244
231368 245
229185 246
227293 247
226032 248
222433 249
221047 250
216879 251
212298 252
208183 253
205748 254
205622 255
202127 256
202440 257
199775 258
195593 259
197533 260
190795 261
188535 262
185794 263
182106 264
180165 265
178239 266
177596 267
176256 268
174711 269
173771 270
170792 271
167919 272
166272 273
162027 274
160505 275
159885 276
158894 277
157675 278
156991 279
155135 280
153679 281
152271 282
150354 283
147115 284
145469 285
143813 286
142807 287
143191 288
143840 289
142196 290
142054 291
139197 292
137957 293
136469 294
134751 295
131772 296
132516 297
132346 298
132989 299
133399 300
132071 301
131230 302
129065 303
125959 304
125236 305
124170 306
124150 307
123775 308
125551 309
126109 310
125908 311
124682 312
123228 313
120530 314
118919 315
117634 316
117246 317
117050 318
117901 319
118760 320
119674 321
118396 322
116634 323
115461 324
114400 325
112574 326
112690 327
112045 328
112298 329
113694 330
112186 331
113130 332
112224 333
111397 334
109587 335
108461 336
108627 337
108180 338
107874 339
109153 340
108203 341
109140 342
109129 343
108131 344
107776 345
107273 346
105856 347
105768 348
105745 349
106435 350
105701 351
105233 352
107082 353
106787 354
105999 355
104808 356
105081 357
103650 358
104520 359
104530 360
105020 361
102882 362
103716 363
103143 364
103704 365
103915 366
102942 367
103664 368
103031 369
101825 370
102070 371
101696 372
101651 373
101802 374
100805 375
103121 376
101117 377
100634 378
100681 379
99933 380
100526 381
99878 382
100619 383
99028 384
99136 385
98198 386
99485 387
97590 388
97841 389
97731 390
97051 391
97639 392
96929 393
96657 394
95614 395
94936 396
94919 397
94623 398
94380 399
93100 400
93684 401
93598 402
93005 403
92929 404
91577 405
91476 406
91397 407
90447 408
90187 409
89468 410
90328 411
88659 412
88698 413
87944 414
87256 415
87740 416
86719 417
86020 418
86480 419
85115 420
84476 421
83872 422
83394 423
83282 424
82467 425
82206 426
82114 427
80205 428
79671 429
79344 430
78876 431
77939 432
77917 433
77785 434
76795 435
76814 436
75861 437
74690 438
74533 439
74956 440
72176 441
71881 442
71903 443
71131 444
71161 445
70287 446
69286 447
68978 448
68301 449
68086 450
66968 451
66644 452
66576 453
65459 454
64802 455
64220 456
64446 457
64039 458
63100 459
62511 460
61783 461
61911 462
61141 463
60396 464
60650 465
59651 466
59114 467
58820 468
58645 469
59113 470
58628 471
57585 472
56958 473
56767 474
56416 475
56266 476
57260 477
55093 478
55110 479
55140 480
53704 481
53771 482
53620 483
52706 484
52574 485
52205 486
52403 487
51353 488
51513 489
51073 490
50652 491
50138 492
50672 493
50936 494
49424 495
49596 496
48906 497
48669 498
48909 499
49022 500
47778 501
47598 502
47433 503
47246 504
47573 505
46673 506
46276 507
46244 508
45514 509
45978 510
45305 511
45529 512
45430 513
44819 514
44464 515
44400 516
44539 517
44217 518
44352 519
43735 520
44220 521
43906 522
43578 523
43117 524
42946 525
42883 526
43103 527
43281 528
42836 529
42635 530
42716 531
42435 532
41850 533
42358 534
42065 535
41577 536
41724 537
41819 538
41242 539
40660 540
40486 541
40799 542
40682 543
40979 544
40682 545
39954 546
39775 547
40017 548
39850 549
39692 550
39399 551
39544 552
39251 553
39288 554
39131 555
39175 556
39112 557
39465 558
38883 559
38583 560
37936 561
37987 562
37870 563
37743 564
37441 565
37796 566
37526 567
37360 568
37163 569
36911 570
37207 571
36894 572
37000 573
36925 574
36324 575
36768 576
36653 577
36200 578
36560 579
36103 580
35918 581
35674 582
35855 583
36246 584
35437 585
35357 586
35563 587
35446 588
34675 589
34491 590
35036 591
34460 592
34771 593
34184 594
34769 595
33793 596
33907 597
33834 598
33403 599
33163 600
33570 601
33120 602
32552 603
32924 604
32325 605
32007 606
31825 607
31505 608
31407 609
31867 610
31382 611
31618 612
30790 613
30630 614
30590 615
30117 616
30345 617
29626 618
29619 619
29539 620
29363 621
28862 622
29206 623
28613 624
28623 625
28219 626
28177 627
28035 628
27547 629
28047 630
27908 631
27558 632
27345 633
27306 634
26890 635
27179 636
26805 637
26718 638
26725 639
26651 640
26529 641
26858 642
27186 643
26484 644
26243 645
25697 646
25614 647
25647 648
24877 649
26095 650
24981 651
25054 652
25578 653
24486 654
24739 655
24117 656
23974 657
23699 658
23669 659
23955 660
23087 661
23403 662
23024 663
22974 664
23097 665
22801 666
22418 667
22033 668
22046 669
22194 670
21826 671
21592 672
21662 673
21468 674
21261 675
21185 676
21041 677
20824 678
20672 679
20554 680
20902 681
20934 682
20274 683
20441 684
19818 685
20197 686
19810 687
19627 688
19670 689
19829 690
19616 691
19731 692
19652 693
19636 694
19256 695
19488 696
19183 697
19497 698
19794 699
19300 700
20194 701
19398 702
19379 703
19304 704
19043 705
18689 706
18455 707
19467 708
18436 709
19412 710
18986 711
18403 712
18718 713
17986 714
18173 715
17887 716
18036 717
17921 718
17815 719
17747 720
17689 721
17337 722
17509 723
17342 724
16958 725
17209 726
16850 727
16880 728
16780 729
16779 730
16655 731
16544 732
16437 733
16540 734
16687 735
16222 736
16083 737
16393 738
16010 739
15775 740
16255 741
15829 742
16088 743
15729 744
15964 745
15798 746
15793 747
15653 748
15754 749
15270 750
15550 751
15371 752
15317 753
15521 754
15230 755
15482 756
15511 757
15345 758
15797 759
15487 760
15390 761
15485 762
14992 763
15017 764
14750 765
15146 766
14604 767
15483 768
14956 769
14678 770
15012 771
14498 772
14591 773
14197 774
14179 775
14195 776
14039 777
14032 778
14002 779
13480 780
13852 781
13541 782
13622 783
13392 784
13351 785
13145 786
13205 787
13081 788
12771 789
12987 790
12923 791
12598 792
12731 793
12744 794
12709 795
12551 796
12310 797
12589 798
12584 799
12267 800
12219 801
12217 802
12039 803
12101 804
11910 805
11990 806
11697 807
11587 808
11726 809
11743 810
11516 811
11524 812
11427 813
11394 814
11238 815
11218 816
11175 817
11488 818
11265 819
11379 820
11550 821
10936 822
11156 823
10884 824
11037 825
11782 826
11188 827
10897 828
11198 829
10770 830
10693 831
10889 832
10650 833
10409 834
10400 835
10393 836
10416 837
10381 838
10029 839
10000 840
9950 841
9886 842
9768 843
9539 844
9344 845
9592 846
9442 847
9575 848
9276 849
9342 850
9118 851
9085 852
9222 853
8896 854
9114 855
8973 856
8872 857
8701 858
8798 859
8820 860
8851 861
8608 862
8544 863
8417 864
8603 865
8372 866
8672 867
8487 868
8390 869
8391 870
8461 871
8643 872
8454 873
8190 874
8610 875
8304 876
8546 877
8456 878
8360 879
8345 880
8127 881
8150 882
8152 883
8375 884
8393 885
8578 886
8327 887
8137 888
7951 889
7740 890
7596 891
7665 892
7741 893
7752 894
7650 895
7684 896
7639 897
7617 898
7624 899
7199 900
7055 901
7115 902
7172 903
7099 904
7136 905
6916 906
6950 907
6892 908
6835 909
6838 910
6985 911
6867 912
6740 913
6576 914
6591 915
6651 916
6672 917
6652 918
6621 919
6668 920
6580 921
6380 922
6594 923
6691 924
6484 925
6624 926
6628 927
6495 928
6510 929
6251 930
6372 931
6574 932
6411 933
6444 934
6357 935
6366 936
6569 937
6370 938
6546 939
6213 940
6295 941
6399 942
6602 943
7078 944
6330 945
6151 946
6129 947
6060 948
6031 949
6159 950
6003 951
5967 952
5770 953
5955 954
5744 955
5771 956
5697 957
5583 958
5672 959
5530 960
5539 961
5456 962
5325 963
5266 964
5407 965
5309 966
5258 967
5003 968
5046 969
5163 970
5251 971
5066 972
5170 973
5122 974
4979 975
4956 976
4918 977
4942 978
4804 979
4907 980
4873 981
4964 982
4878 983
4863 984
4775 985
4901 986
4686 987
4752 988
4764 989
4688 990
4934 991
4793 992
5011 993
5231 994
4862 995
4832 996
4966 997
4999 998
4993 999
4869 1000
2994 1001
2888 1002
2909 1003
2805 1004
2781 1005
2741 1006
2742 1007
2747 1008
2645 1009
2694 1010
2634 1011
2604 1012
2606 1013
2700 1014
3143 1015
2404 1016
2836 1017
2826 1018
2486 1019
2422 1020
2307 1021
2178 1022
2234 1023
2120 1024
2168 1025
2066 1026
2034 1027
2034 1028
1919 1029
1947 1030
1850 1031
1832 1032
1855 1033
1728 1034
1625 1035
1757 1036
1801 1037
1767 1038
1730 1039
1744 1040
1747 1041
1737 1042
1674 1043
1705 1044
1774 1045
1740 1046
1663 1047
1647 1048
1669 1049
1604 1050
1601 1051
1587 1052
1574 1053
1582 1054
1541 1055
1496 1056
1537 1057
1587 1058
1504 1059
1442 1060
1498 1061
1468 1062
1354 1063
1485 1064
1511 1065
1475 1066
1432 1067
1383 1068
1431 1069
1353 1070
1399 1071
1377 1072
1385 1073
1422 1074
1357 1075
1350 1076
1271 1077
1282 1078
1320 1079
1228 1080
1235 1081
1225 1082
1254 1083
1251 1084
1261 1085
1210 1086
1238 1087
1180 1088
1174 1089
1167 1090
1187 1091
1154 1092
1134 1093
1108 1094
1200 1095
1098 1096
1170 1097
1080 1098
1093 1099
1137 1100
1115 1101
1051 1102
1042 1103
1059 1104
1068 1105
1106 1106
993 1107
1063 1108
1080 1109
1071 1110
1013 1111
1023 1112
980 1113
1038 1114
1046 1115
951 1116
973 1117
979 1118
1000 1119
941 1120
895 1121
962 1122
919 1123
902 1124
892 1125
909 1126
883 1127
909 1128
810 1129
818 1130
873 1131
923 1132
873 1133
893 1134
827 1135
877 1136
846 1137
809 1138
797 1139
765 1140
810 1141
821 1142
787 1143
793 1144
780 1145
776 1146
760 1147
763 1148
764 1149
734 1150
745 1151
717 1152
741 1153
763 1154
696 1155
712 1156
680 1157
699 1158
718 1159
647 1160
698 1161
685 1162
667 1163
639 1164
686 1165
650 1166
612 1167
682 1168
671 1169
653 1170
539 1171
592 1172
660 1173
627 1174
621 1175
600 1176
582 1177
590 1178
574 1179
593 1180
591 1181
515 1182
556 1183
548 1184
523 1185
548 1186
508 1187
506 1188
518 1189
564 1190
522 1191
546 1192
516 1193
484 1194
485 1195
503 1196
480 1197
487 1198
478 1199
512 1200
477 1201
489 1202
459 1203
467 1204
461 1205
468 1206
484 1207
471 1208
423 1209
437 1210
423 1211
411 1212
428 1213
444 1214
438 1215
437 1216
426 1217
414 1218
395 1219
419 1220
423 1221
404 1222
399 1223
393 1224
381 1225
434 1226
374 1227
356 1228
373 1229
372 1230
383 1231
335 1232
356 1233
361 1234
331 1235
317 1236
330 1237
372 1238
355 1239
334 1240
346 1241
340 1242
354 1243
335 1244
343 1245
354 1246
353 1247
332 1248
312 1249
345 1250
323 1251
290 1252
316 1253
304 1254
287 1255
279 1256
324 1257
281 1258
272 1259
284 1260
280 1261
297 1262
273 1263
281 1264
259 1265
264 1266
274 1267
287 1268
282 1269
254 1270
253 1271
281 1272
213 1273
252 1274
266 1275
256 1276
247 1277
217 1278
236 1279
239 1280
239 1281
243 1282
218 1283
214 1284
227 1285
237 1286
223 1287
230 1288
208 1289
212 1290
228 1291
232 1292
203 1293
218 1294
206 1295
218 1296
211 1297
216 1298
216 1299
204 1300
183 1301
216 1302
231 1303
197 1304
192 1305
190 1306
189 1307
207 1308
209 1309
195 1310
193 1311
205 1312
181 1313
188 1314
186 1315
171 1316
196 1317
182 1318
168 1319
186 1320
209 1321
170 1322
178 1323
172 1324
188 1325
172 1326
160 1327
153 1328
174 1329
157 1330
169 1331
165 1332
162 1333
151 1334
170 1335
152 1336
156 1337
141 1338
147 1339
166 1340
137 1341
154 1342
163 1343
151 1344
158 1345
180 1346
134 1347
132 1348
142 1349
131 1350
163 1351
156 1352
141 1353
136 1354
132 1355
144 1356
119 1357
137 1358
121 1359
123 1360
120 1361
126 1362
151 1363
137 1364
133 1365
145 1366
134 1367
136 1368
133 1369
123 1370
110 1371
114 1372
120 1373
122 1374
112 1375
129 1376
109 1377
139 1378
103 1379
103 1380
116 1381
94 1382
122 1383
114 1384
116 1385
136 1386
126 1387
101 1388
103 1389
131 1390
113 1391
106 1392
108 1393
120 1394
108 1395
114 1396
90 1397
116 1398
95 1399
98 1400
117 1401
103 1402
108 1403
93 1404
107 1405
111 1406
96 1407
86 1408
95 1409
93 1410
92 1411
100 1412
98 1413
90 1414
93 1415
92 1416
111 1417
91 1418
86 1419
90 1420
85 1421
99 1422
84 1423
83 1424
84 1425
73 1426
97 1427
70 1428
79 1429
91 1430
88 1431
88 1432
88 1433
77 1434
94 1435
81 1436
74 1437
60 1438
83 1439
80 1440
93 1441
75 1442
76 1443
67 1444
71 1445
69 1446
87 1447
78 1448
68 1449
71 1450
78 1451
75 1452
53 1453
78 1454
81 1455
73 1456
76 1457
93 1458
69 1459
83 1460
76 1461
58 1462
66 1463
67 1464
59 1465
71 1466
71 1467
55 1468
75 1469
72 1470
70 1471
66 1472
63 1473
68 1474
74 1475
77 1476
57 1477
68 1478
65 1479
57 1480
65 1481
69 1482
50 1483
70 1484
59 1485
68 1486
64 1487
67 1488
51 1489
60 1490
54 1491
52 1492
64 1493
74 1494
71 1495
49 1496
54 1497
54 1498
49 1499
53 1500
65 1501
61 1502
59 1503
57 1504
56 1505
59 1506
56 1507
51 1508
45 1509
56 1510
50 1511
43 1512
53 1513
65 1514
60 1515
46 1516
55 1517
50 1518
55 1519
51 1520
45 1521
51 1522
55 1523
61 1524
52 1525
51 1526
48 1527
40 1528
50 1529
44 1530
56 1531
46 1532
50 1533
53 1534
50 1535
41 1536
51 1537
50 1538
30 1539
50 1540
51 1541
51 1542
44 1543
47 1544
45 1545
49 1546
47 1547
54 1548
44 1549
63 1550
42 1551
48 1552
37 1553
50 1554
38 1555
47 1556
45 1557
41 1558
46 1559
54 1560
34 1561
47 1562
40 1563
56 1564
39 1565
42 1566
34 1567
53 1568
50 1569
48 1570
28 1571
36 1572
33 1573
31 1574
33 1575
40 1576
42 1577
39 1578
56 1579
40 1580
43 1581
33 1582
32 1583
33 1584
39 1585
33 1586
41 1587
24 1588
38 1589
34 1590
47 1591
40 1592
31 1593
49 1594
34 1595
32 1596
37 1597
37 1598
37 1599
32 1600
28 1601
33 1602
43 1603
34 1604
26 1605
36 1606
34 1607
34 1608
29 1609
37 1610
24 1611
37 1612
31 1613
22 1614
42 1615
32 1616
33 1617
30 1618
31 1619
54 1620
28 1621
25 1622
39 1623
39 1624
31 1625
37 1626
30 1627
33 1628
33 1629
19 1630
32 1631
33 1632
24 1633
32 1634
28 1635
25 1636
24 1637
21 1638
34 1639
29 1640
38 1641
28 1642
27 1643
26 1644
22 1645
27 1646
21 1647
44 1648
24 1649
21 1650
27 1651
26 1652
37 1653
18 1654
24 1655
34 1656
23 1657
27 1658
22 1659
24 1660
22 1661
21 1662
24 1663
28 1664
34 1665
31 1666
29 1667
34 1668
21 1669
25 1670
25 1671
15 1672
24 1673
30 1674
26 1675
27 1676
27 1677
25 1678
26 1679
23 1680
21 1681
26 1682
22 1683
34 1684
26 1685
24 1686
23 1687
28 1688
21 1689
28 1690
28 1691
28 1692
25 1693
29 1694
28 1695
23 1696
23 1697
26 1698
21 1699
32 1700
24 1701
22 1702
14 1703
27 1704
15 1705
22 1706
26 1707
23 1708
21 1709
25 1710
17 1711
19 1712
19 1713
26 1714
15 1715
23 1716
31 1717
28 1718
19 1719
17 1720
23 1721
17 1722
11 1723
30 1724
17 1725
18 1726
23 1727
20 1728
16 1729
18 1730
17 1731
21 1732
19 1733
13 1734
22 1735
12 1736
14 1737
16 1738
20 1739
23 1740
23 1741
19 1742
23 1743
19 1744
16 1745
18 1746
14 1747
28 1748
16 1749
16 1750
14 1751
23 1752
32 1753
15 1754
17 1755
14 1756
21 1757
16 1758
15 1759
26 1760
21 1761
23 1762
16 1763
16 1764
21 1765
20 1766
22 1767
18 1768
14 1769
11 1770
16 1771
21 1772
20 1773
24 1774
19 1775
19 1776
22 1777
18 1778
17 1779
22 1780
15 1781
19 1782
11 1783
14 1784
17 1785
14 1786
15 1787
19 1788
11 1789
11 1790
14 1791
16 1792
20 1793
25 1794
13 1795
9 1796
20 1797
19 1798
15 1799
22 1800
9 1801
10 1802
18 1803
14 1804
11 1805
11 1806
26 1807
17 1808
23 1809
13 1810
16 1811
11 1812
17 1813
10 1814
11 1815
16 1816
19 1817
15 1818
21 1819
18 1820
16 1821
15 1822
13 1823
20 1824
12 1825
15 1826
22 1827
15 1828
18 1829
17 1830
16 1831
16 1832
26 1833
16 1834
14 1835
14 1836
22 1837
20 1838
12 1839
9 1840
10 1841
13 1842
19 1843
14 1844
17 1845
13 1846
15 1847
19 1848
10 1849
9 1850
13 1851
11 1852
19 1853
9 1854
10 1855
11 1856
17 1857
11 1858
12 1859
16 1860
8 1861
10 1862
18 1863
10 1864
13 1865
6 1866
11 1867
12 1868
17 1869
7 1870
9 1871
13 1872
11 1873
17 1874
11 1875
18 1876
11 1877
13 1878
10 1879
18 1880
19 1881
13 1882
10 1883
9 1884
21 1885
9 1886
20 1887
14 1888
11 1889
16 1890
13 1891
18 1892
15 1893
7 1894
8 1895
9 1896
11 1897
9 1898
14 1899
15 1900
10 1901
9 1902
7 1903
9 1904
11 1905
12 1906
13 1907
6 1908
17 1909
15 1910
15 1911
10 1912
12 1913
15 1914
10 1915
7 1916
14 1917
14 1918
10 1919
19 1920
9 1921
12 1922
8 1923
9 1924
11 1925
10 1926
10 1927
6 1928
10 1929
15 1930
10 1931
6 1932
13 1933
8 1934
9 1935
11 1936
6 1937
13 1938
5 1939
10 1940
11 1941
9 1942
6 1943
16 1944
11 1945
14 1946
10 1947
14 1948
12 1949
13 1950
11 1951
16 1952
9 1953
12 1954
8 1955
9 1956
14 1957
12 1958
13 1959
12 1960
7 1961
6 1962
9 1963
10 1964
16 1965
9 1966
4 1967
14 1968
12 1969
8 1970
15 1971
11 1972
9 1973
7 1974
9 1975
15 1976
6 1977
8 1978
10 1979
11 1980
5 1981
10 1982
14 1983
11 1984
10 1985
9 1986
6 1987
11 1988
9 1989
7 1990
12 1991
6 1992
11 1993
6 1994
13 1995
10 1996
15 1997
13 1998
13 1999
9 2000
8 2001
14 2002
7 2003
12 2004
7 2005
12 2006
11 2007
10 2008
9 2009
8 2010
9 2011
10 2012
14 2013
11 2014
8 2015
8 2016
6 2017
9 2018
5 2019
9 2020
9 2021
6 2022
6 2023
7 2024
9 2025
13 2026
12 2027
8 2028
6 2029
6 2030
11 2031
14 2032
11 2033
11 2034
10 2035
6 2036
7 2037
7 2038
10 2039
12 2040
5 2041
10 2042
5 2043
8 2044
9 2045
6 2046
8 2047
8 2048
8 2049
7 2050
13 2051
6 2052
11 2053
10 2054
8 2055
5 2056
13 2057
11 2058
4 2059
6 2060
12 2061
11 2062
5 2063
10 2064
7 2065
9 2066
5 2067
3 2068
8 2069
13 2070
8 2071
6 2072
10 2073
5 2074
7 2075
8 2076
8 2077
8 2078
8 2079
6 2080
10 2081
7 2082
4 2083
7 2084
8 2085
10 2086
8 2087
11 2088
6 2089
8 2090
7 2091
10 2092
7 2093
6 2094
6 2095
5 2096
6 2097
7 2098
9 2099
9 2100
11 2101
5 2102
5 2103
5 2104
5 2105
9 2106
8 2107
6 2108
9 2109
10 2110
7 2111
7 2112
12 2113
4 2114
6 2115
5 2116
6 2117
11 2118
3 2119
19 2120
6 2121
9 2122
3 2123
11 2124
7 2125
12 2126
6 2127
7 2128
4 2129
5 2130
7 2131
7 2132
5 2133
1 2134
6 2135
12 2136
10 2137
7 2138
13 2139
7 2140
12 2141
5 2142
8 2143
3 2144
7 2145
5 2146
5 2147
7 2148
6 2149
3 2150
9 2151
5 2152
4 2153
5 2154
5 2155
8 2156
11 2157
1 2158
8 2159
8 2160
7 2161
3 2162
6 2163
9 2164
7 2165
5 2166
7 2167
4 2168
7 2169
5 2170
5 2171
5 2172
7 2173
7 2174
7 2175
10 2176
5 2177
7 2178
5 2179
5 2180
7 2181
4 2182
11 2183
5 2184
3 2185
6 2186
7 2187
9 2188
10 2189
4 2190
5 2191
7 2192
4 2193
3 2194
7 2195
14 2196
6 2197
6 2198
4 2199
10 2200
2 2201
5 2202
5 2203
5 2204
5 2205
3 2206
5 2207
6 2208
6 2209
7 2210
5 2211
7 2212
4 2213
5 2214
9 2215
6 2216
3 2217
2 2218
5 2219
3 2220
3 2221
5 2222
8 2223
3 2224
7 2225
8 2226
9 2227
5 2228
6 2229
4 2230
5 2231
12 2232
7 2233
5 2234
2 2235
5 2236
4 2237
7 2238
4 2239
6 2240
3 2241
11 2242
8 2243
5 2244
4 2245
2 2246
5 2247
6 2248
2 2249
3 2250
5 2251
3 2252
4 2253
6 2254
4 2255
1 2256
3 2257
4 2258
7 2259
6 2260
1 2261
6 2262
6 2263
3 2264
7 2265
7 2266
9 2267
6 2268
2 2269
5 2270
3 2271
6 2272
8 2273
2 2274
3 2275
3 2276
2 2277
4 2278
4 2279
7 2280
2 2281
8 2282
3 2283
3 2284
9 2285
2 2286
6 2287
4 2288
2 2289
4 2290
5 2291
8 2292
4 2293
6 2294
4 2295
5 2296
3 2297
5 2298
3 2299
7 2300
4 2301
4 2302
4 2303
7 2304
4 2305
6 2306
4 2307
3 2308
3 2309
9 2310
4 2311
3 2312
4 2313
6 2314
3 2315
4 2316
4 2317
4 2318
6 2319
5 2320
7 2321
3 2322
4 2323
7 2324
7 2325
8 2326
9 2327
4 2328
7 2329
4 2330
8 2331
5 2332
5 2333
5 2334
5 2335
2 2336
5 2337
4 2338
5 2339
8 2340
5 2341
2 2342
4 2343
3 2344
6 2345
4 2346
10 2347
2 2348
4 2349
4 2350
2 2351
5 2352
5 2353
5 2354
4 2355
4 2356
4 2357
2 2358
5 2359
3 2360
1 2361
2 2362
2 2363
3 2364
4 2365
5 2366
4 2367
4 2368
6 2369
5 2370
3 2371
3 2372
5 2373
2 2374
2 2375
1 2377
1 2378
3 2379
6 2380
2 2381
6 2382
5 2383
3 2384
5 2385
2 2386
3 2387
4 2388
3 2389
3 2390
2 2391
3 2392
4 2393
4 2394
2 2395
4 2396
3 2397
7 2398
2 2399
7 2400
2 2401
6 2402
2 2403
6 2404
2 2405
3 2406
4 2407
2 2408
2 2409
1 2410
3 2411
2 2412
3 2413
1 2414
3 2415
1 2416
5 2417
2 2418
4 2419
3 2420
2 2421
3 2422
4 2423
4 2424
2 2425
3 2426
7 2427
4 2428
4 2429
2 2430
2 2431
3 2432
2 2433
2 2434
3 2435
2 2436
3 2437
4 2438
6 2439
5 2440
1 2441
7 2442
2 2443
2 2444
3 2445
4 2446
3 2447
3 2448
4 2449
6 2450
4 2451
5 2453
3 2454
2 2455
4 2456
1 2457
2 2458
1 2459
3 2460
3 2461
3 2462
1 2463
1 2464
2 2465
3 2466
1 2467
4 2468
2 2469
1 2470
3 2471
5 2472
2 2473
4 2474
4 2475
1 2476
2 2477
3 2478
2 2479
3 2480
1 2481
2 2482
2 2483
2 2484
3 2485
4 2487
2 2488
4 2489
5 2490
3 2491
2 2492
2 2493
2 2494
1 2495
3 2497
3 2499
4 2501
4 2502
1 2503
3 2504
2 2505
3 2507
1 2508
2 2509
2 2510
4 2511
5 2512
2 2513
4 2514
1 2515
2 2516
2 2517
3 2518
2 2519
2 2520
3 2522
5 2523
3 2524
3 2525
4 2526
1 2527
3 2528
2 2529
3 2530
4 2531
2 2533
5 2534
3 2535
3 2536
1 2537
2 2538
4 2539
4 2540
3 2541
2 2542
4 2543
2 2544
5 2546
3 2547
2 2548
1 2549
2 2550
2 2551
3 2552
3 2553
4 2554
1 2556
5 2557
2 2559
2 2560
3 2561
4 2562
2 2563
2 2564
3 2565
2 2566
2 2567
1 2568
1 2569
4 2570
1 2571
2 2573
2 2574
4 2575
5 2577
3 2578
5 2579
2 2580
4 2582
2 2583
5 2584
2 2587
7 2588
2 2589
2 2590
1 2591
3 2592
2 2593
1 2595
2 2596
4 2597
1 2598
1 2599
4 2600
4 2601
3 2603
4 2604
2 2605
3 2606
3 2607
4 2608
6 2609
1 2610
2 2611
1 2612
1 2614
2 2615
1 2617
2 2619
2 2620
1 2622
3 2623
4 2624
2 2625
6 2627
3 2628
3 2630
2 2631
4 2632
6 2633
3 2634
1 2635
2 2637
1 2638
2 2639
5 2640
1 2641
1 2642
1 2643
4 2644
2 2645
3 2646
1 2647
1 2648
2 2649
5 2650
8 2651
1 2652
4 2653
1 2654
1 2655
2 2656
5 2657
2 2658
2 2659
2 2660
6 2661
4 2662
4 2663
2 2665
1 2666
2 2668
1 2669
2 2670
4 2671
3 2672
1 2673
2 2674
3 2675
1 2676
3 2677
1 2678
1 2679
4 2680
1 2681
3 2682
2 2684
3 2685
1 2686
1 2687
2 2688
4 2689
1 2690
6 2691
2 2692
2 2693
2 2694
2 2696
3 2697
2 2698
2 2699
2 2700
3 2701
1 2702
1 2703
2 2704
2 2705
2 2706
2 2708
2 2709
1 2710
2 2711
2 2712
2 2713
2 2714
3 2715
3 2716
2 2718
4 2719
1 2720
1 2721
2 2722
2 2723
5 2724
1 2725
3 2727
2 2728
3 2729
1 2730
2 2732
8 2733
3 2734
5 2735
1 2736
3 2738
3 2739
2 2740
3 2741
1 2742
1 2743
3 2745
4 2746
2 2747
3 2749
1 2750
4 2752
1 2753
4 2754
1 2755
1 2757
1 2758
1 2759
2 2762
2 2763
1 2764
1 2765
2 2766
2 2767
3 2768
1 2771
1 2772
1 2773
2 2774
1 2776
1 2778
1 2779
3 2780
3 2782
3 2783
2 2786
1 2787
2 2788
3 2789
1 2790
1 2791
1 2792
2 2794
2 2795
1 2796
2 2797
1 2798
1 2799
1 2800
2 2801
1 2802
2 2803
1 2804
4 2806
2 2808
3 2809
1 2810
1 2811
3 2813
1 2814
1 2816
3 2817
2 2818
4 2819
3 2820
4 2822
1 2823
2 2824
1 2827
2 2831
1 2832
3 2833
2 2834
1 2836
1 2837
3 2838
1 2839
2 2840
2 2841
1 2843
1 2844
1 2845
1 2848
1 2849
1 2850
2 2852
2 2853
2 2855
1 2856
2 2857
5 2858
2 2859
2 2860
1 2861
1 2862
1 2863
2 2865
1 2866
4 2867
2 2868
3 2869
2 2871
1 2872
2 2873
3 2874
1 2875
3 2876
1 2878
4 2879
1 2880
1 2882
1 2883
1 2884
4 2885
2 2886
1 2887
2 2890
1 2891
1 2893
4 2894
2 2896
2 2899
2 2900
2 2902
1 2903
1 2904
4 2905
2 2906
1 2907
3 2908
2 2909
1 2911
1 2913
1 2914
1 2915
2 2917
1 2918
2 2919
2 2920
1 2921
1 2922
1 2923
3 2924
1 2925
2 2927
1 2928
1 2931
3 2932
1 2933
1 2935
1 2936
2 2937
2 2938
1 2939
1 2941
3 2942
3 2944
1 2947
1 2949
2 2950
2 2951
1 2953
1 2955
3 2956
1 2957
2 2958
4 2960
1 2963
1 2966
1 2968
1 2969
1 2973
1 2974
3 2975
6 2976
3 2978
1 2979
1 2980
3 2982
2 2984
2 2985
2 2987
1 2988
4 2989
2 2994
1 2995
1 2997
6 2998
3 2999
3 3000
3 3002
3 3003
4 3004
2 3005
3 3006
3 3007
1 3008
1 3009
1 3013
1 3015
1 3017
2 3018
3 3020
1 3022
1 3023
1 3024
3 3025
1 3026
2 3027
3 3028
1 3029
1 3030
1 3031
3 3032
2 3033
2 3035
1 3036
2 3037
3 3039
1 3041
1 3043
2 3044
1 3045
2 3046
1 3047
2 3048
4 3049
2 3050
1 3051
1 3053
1 3054
2 3055
2 3056
1 3057
1 3058
2 3059
1 3062
3 3063
1 3065
1 3066
1 3067
2 3068
1 3071
1 3072
2 3073
1 3074
1 3075
1 3076
3 3079
2 3082
1 3083
3 3085
4 3086
2 3088
3 3091
1 3092
2 3094
1 3095
2 3096
3 3097
2 3098
1 3102
1 3103
5 3106
1 3107
3 3108
5 3109
1 3111
3 3112
1 3113
1 3114
2 3116
2 3117
1 3118
1 3119
1 3121
2 3123
2 3124
1 3125
1 3126
3 3128
3 3130
1 3134
1 3135
1 3137
3 3138
2 3139
2 3140
1 3141
2 3142
2 3145
2 3146
1 3147
2 3148
2 3149
1 3150
1 3152
2 3153
2 3159
6 3161
2 3163
4 3165
2 3166
2 3167
3 3168
2 3169
2 3170
1 3171
1 3173
1 3174
2 3175
2 3176
1 3177
2 3180
1 3182
1 3183
1 3184
2 3185
1 3186
2 3188
1 3189
1 3190
2 3192
1 3195
1 3196
4 3197
2 3198
1 3199
1 3200
3 3201
2 3202
1 3204
1 3208
1 3209
2 3210
1 3211
2 3212
1 3213
1 3214
1 3215
1 3217
1 3218
1 3219
1 3220
1 3221
2 3222
1 3223
4 3224
1 3225
1 3227
3 3230
1 3231
1 3232
1 3234
1 3238
1 3239
2 3240
4 3242
1 3245
2 3246
1 3248
2 3250
1 3251
1 3252
1 3253
3 3255
1 3256
2 3257
2 3258
1 3260
1 3262
1 3263
3 3265
1 3266
5 3267
1 3268
2 3270
1 3274
2 3275
1 3276
2 3277
4 3279
1 3281
4 3282
4 3283
3 3284
1 3285
3 3286
1 3287
1 3290
2 3291
2 3292
2 3293
3 3295
1 3296
1 3298
1 3300
1 3301
3 3302
1 3304
3 3305
1 3307
3 3309
2 3310
2 3311
1 3312
2 3314
2 3315
1 3316
2 3317
4 3318
2 3319
4 3320
6 3322
2 3323
2 3324
4 3325
1 3326
3 3327
1 3328
4 3331
1 3333
1 3334
2 3335
3 3336
1 3337
2 3338
3 3339
2 3341
1 3342
4 3343
1 3344
1 3345
3 3346
1 3347
3 3348
1 3349
2 3350
1 3351
2 3352
2 3355
6 3357
1 3358
1 3361
6 3362
1 3363
2 3364
3 3366
1 3367
1 3368
3 3369
1 3370
1 3371
4 3373
2 3374
3 3375
2 3376
3 3377
1 3378
2 3380
1 3381
1 3382
2 3383
2 3384
3 3385
3 3386
3 3387
1 3388
2 3389
1 3391
3 3392
1 3393
1 3394
5 3395
1 3397
3 3398
2 3402
5 3404
2 3405
2 3406
2 3408
1 3410
1 3411
3 3412
5 3415
1 3416
1 3417
1 3418
1 3419
3 3420
4 3421
1 3422
2 3423
3 3424
2 3425
1 3428
2 3429
4 3430
1 3431
5 3432
2 3434
3 3435
1 3439
1 3440
2 3442
1 3443
2 3444
1 3445
7 3447
2 3448
1 3449
1 3450
1 3452
1 3453
2 3454
2 3456
1 3459
1 3460
3 3461
2 3463
2 3466
4 3469
4 3470
2 3471
2 3472
1 3473
3 3474
1 3476
3 3477
2 3478
1 3479
1 3481
1 3482
2 3483
1 3485
2 3486
1 3487
2 3488
1 3489
1 3490
3 3491
1 3492
4 3493
1 3498
2 3499
3 3500
1 3502
1 3503
3 3504
2 3505
1 3506
1 3507
2 3508
3 3509
2 3511
2 3513
5 3514
1 3515
1 3516
3 3517
1 3518
3 3519
1 3520
1 3521
1 3522
1 3523
1 3524
2 3528
1 3529
1 3530
1 3531
4 3532
2 3533
3 3534
5 3535
3 3536
2 3537
1 3538
1 3541
3 3542
1 3543
1 3546
2 3548
3 3549
2 3551
1 3553
1 3555
1 3556
1 3557
2 3558
1 3565
2 3567
1 3570
1 3571
3 3573
1 3574
1 3575
1 3576
3 3579
1 3581
2 3583
2 3584
1 3585
1 3587
1 3588
1 3590
2 3592
1 3593
2 3594
1 3597
1 3601
2 3603
2 3605
2 3606
3 3607
1 3608
3 3609
4 3610
1 3612
2 3614
2 3615
1 3616
1 3617
2 3618
2 3623
1 3624
4 3625
1 3626
1 3627
2 3628
1 3629
1 3630
3 3631
1 3633
2 3635
1 3639
2 3640
2 3641
1 3646
1 3648
1 3651
2 3653
1 3654
1 3655
1 3657
4 3660
1 3661
1 3663
3 3665
1 3666
5 3668
1 3669
1 3670
1 3672
4 3675
2 3676
1 3678
1 3679
1 3680
1 3681
1 3682
5 3683
1 3684
2 3686
2 3688
1 3690
2 3692
2 3699
2 3700
1 3702
1 3703
1 3704
1 3708
1 3712
1 3713
1 3715
1 3717
1 3719
2 3720
1 3722
2 3724
3 3725
2 3726
1 3727
1 3728
2 3729
2 3731
2 3733
1 3737
1 3738
2 3739
2 3740
1 3741
1 3742
1 3743
3 3746
1 3748
1 3749
1 3750
1 3751
2 3752
2 3756
3 3758
1 3759
2 3760
3 3762
4 3764
1 3767
2 3768
3 3769
2 3771
2 3772
1 3773
1 3776
2 3778
2 3782
1 3783
2 3784
1 3785
2 3786
1 3787
1 3788
1 3791
1 3796
1 3797
1 3798
1 3799
2 3801
2 3802
1 3803
1 3807
1 3808
1 3810
1 3812
1 3813
1 3818
1 3820
2 3821
2 3823
3 3824
1 3825
1 3833
4 3834
2 3837
4 3838
2 3839
1 3840
2 3842
1 3843
2 3844
1 3846
1 3847
1 3849
1 3851
1 3853
2 3854
2 3855
1 3859
1 3860
1 3861
2 3862
1 3864
1 3865
1 3866
1 3871
1 3873
3 3874
1 3875
1 3876
1 3877
1 3878
3 3881
2 3884
1 3886
1 3887
2 3889
1 3890
1 3891
2 3892
1 3898
4 3899
1 3905
2 3907
1 3908
1 3909
1 3910
2 3911
1 3913
1 3914
1 3915
1 3918
1 3920
2 3923
2 3924
2 3926
2 3928
2 3931
1 3933
1 3934
2 3937
1 3938
1 3939
1 3941
2 3942
1 3943
1 3947
1 3951
1 3952
1 3953
1 3955
1 3958
1 3962
1 3965
3 3967
1 3986
1 3987
1 3990
1 3994
1 3996
1 3997
2 3998
2 3999
2 4002
2 4003
2 4004
1 4005
1 4008
1 4013
2 4014
2 4015
2 4016
2 4018
1 4022
1 4025
1 4028
1 4030
1 4036
2 4040
1 4043
1 4049
2 4052
1 4054
1 4056
2 4057
1 4058
1 4059
1 4060
1 4062
1 4065
1 4069
1 4071
1 4073
2 4074
1 4075
2 4080
1 4083
1 4089
1 4090
1 4095
1 4101
1 4105
1 4106
1 4107
1 4108
1 4110
1 4115
1 4117
3 4119
2 4121
2 4123
1 4125
2 4126
1 4127
1 4130
1 4131
1 4134
1 4140
1 4142
1 4143
1 4144
1 4148
1 4150
1 4151
2 4154
2 4155
1 4158
1 4160
1 4163
1 4164
1 4168
1 4169
1 4170
1 4171
1 4175
1 4176
1 4177
1 4179
2 4185
1 4190
1 4196
1 4197
1 4198
1 4209
1 4214
1 4217
2 4218
2 4219
1 4225
1 4230
1 4232
1 4233
1 4234
1 4241
1 4244
1 4247
1 4249
1 4250
1 4252
2 4261
1 4264
1 4269
1 4277
1 4285
1 4286
1 4292
1 4303
1 4304
1 4306
2 4319
1 4324
3 4325
1 4329
2 4330
1 4334
1 4336
1 4340
1 4346
1 4348
1 4349
1 4378
1 4386
3 4399
2 4400
1 4404
1 4406
1 4408
1 4409
1 4415
1 4419
1 4420
1 4424
2 4434
1 4442
2 4448
1 4450
1 4454
1 4462
1 4464
1 4470
1 4478
4 4484
1 4501
2 4504
1 4515
1 4516
1 4520
3 4523
1 4530
2 4544
1 4545
1 4550
2 4551
2 4555
1 4561
2 4565
1 4573
1 4577
1 4580
2 4587
1 4597
1 4600
1 4604
1 4610
2 4611
1 4613
2 4629
1 4630
1 4631
1 4633
2 4641
1 4646
1 4647
1 4651
2 4652
1 4670
1 4673
1 4678
1 4685
1 4692
2 4704
1 4709
1 4711
2 4717
2 4718
1 4719
1 4722
1 4726
1 4729
2 4739
1 4763
1 4765
1 4766
1 4769
1 4775
2 4791
1 4792
3 4795
1 4803
1 4804
2 4806
1 4808
1 4810
1 4813
1 4818
1 4829
1 4830
1 4833
1 4839
1 4841
1 4844
1 4849
1 4851
1 4856
1 4857
1 4860
2 4863
1 4864
1 4874
1 4876
2 4881
1 4890
1 4899
1 4907
1 4910
1 4912
1 4929
1 4933
1 4934
1 4943
1 4949
2 4950
1 4951
1 4955
1 4975
1 4977
1 4978
1 4988
1 4990
2 5005
2 5007
1 5013
1 5014
3 5015
1 5020
1 5022
1 5027
2 5033
1 5035
1 5037
1 5038
1 5045
1 5054
4 5061
1 5062
1 5066
1 5071
1 5073
1 5074
1 5076
1 5080
2 5081
1 5082
1 5086
2 5091
1 5093
1 5094
1 5098
3 5102
2 5105
1 5107
1 5109
1 5110
1 5114
1 5115
1 5116
2 5127
1 5129
1 5153
2 5160
1 5164
2 5167
1 5168
1 5172
1 5185
1 5189
2 5191
1 5193
1 5201
1 5203
1 5205
1 5209
1 5211
1 5222
1 5229
2 5231
1 5234
2 5235
1 5237
1 5239
1 5245
1 5255
1 5256
2 5258
1 5259
1 5260
1 5268
1 5271
1 5274
3 5275
1 5282
1 5291
1 5293
1 5299
1 5302
1 5309
2 5314
1 5335
2 5338
2 5339
1 5345
2 5346
1 5349
1 5350
1 5352
1 5356
1 5358
1 5359
2 5361
1 5362
1 5366
2 5368
2 5371
4 5372
1 5373
3 5377
2 5381
1 5385
2 5386
1 5392
1 5405
1 5407
2 5414
1 5415
1 5417
1 5419
1 5420
2 5422
1 5431
1 5433
1 5434
2 5438
1 5440
2 5445
1 5446
1 5448
1 5461
1 5462
1 5463
2 5464
2 5467
1 5472
1 5475
1 5477
1 5480
1 5482
1 5484
1 5491
1 5497
1 5502
1 5506
1 5507
2 5508
1 5509
1 5514
1 5527
1 5528
1 5532
1 5535
3 5538
1 5543
2 5547
1 5548
2 5550
1 5551
2 5553
2 5558
1 5559
1 5562
1 5563
1 5565
1 5567
1 5569
2 5573
1 5575
1 5578
5 5580
1 5585
1 5588
1 5589
1 5591
2 5592
3 5593
1 5597
1 5600
1 5601
1 5606
2 5611
1 5621
1 5626
1 5627
1 5629
2 5631
1 5632
2 5633
2 5635
1 5637
2 5640
2 5641
2 5650
2 5653
1 5654
2 5655
2 5656
1 5660
1 5668
1 5679
1 5684
1 5685
4 5690
1 5691
1 5693
1 5694
1 5697
1 5698
1 5699
2 5702
2 5703
1 5704
3 5705
1 5707
2 5708
1 5712
1 5716
1 5718
1 5720
1 5721
1 5723
2 5726
2 5727
1 5728
2 5730
1 5732
1 5734
1 5739
2 5743
1 5750
1 5751
3 5754
1 5757
1 5759
2 5763
1 5764
1 5766
1 5773
3 5774
1 5778
2 5779
1 5780
1 5781
1 5782
1 5787
1 5788
1 5789
1 5793
2 5804
1 5806
2 5807
1 5815
1 5817
1 5823
1 5824
1 5826
1 5827
2 5829
2 5832
1 5833
1 5835
3 5839
2 5844
2 5845
1 5849
2 5852
3 5853
1 5858
2 5859
1 5861
1 5866
1 5867
1 5868
1 5870
2 5875
1 5878
3 5879
1 5886
1 5895
2 5896
3 5898
1 5899
2 5901
1 5902
2 5903
2 5908
1 5909
1 5916
1 5921
1 5922
1 5923
3 5924
1 5926
1 5929
2 5931
1 5937
1 5940
3 5941
1 5943
2 5946
1 5948
1 5951
2 5955
1 5956
1 5958
2 5959
1 5964
1 5965
1 5966
1 5968
1 5971
2 5976
2 5979
1 5993
1 6006
1 6010
2 6012
1 6022
1 6028
1 6047
1 6060
2 6061
1 6064
1 6090
1 6092
1 6103
1 6105
1 6117
1 6120
1 6122
1 6123
1 6128
1 6143
1 6147
1 6152
1 6157
1 6162
1 6168
1 6181
1 6190
1 6191
1 6197
1 6209
1 6211
1 6212
1 6217
1 6221
1 6222
1 6225
1 6229
1 6239
1 6246
1 6250
2 6251
1 6261
1 6264
1 6277
1 6284
1 6285
1 6287
2 6290
1 6292
1 6295
1 6298
1 6300
1 6303
1 6305
1 6307
2 6323
1 6325
1 6336
1 6337
1 6339
1 6341
1 6346
2 6348
1 6354
1 6358
1 6360
1 6362
1 6373
2 6375
1 6377
1 6383
2 6385
1 6386
1 6390
1 6396
1 6397
2 6399
1 6403
1 6409
1 6410
1 6413
1 6415
1 6425
1 6427
1 6428
2 6430
1 6432
1 6437
1 6440
1 6442
1 6444
1 6445
1 6446
1 6447
1 6450
3 6454
1 6456
1 6457
2 6460
3 6462
2 6467
1 6469
1 6473
1 6475
1 6477
3 6486
1 6488
1 6495
2 6497
2 6502
2 6503
1 6504
1 6507
1 6508
3 6510
1 6515
2 6516
2 6518
2 6519
4 6520
1 6522
1 6524
2 6526
1 6530
1 6531
4 6534
1 6538
4 6540
1 6542
3 6546
2 6547
1 6548
2 6549
1 6550
1 6551
1 6552
2 6558
2 6559
2 6562
1 6566
1 6567
2 6570
1 6571
1 6572
3 6573
3 6575
1 6577
2 6578
1 6580
1 6582
2 6584
3 6589
1 6590
1 6591
1 6593
1 6594
3 6595
1 6597
6 6598
1 6599
1 6601
5 6604
3 6605
1 6606
3 6608
1 6609
2 6610
1 6611
1 6612
2 6614
2 6615
3 6617
3 6618
3 6619
2 6620
2 6621
1 6622
1 6623
5 6624
3 6626
5 6627
2 6628
4 6629
1 6630
3 6631
2 6632
2 6634
6 6639
3 6640
3 6641
1 6642
2 6643
1 6645
1 6646
4 6647
3 6649
4 6650
3 6651
3 6653
1 6654
2 6655
2 6656
5 6657
4 6658
2 6659
5 6660
1 6662
1 6663
1 6664
2 6665
1 6666
2 6667
3 6668
6 6669
1 6670
2 6671
2 6674
1 6675
2 6676
1 6678
1 6680
1 6683
2 6684
2 6686
4 6687
1 6688
1 6689
1 6690
2 6693
1 6694
1 6696
3 6697
3 6699
1 6700
2 6701
2 6703
1 6705
1 6707
3 6710
1 6711
1 6712
3 6715
1 6716
1 6717
2 6718
1 6719
4 6720
1 6722
1 6725
3 6726
2 6728
3 6729
1 6731
4 6732
3 6733
2 6735
1 6736
2 6738
1 6739
1 6740
1 6741
1 6743
3 6744
1 6745
1 6746
1 6747
1 6748
1 6752
6 6754
1 6755
1 6757
1 6760
1 6761
2 6762
1 6766
1 6767
3 6768
2 6769
1 6770
1 6772
1 6773
1 6774
1 6775
1 6776
1 6777
1 6778
3 6779
1 6780
3 6781
1 6782
1 6783
3 6785
2 6786
1 6787
2 6788
3 6789
1 6791
2 6793
1 6794
2 6795
1 6797
1 6798
2 6799
3 6801
1 6802
3 6803
1 6804
1 6806
1 6808
1 6809
1 6810
2 6811
2 6812
2 6813
2 6814
1 6815
2 6818
2 6821
2 6822
2 6823
3 6824
1 6825
4 6826
2 6829
2 6830
3 6833
2 6834
2 6836
1 6837
1 6838
1 6839
1 6840
1 6841
1 6842
3 6843
2 6844
1 6845
2 6846
1 6847
1 6849
1 6850
2 6852
1 6854
2 6855
2 6856
1 6857
1 6859
4 6861
2 6864
2 6865
1 6866
2 6870
1 6872
2 6874
2 6876
1 6878
1 6880
1 6881
1 6882
1 6883
1 6884
2 6886
3 6887
1 6888
6 6891
2 6892
2 6894
2 6902
1 6903
2 6904
4 6906
1 6907
1 6908
2 6910
1 6911
3 6912
1 6914
1 6916
2 6917
3 6918
2 6919
1 6922
3 6923
1 6924
2 6925
2 6926
3 6927
1 6928
1 6929
2 6930
2 6932
2 6933
1 6934
3 6938
2 6941
2 6942
3 6943
1 6945
1 6947
2 6948
1 6949
2 6950
1 6952
1 6953
1 6955
1 6956
1 6957
1 6958
3 6959
5 6960
2 6961
1 6962
3 6963
1 6965
1 6966
1 6967
1 6968
1 6969
3 6970
1 6972
1 6975
1 6976
2 6979
2 6980
2 6982
1 6990
1 6991
1 6992
4 6993
3 6996
1 6997
1 6998
1 6999
2 7000
1 7001
1 7002
2 7003
1 7005
1 7007
2 7009
4 7012
1 7014
2 7015
1 7017
1 7019
1 7021
1 7023
1 7025
2 7026
2 7027
1 7030
1 7032
1 7034
1 7036
2 7037
1 7040
1 7041
1 7042
1 7044
1 7046
1 7047
3 7048
2 7049
1 7051
1 7053
1 7054
1 7059
2 7060
2 7062
1 7063
1 7067
2 7068
1 7071
1 7072
4 7073
1 7074
1 7075
2 7076
1 7077
1 7079
1 7080
2 7081
1 7084
2 7086
5 7087
1 7090
1 7091
2 7093
1 7094
1 7095
1 7097
2 7098
2 7101
1 7105
1 7106
3 7107
1 7108
1 7111
1 7112
1 7113
1 7114
1 7120
1 7122
1 7123
1 7124
1 7125
2 7131
2 7133
1 7135
2 7136
1 7139
1 7140
1 7142
1 7143
2 7145
2 7148
2 7150
1 7151
1 7152
3 7155
2 7158
1 7159
2 7160
3 7162
2 7165
2 7166
1 7168
4 7170
1 7172
1 7173
3 7174
1 7177
2 7178
1 7184
4 7185
2 7186
2 7188
1 7189
2 7190
2 7191
3 7197
1 7199
1 7200
1 7203
2 7204
1 7209
1 7211
2 7213
2 7214
1 7216
1 7217
1 7218
1 7219
1 7222
2 7223
1 7224
2 7225
1 7227
1 7229
1 7231
1 7233
2 7234
3 7238
2 7239
1 7243
2 7245
2 7246
4 7247
1 7248
1 7249
1 7251
1 7253
1 7254
1 7255
2 7256
3 7258
3 7260
1 7264
1 7266
1 7268
1 7270
1 7271
1 7274
4 7275
3 7276
3 7278
1 7280
1 7281
1 7283
2 7285
4 7288
3 7290
1 7293
2 7294
2 7296
1 7297
3 7298
1 7299
1 7300
3 7302
4 7304
2 7307
1 7308
2 7310
5 7312
2 7313
1 7315
1 7316
1 7317
2 7318
2 7321
3 7327
1 7328
1 7329
2 7330
2 7332
3 7333
1 7334
5 7336
3 7337
3 7338
1 7340
4 7341
1 7342
1 7343
4 7344
4 7345
1 7346
1 7347
1 7348
1 7350
1 7351
2 7355
1 7356
2 7358
2 7359
5 7360
1 7362
5 7363
1 7364
3 7365
1 7366
2 7367
2 7368
1 7369
4 7370
2 7371
3 7372
2 7375
2 7377
2 7378
1 7379
3 7380
1 7381
1 7382
3 7384
5 7385
4 7387
1 7388
3 7389
4 7390
3 7391
1 7393
1 7395
4 7396
2 7397
1 7398
2 7399
1 7400
1 7401
1 7405
1 7406
1 7408
2 7413
1 7414
2 7415
1 7416
1 7417
2 7418
1 7419
1 7420
4 7422
1 7423
3 7424
2 7425
3 7426
5 7427
2 7428
2 7429
1 7430
1 7432
2 7433
2 7434
5 7435
1 7436
2 7437
2 7438
1 7443
1 7444
4 7446
2 7447
3 7448
1 7449
2 7450
2 7453
1 7454
3 7455
1 7456
2 7457
1 7458
1 7460
2 7461
1 7464
3 7465
3 7466
1 7467
1 7468
1 7470
1 7471
1 7472
1 7473
3 7474
1 7475
2 7477
2 7478
3 7479
1 7482
1 7485
2 7486
2 7492
1 7494
1 7495
1 7496
2 7497
1 7499
2 7500
1 7502
2 7503
1 7504
2 7507
3 7509
2 7510
2 7512
6 7513
3 7514
1 7515
1 7517
3 7518
1 7519
2 7520
1 7522
4 7524
1 7527
1 7528
1 7530
1 7531
4 7533
3 7534
1 7535
1 7536
2 7537
1 7538
2 7539
1 7544
1 7545
1 7553
2 7554
1 7556
2 7557
2 7559
1 7560
2 7561
1 7562
1 7563
3 7564
1 7567
1 7569
3 7570
1 7571
1 7572
1 7573
1 7574
1 7575
1 7576
3 7581
1 7585
3 7589
2 7590
1 7592
1 7593
1 7597
2 7598
1 7599
1 7600
1 7602
3 7603
1 7605
2 7607
1 7609
1 7612
1 7614
1 7617
1 7621
1 7622
1 7623
2 7624
1 7625
1 7628
1 7630
2 7633
1 7635
4 7636
1 7641
1 7644
1 7647
1 7649
1 7650
1 7651
1 7652
1 7653
2 7656
1 7659
1 7660
1 7662
1 7664
2 7667
1 7671
1 7672
2 7677
1 7678
1 7679
1 7680
1 7681
1 7683
1 7684
1 7687
1 7691
1 7692
1 7693
1 7694
2 7696
1 7697
1 7699
2 7704
1 7709
1 7711
1 7714
1 7719
1 7720
1 7728
1 7729
2 7730
1 7732
1 7733
1 7737
1 7739
1 7740
1 7741
2 7742
1 7744
1 7747
1 7748
1 7755
1 7756
1 7758
2 7759
1 7760
1 7764
2 7770
1 7771
2 7774
1 7776
1 7777
1 7781
2 7783
1 7785
2 7786
2 7789
1 7796
2 7800
1 7801
1 7805
2 7808
1 7816
2 7820
1 7821
1 7823
3 7827
1 7831
1 7832
1 7833
1 7841
4 7845
1 7846
1 7847
2 7853
1 7854
1 7855
1 7863
1 7870
1 7873
1 7876
1 7878
1 7880
1 7883
1 7889
1 7890
1 7893
1 7897
1 7900
1 7901
1 7908
1 7910
1 7914
1 7915
1 7917
2 7926
2 7929
1 7936
1 7941
1 7946
1 7955
1 7957
1 7958
2 7961
2 7969
1 7972
1 7981
5 7985
2 7986
1 7989
1 7992
1 7998
1 8010
1 8018
1 8032
1 8039
1 8046
1 8049
1 8052
1 8061
2 8067
1 8070
2 8095
1 8097
1 8107
1 8121
1 8124
1 8128
1 8132
1 8135
1 8142
1 8145
1 8149
1 8152
1 8166
1 8171
1 8180
1 8184
1 8190
1 8213
1 8214
2 8246
1 8257
1 8261
2 8262
1 8274
1 8277
1 8294
1 8312
1 8313
2 8316
2 8318
1 8324
1 8338
1 8341
2 8354
1 8415
1 8424
1 8429
1 8459
2 8483
1 8516
1 8546
1 8550
2 8570
1 8589
1 8592
1 8614
1 8629
1 8630
1 8643
1 8648
1 8681
1 8686
1 8702
1 8708
1 8729
1 8738
1 8824
1 8842
1 8851
1 8914
1 8916
1 8955
1 8960
1 8971
2 8977
2 8980
1 8990
1 8994
1 9002
1 9010
1 9020
1 9035
1 9036
1 9079
2 9083
1 9093
1 9145
1 9146
1 9167
1 9183
1 9218
1 9225
1 9243
3 9250
1 9254
1 9274
1 9296
1 9303
1 9306
2 9311
1 9324
1 9337
1 9357
1 9382
2 9388
1 9402
2 9405
1 9406
1 9423
1 9432
1 9505
1 9525
1 9539
1 9573
2 9579
1 9581
1 9588
1 9589
1 9590
1 9613
1 9648
1 9665
1 9728
1 9736
1 9787
1 9798
1 9801
2 9810
1 9811
1 9812
3 9816
1 9818
2 9835
1 9849
1 9955
1 9972
1 9978
1 10068
1 10075
1 10204
1 10308
1 10310
1 10365
1 10409
1 10436
1 10455
1 10568
1 10573
1 10581
1 10664
1 10684
1 10809
1 10850
1 10867
1 10946
1 10970
1 11075
1 11205
1 11218
1 11225
1 11231
1 11236
1 11256
1 11261
2 11279
1 11291
1 11298
1 11311
1 11490
1 11526
1 11851
2 12024
2 12027
1 12080
2 12090
3 12311
1 12402
1 12412
1 12520
1 12553
1 12672
1 12683
1 12732
1 12893
1 12895
1 13066
1 13202
1 13268
1 13299
1 13365
1 13741
1 13775
1 13801
1 13976
1 13997
1 14010
1 14016
1 14243
1 14311
1 14531
1 14644
1 14890
1 15013
1 15050
1 15138
1 15221
1 15287
1 15544
1 15569
1 15630
1 15680
1 16165
1 16249
2 16257
1 16390
1 16400
1 16403
1 16467
1 16478
1 16483
1 16484
1 16498
1 16543
1 16629
1 16661
1 16778
1 16787
1 16812
1 16861
1 16949
1 17005
1 17160
1 17220
2 17349
1 17379
1 17433
1 17460
1 17481
1 17536
1 17647
1 17663
1 17664
1 17752
1 17760
1 17806
1 17821
1 17866
1 17873
1 17899
1 17900
1 17924
1 17936
1 17951
1 17969
1 18009
1 18015
1 18050
2 18055
1 18064
1 18074
1 18088
1 18115
1 18121
1 18123
2 18141
1 18143
1 18171
1 18174
2 18175
1 18193
1 18203
1 18206
2 18220
1 18234
1 18259
1 18262
2 18285
1 18331
1 18336
1 18360
1 18368
1 18371
3 18377
1 18386
1 18389
1 18403
1 18419
2 18480
1 18494
1 18531
1 18767
1 19548
1 19857
1 20240
1 20862
1 20909
1 21654
1 21803
1 22146
1 22234
1 22604
1 22751
1 23131
1 23159
1 23273
3 23377
1 23529
1 24855
2 24867
1 24892
1 24907
2 24973
1 25293
1 25866
1 26349
1 26936
1 27356
1 27515
2 28590
1 28842
1 29095
1 30059
1 30358
1 30508
1 31352
1 31406
1 31707
2 31916
1 34549
1 34721
1 35236
1 38721
2 44723
1 46045
1 46057
1 46124
1 46354
2 46534
1 46694
1 46708
1 47321
1 47990
1 48724
1 49389
1 49423
1 53646
1 53652
1 54086
2 54270
1 54379
1 54398
1 54424
1 54497
1 54520
1 54544
1 54550
1 54590
1 54596
1 54643
3 54655
1 54858
2 55356
1 55381
2 55737
1 57055
1 58117
1 58118
1 59842
1 61225
1 62634
1 71202
1 72710
1 74877
1 77897
1 82122
1 82285
1 86303
1 89933
2 95421
1 95574
1 99253
1 107216
1 111008
1 111010
1 111016
1 112756
2 114018
2 120189
1 121408
1 131609
1 135205
1 137479
1 137948
1 137951
1 139433
1 140007
1 147705
2 149756
1 151054
1 153908
1 154462
1 160645
1 168695
1 169121
1 179081
1 179636
3 179683
1 186019
1 186775
1 199146
1 212976
2 218521
1 226933
1 226982
3 226983
1 226987
1 226988
1 226992
1 226993
1 226994
1 226997
1 226998
1 226999
2 227000
1 227006
1 227007
1 227008
1 227011
1 227012
1 227013
2 227015
1 227016
1 227017
2 227019
1 227020
1 227686
3 227724
1 229967
1 230628
1 232829
1 242557
1 256949
1 257941
1 259880
1 269079
1 269108
1 269204
1 272215
1 277378
1 279768
1 281413
1 282093
1 292892
1 293471
1 293493
1 293546
1 293598
1 293632
1 293768
1 293809
1 293860
1 314758
1 315296
1 315363
2 315399
1 315404
2 315421
1 315466
1 315483
1 333590
1 335793
1 348820
1 352682
1 359665
1 383651
2 385434
1 385692
1 395104
1 402931
1 403418
1 412684
1 420836
1 424777
1 434648
1 436728
1 457220
1 464562
1 476557
1 476685
1 478733
1 479106
1 479154
1 479477
1 514142
1 531091
1 532651
1 576554
1 579716
1 587262
1 609802
1 609872
1 616447
1 633337
2 660928
1 662804
1 678750
1 707991
1 713736
1 745913
1 745937
2 746031
1 766721
1 821232
1 840337
1 840506
1 841009
1 847378
1 876835
1 882749
1 913903
1 921375
1 927356
1 938888
1 968748
1 970856
1 989346
1 1001573
1 1025803
1 1056191
1 1090320
1 1105036
1 1108774
1 1130352
1 1136356
1 1171685
1 1264222
1 1265598
1 1266594
1 1288768
1 1302986
1 1348963
1 1380338
1 1396336
1 1447258
1 1447396
1 1476933
1 1485743
1 1488917
1 1489284
1 1498874
1 1509640
1 1531356
1 1576115
1 1607987
1 1627321
1 1676347
1 1767005
1 1805496
1 1824775
1 1843048
1 1844266
1 1871223
1 1876339
1 1885285
1 1897720
1 1927957
1 1930861
1 1964919
1 1973078
1 1986267
1 1996101
1 2003634
1 2007625
1 2011116
1 2019358
1 2042000
1 2051541
1 2060717
1 2086927
1 2098872
1 2108858
1 2117261
1 2117924
1 2130630
1 2165533
2 2202647
1 2257085
1 2315719
1 2317594
1 2364038
2 2424905
1 2436943
1 2472430
1 2528570
1 2550456
1 2558300
1 2602681
1 2605507
1 2626479
1 2666455
1 2685775
1 2715242
1 2720178
1 2733247
1 2751836
1 2756391
1 2767512
2 2769303
1 2787516
1 2820928
1 2839273
1 2868467
1 2913610
1 2915217
1 2936590
1 2937163
1 2940978
1 2972575
1 2990478
1 2997694
1 3017465
1 3018951
1 3042732
1 3060605
1 3075836
1 3114399
1 3151871
1 3208431
1 3216138
1 3234590
1 3238733
1 3259351
1 3266703
1 3276511
1 3310593
1 3324472
1 3325975
1 3334407
1 3352754
1 3466430
1 3470960
1 3527529
1 3528865
1 3571514
1 3616998
1 3617100
1 3617127
1 3617163
1 3617174
1 3617219
1 3617249
2 3617256
1 3617272
1 3617292
1 3617358
1 3617379
1 3617411
1 3617485
1 3667220
1 3740098
1 3773695
1 3833460
1 3834280
1 3874362
1 3879496
1 3881945
1 3890151
1 3897096
1 3916436
1 3919084
1 3944214
1 3950872
1 3952751
1 3954413
1 3955735
1 3986550
1 4053592
1 4079653
1 4081061
1 4112908
1 4140076
1 4174528
1 4225426
1 4236586
1 4236595
1 4236638
1 4278620
1 4304876
1 4309064
1 4322732
1 4362387
1 4364717
1 4417040
1 4417143
1 4419688
1 4420504
1 4420507
1 4479185
1 4482553
1 4502966
1 4503923
1 4536826
1 4559049
1 4590148
1 4612696
1 4669034
1 4672586
1 4688662
1 4725296
1 4745751
1 4751940
1 4783852
1 4833314
1 4847828
1 4850737
1 4917868
1 4929149
1 4961661
1 4967259
1 4967546
1 4984780
1 5000993
1 5011822
1 5027226
1 5057836
1 5058399
1 5102651
1 5107856
1 5149115
1 5160388
1 5171443
1 5177931
1 5208613
1 5241753
1 5264350
1 5295128
1 5324941
1 5327105
1 5354996
1 5356899
1 5364956
1 5369545
1 5388266
1 5397078
1 5436995
1 5476116
1 5511155
1 5571990
1 5590415
1 5614498
1 5614505
2 5614589
1 5624161
1 5664342
1 5712660
1 5728161
1 5758417
1 5760310
1 5760365
1 5764762
1 5773423
1 5786094
1 5793167
1 5806014
1 5816249
1 5859711
1 5863623
1 5882514
1 5932633
2 5934379
1 5987888
1 5999159
1 6002919
1 6003256
1 6035422
1 6081690
1 6083395
1 6105832
1 6148724
1 6159761
1 6161489
1 6176278
1 6183841
1 6355473
1 6380933
1 6384033
1 6438457
1 6485216
1 6485520
1 6527843
1 6536915
1 6616312
1 6625906
1 6640595
1 6760617
1 6761951
1 6790466
1 6792327
1 6795050
1 6800856
1 6806207
1 6844172
1 6853755
1 6882095
1 6953512
1 7050418
1 7050437
1 7074109
1 7082072
1 7094738
1 7113312
1 7117185
1 7120351
1 7177338
1 7209730
1 7223651
1 7238708
1 7253069
1 7278089
1 7306093
1 7309195
1 7319559
1 7319688
1 7337034
1 7342927
1 7390378
1 7395964
1 7444327
1 7554907
1 7661872
1 7670974
1 7689575
1 7694302
1 7705462
1 7718782
1 7734969
1 7801283
1 7854862
2 7908605
1 7908627
1 7908997
1 7924923
1 7928987
1 8015839
1 8045650
1 8055421
1 8078441
1 8099895
1 8127574
1 8143281
1 8154734
1 8200189
1 8207812
1 8222965
1 8227893
1 8268676
1 8293327
1 8296517
1 8309550
1 8349991
1 8354546
1 8400731
1 8437252
1 8458343
1 8506300
1 8633005
1 8638614
1 8778580
1 8785130
2 8820056
1 8824779
1 8850654
1 8912225
1 8984087
1 8997158
1 9009251
1 9047444
1 9069378
1 9170438
1 9192440
1 9228998
1 9286563
1 9290580
1 9310333
1 9329825
1 9330295
1 9405043
1 9413329
1 9422500
2 9425381
2 9425383
1 9425385
1 9425386
1 9425390
1 9425391
1 9425392
3 9425393
1 9425399
3 9425400
2 9425402
4 9425408
1 9425409
3 9425411
1 9425412
2 9425413
1 9425418
2 9425419
1 9425420
3 9425421
1 9425427
1 9425430
1 9425435
2 9425436
2 9425437
1 9425439
1 9425440
2 9425441
1 9425444
2 9425445
3 9425447
2 9425448
1 9425451
1 9425452
1 9425453
1 9425454
6 9425455
2 9425456
3 9425460
1 9425462
1 9425466
1 9425474
2 9425480
1 9425482
2 9425484
1 9536390
1 9540250
1 9574992
1 9585901
1 9650970
1 9654040
1 9666911
1 9706097
1 9733899
1 9744216
1 9769327
1 9792011
1 9825151
1 9863782
1 9865320
1 9865553
2 9877423
1 9877425
2 9877430
1 9877432
1 9877433
3 9877435
1 9877436
6 9877441
1 9877443
6 9877444
3 9877446
3 9877448
3 9877450
5 9877451
3 9877454
2 9877455
4 9877456
1 9877462
1 9877468
2 9877573
1 9877575
2 9877579
4 9877580
1 9877581
1 9877582
3 9877583
1 9877584
5 9877585
11 9877586
2 9877587
1 9877588
1 9877589
3 9877591
1 9877592
1 9877593
1 9877594
1 9877596
2 9877599
1 9877601
3 9877603
1 9877604
1 9877606
1 9877607
3 9877608
1 9877609
1 9877613
1 9877614
1 9877705
2 9877706
4 9877715
2 9877716
1 9877718
1 9877720
1 9877721
1 9877723
1 9877726
3 9877727
4 9877729
3 9877731
5 9877733
2 9877734
2 9877735
1 9877736
4 9877737
1 9877739
1 9877741
1 9877742
1 9877743
1 9877748
1 9887488
1 9891924
2 9916949
1 9920361
1 9957031
1 9963605
1 9971881
1 9975485
1 9987986
1 9990675
1 9994757
1 10012329
1 10016621
1 10056857
1 10078231
1 10096514
1 10114680
1 10127879
1 10129191
1 10141290
1 10141313
1 10141462
1 10141492
1 10141517
1 10141530
1 10141550
1 10141552
1 10141557
1 10146534
1 10147596
1 10167152
1 10182627
1 10190544
1 10210014
1 10211212
1 10243352
1 10307616
1 10310088
1 10316262
1 10324291
1 10324392
1 10345612
1 10347757
1 10375581
1 10400637
1 10414954
1 10452932
1 10478279
1 10497593
1 10522809
1 10525156
1 10539861
1 10551696
1 10555881
1 10560814
1 10569221
1 10582665
1 10589695
1 10636834
1 10650342
1 10663789
1 10673809
1 10705390
1 10707700
1 10711883
1 10763137
1 10818148
1 10871841
1 10904546
1 10925692
1 10953720
1 10964911
1 10975551
1 11069764
1 11075009
1 11092917
1 11152865
1 11201722
1 11204918
1 11272726
1 11285019
1 11304371
1 11322417
1 11322539
1 11329518
1 11346010
1 11415706
1 11430930
1 11437721
1 11459221
1 11493797
1 11501863
1 11551531
1 11564349
1 11585878
1 11652340
1 11669740
1 11694668
1 11711424
1 11717421
1 11725016
1 11891334
1 11897232
1 11907723
1 11930281
1 11985813
1 11997210
1 12004402
1 12034097
1 12082641
1 12109513
1 12125212
1 12136186
1 12141202
1 12151973
1 12166160
1 12194342
1 12259598
1 12285160
1 12396132
1 12405955
1 12432273
1 12444245
1 12492837
1 12522489
1 12551493
1 12551741
1 12552850
1 12597550
1 12630173
1 12631019
1 12636475
1 12657495
1 12668071
1 12698249
1 12701618
1 12719825
1 12725836
1 12740962
1 12744700
1 12796712
1 12808175
1 12809020
1 12857507
1 12887271
1 12940930
1 12945161
1 12955616
1 12980921
1 13003622
1 13015301
1 13025400
1 13064097
1 13064220
1 13070377
1 13075717
1 13215180
1 13222115
1 13248144
1 13255270
1 13366133
1 13366162
1 13386586
1 13390469
1 13392404
1 13446436
1 13457134
1 13497635
1 13606883
1 13625536
1 13658956
1 13690935
1 13735521
1 13744601
1 13751742
1 13752431
1 13753206
1 13755853
1 13784024
1 13807757
1 13816930
1 13836972
1 13838076
1 13845249
1 13855215
1 13860246
1 13909927
1 13910024
1 13940915
1 13963876
1 13970262
1 14033966
1 14040033
1 14120245
1 14130363
1 14130374
1 14154316
1 14158220
1 14195979
1 14234638
1 14295876
1 14314326
1 14347866
1 14406416
1 14439773
1 14468707
1 14526725
1 14535571
1 14545769
1 14574297
1 14595870
1 14598227
1 14636172
1 14695959
1 14698571
1 14705868
1 14777602
1 14784783
1 14821411
1 14821625
1 14897615
1 14920412
1 15028443
1 15049519
1 15079154
1 15093009
1 15102524
1 15134285
1 15152923
1 15179082
1 15180394
1 15200266
1 15202226
1 15241440
1 15254669
1 15277636
1 15287252
1 15292447
1 15318095
1 15327415
1 15386135
1 15432127
1 15470643
1 15475938
1 15520689
1 15594973
1 15597650
1 15600564
1 15638710
1 15686365
1 15686784
1 15692378
1 15693026
1 15709420
1 15719667
1 15755267
3 15800480
1 15808503
1 15812923
1 15931002
1 15931183
1 15975589
1 15989664
1 16022850
1 16047181
1 16061059
1 16073943
1 16130796
1 16130909
1 16157093
1 16157094
1 16157096
2 16157098
1 16157105
3 16157108
2 16157111
1 16157113
2 16157114
2 16157115
4 16157116
4 16157117
3 16157119
1 16157121
1 16157122
2 16157124
1 16157125
9 16157127
2 16157132
3 16157133
2 16157134
1 16157135
1 16157137
1 16157141
2 16157142
1 16157143
3 16157144
5 16157145
2 16157149
1 16157152
1 16157153
1 16157154
2 16157155
1 16157157
1 16157161
2 16157169
1 16157172
1 16157173
1 16157174
2 16157177
1 16157179
1 16157180
7 16157182
3 16157183
1 16157184
3 16157185
4 16157187
1 16157189
1 16157190
1 16157193
4 16157194
2 16157197
1 16157199
2 16157201
3 16157202
6 16157204
3 16157205
1 16157206
3 16157207
1 16157208
2 16157209
5 16157211
1 16157213
2 16157214
2 16157215
1 16157216
1 16157217
1 16157219
8 16157220
7 16157221
1 16157222
1 16157223
1 16157224
5 16157225
2 16157227
1 16157228
1 16157229
4 16157232
5 16157234
1 16157237
1 16157242
2 16157244
2 16157245
3 16157249
1 16157250
1 16157251
2 16157252
1 16157254
2 16157256
1 16157257
4 16157259
1 16157260
4 16157261
1 16157262
2 16157263
2 16157264
1 16157265
1 16157266
2 16157267
4 16157268
1 16157270
5 16157271
1 16157273
1 16157275
1 16157276
2 16157277
3 16157280
1 16157281
1 16157282
1 16157283
1 16157285
5 16157286
2 16157290
2 16157293
1 16157294
3 16157297
2 16157301
5 16157309
3 16157313
2 16157322
1 16157323
2 16157324
1 16157325
1 16157326
2 16157327
2 16157328
1 16157330
3 16157331
4 16157333
1 16157338
1 16157341
1 16157342
1 16157347
1 16157352
2 16157354
3 16157355
2 16157357
1 16157358
4 16157360
2 16157363
2 16157364
1 16157369
2 16157370
1 16157371
1 16157372
1 16157373
1 16157374
2 16157378
2 16157382
1 16157385
1 16157389
2 16157393
1 16157397
1 16157398
1 16157400
1 16157402
2 16157404
1 16157406
1 16157411
1 16157412
1 16157415
1 16157416
1 16157418
2 16157420
2 16157422
1 16157435
1 16157436
2 16157441
1 16157442
2 16157444
1 16157447
1 16157461
1 16157466
1 16157481
1 16157482
1 16157487
1 16157497
1 16157502
1 16157505
1 16157507
1 16157509
1 16157511
1 16157517
1 16157519
1 16157520
1 16157527
2 16157529
1 16157538
2 16157540
2 16157544
3 16157545
4 16157546
1 16157551
1 16157552
1 16157557
1 16157558
1 16157560
1 16157563
1 16157566
2 16157567
3 16157568
2 16157573
1 16157574
1 16157582
3 16157583
1 16157589
1 16157595
1 16157597
1 16157602
2 16157605
1 16157606
3 16157611
1 16157624
1 16157632
1 16157633
2 16157645
1 16157653
1 16157659
1 16157684
1 16157700
1 16157704
1 16157732
1 16157753
1 16157759
1 16173908
1 16230560
1 16294117
1 16603172
1 16684096
1 16684127
1 16739241
1 16777813
1 16920670
1 16920994
1 16951588
1 16987098
1 17001460
1 17069417
1 17129353
1 17137711
1 17149319
1 17150639
1 17154270
1 17198374
1 17213376
1 17238993
1 17249197
1 17283411
1 17308579
1 17314484
1 17330698
1 17331667
1 17337549
1 17339586
1 17374800
1 17382988
1 17396324
1 17427328
1 17538093
1 17583081
1 17584408
1 17586559
1 17591287
1 17594142
1 17604875
1 17626394
1 17649440
1 17660449
1 17682708
1 17701926
1 17703229
1 17739867
1 17746202
1 17777263
1 17778123
1 17815610
1 17846327
1 17868375
1 17918398
1 17944964
1 17969637
1 18005237
1 18063066
1 18088317
1 18089197
1 18120592
1 18131444
1 18149108
1 18152540
1 18173065
1 18206848
1 18209173
1 18211158
1 18236882
1 18249183
1 18356767
1 18357374
1 18384251
1 18400854
1 18408570
3 18408775
1 18433086
1 18434402
1 18456238
1 18460211
1 18471440
1 18472482
1 18540384
1 18556291
1 18560740
1 18626057
1 18681207
1 18694203
1 18734362
1 18734386
1 18734391
1 18734392
1 18742107
1 18778290
1 18803926
1 18804252
1 18812048
1 18841023
1 18849111
1 18862054
1 18868365
1 18910736
1 18942100
1 18951462
1 18992549
1 19021267
1 19021967
1 19044074
1 19079414
1 19142453
1 19163614
1 19178076
1 19225348
1 19255383
1 19291309
1 19304944
1 19314614
1 19327352
1 19338128
1 19345602
1 19366234
1 19381577
1 19398495
1 19472026
1 19484261
1 19493804
1 19595235
1 19603966
1 19698000
1 19743692
1 19774356
1 19800891
1 19806265
1 19867497
1 19908736
1 19914500
1 19962562
1 19969615
1 20046697
1 20046991
1 20084251
1 20174774
1 20187033
1 20192170
1 20193080
1 20270794
1 20306058
1 20434648
1 20445593
1 20446207
1 20456470
1 20496851
1 20668249
1 20702460
1 20770061
1 20822686
1 20863800
1 20884427
1 20893957
1 20902241
1 20909975
1 20949265
1 20955008
1 20969579
2 21037010
1 21080076
1 21122433
1 21134429
1 21156624
1 21172787
1 21200381
1 21233841
1 21246849
1 21265734
1 21271115
1 21282135
1 21311737
1 21320138
1 21338424
1 21420976
1 21431070
1 21445989
1 21467793
1 21471381
1 21485935
1 21569570
1 21602231
1 21611556
1 21652461
1 21661480
1 21718733
1 21722074
1 21749047
1 21799701
1 21821528
1 21822539
1 21828330
1 21907224
1 21932882
1 21968528
1 21997185
1 22009952
1 22032140
1 22098577
1 22144835
1 22164355
1 22181391
1 22224365
1 22256012
1 22311721
1 22427256
1 22435963
1 22447779
1 22483265
1 22496404
1 22554599
1 22603723
1 22626915
1 22637148
1 22674301
1 22702370
1 22737816
1 22744884
1 22753641
1 22754609
1 22767998
1 22774200
1 22857502
1 22881384
1 22908479
1 22923779
1 23021749
1 23036302
1 23072543
1 23139772
1 23154104
1 23162312
1 23182882
1 23189865
1 23285885
1 23292389
1 23371628
1 23417511
1 23419625
1 23465385
1 23529911
1 23534179
1 23567807
1 23574628
1 23648039
1 23691446
1 23705743
1 23739538
1 23766379
1 23787835
1 23797072
1 23815965
1 23820214
1 23837215
1 23877327
1 23899285
1 23911268
1 23931474
1 24059019
1 24092903
1 24095225
1 24106328
1 24109387
1 24116281
1 24126396
1 24149391
1 24178805
1 24179012
1 24180551
1 24193458
1 24206629
1 24240247
1 24258146
1 24298773
1 24353200
1 24356807
1 24368566
1 24374247
1 24379907
1 24409996
1 24421991
1 24533867
1 24552077
1 24575607
1 24595529
1 24596836
1 24612898
1 24666389
1 24685496
1 24867497
1 24918825
1 24982014
1 25072595
1 25074807
1 25075408
1 25101467
1 25109920
1 25292700
1 25323609
1 25403146
1 25407331
1 25407464
1 25445786
1 25483415
1 25642614
1 25669687
1 25715578
1 25739590
1 25796797
1 25870182
1 25876504
1 25884253
1 25887690
1 25931030
1 25937968
1 25955091
1 25956743
1 25995506
1 26002522
1 26090855
1 26142099
1 26151653
1 26177009
1 26220229
1 26276435
1 26301069
1 26318955
1 26329091
1 26390460
1 26407677
1 26421216
1 26436752
1 26479675
1 26479849
1 26496015
1 26519735
1 26528412
1 26535798
1 26555200
1 26600110
1 26602996
1 26608926
1 26612047
1 26665488
1 26680480
1 26683661
1 26687047
1 26699034
1 26721153
1 26746870
1 26756054
1 26826113
1 26893728
1 26919405
1 26958986
1 26965789
1 27007723
1 27018028
1 27060709
1 27086607
1 27087808
1 27109234
1 27109613
1 27118181
1 27144534
1 27153034
1 27243495
1 27337499
1 27364545
1 27374265
1 27397198
1 27398617
1 27407014
1 27409330
1 27496450
1 27551345
1 27629770
1 27646648
1 27653918
1 27666160
1 27678964
1 27700275
1 27727462
1 27793957
1 27846478
1 27850597
1 27886170
1 27991163
1 28048328
1 28106936
1 28125493
1 28174556
1 28182149
1 28184885
1 28184913
1 28214204
1 28305586
1 28321738
1 28370046
1 28373505
1 28430327
1 28475977
1 28509467
1 28553554
1 28555583
1 28566048
1 28573243
1 28654704
1 28665487
1 28683992
1 28757454
1 28821065
1 28863712
1 28914781
1 28980898
1 29020782
1 29038842
1 29075644
1 29088850
1 29095683
1 29160930
1 29173503
1 29173983
1 29204560
1 29204626
1 29237864
1 29317882
1 29362263
1 29429510
1 29442072
1 29449340
1 29510372
2 29512412
1 29528378
1 29567492
1 29634042
1 29693447
1 29697874
1 29745369
1 29826589
1 29868856
1 29897968
1 29973800
1 29992517
1 30013142
1 30131572
1 30231621
1 30236259
1 30257511
1 30386582
1 30391669
1 30397782
1 30397840
1 30436058
2 30438140
1 30494218
1 30534387
1 30563850
1 30588543
1 30637204
1 30682512
1 30713395
1 30828465
1 30872114
1 30903613
1 30904900
1 30918845
1 30940344
1 30971944
1 30976164
1 30982212
1 31069230
1 31120796
1 31169108
1 31211480
1 31257910
1 31331350
1 31430905
1 31438418
1 31525575
1 31571509
1 31598593
1 31619361
1 31628169
1 31644772
1 31773514
1 31853847
1 31859803
1 31981462
1 32027377
1 32113846
1 32162487
1 32204913
1 32245220
1 32331072
1 32332577
1 32411261
1 32462938
1 32478719
1 32533829
1 32580153
1 32647841
1 32662671
1 32685860
1 32690185
1 32728928
1 32785094
1 32800941
1 32814589
1 32838080
1 32847635
1 32850207
1 32863199
1 32870759
1 32886154
1 32892041
1 32910459
1 33005390
1 33052702
1 33057303
1 33068651
1 33074613
1 33111570
1 33245083
1 33258395
1 33260437
1 33282154
1 33283731
1 33378453
1 33421002
1 33546543
1 33581301
1 33604872
1 33703014
1 33716222
1 33737805
1 33745519
1 33854067
1 33970937
1 33975879
1 34114510
1 34121795
1 34122600
1 34156939
1 34203258
1 34236957
1 34290899
1 34321838
1 34407807
1 34430981
1 34441599
1 34445571
1 34499842
1 34535307
1 34543645
1 34582877
1 34707638
1 34742121
1 34796716
1 34823021
1 34850481
1 34981986
1 35032108
1 35045826
1 35069538
1 35092298
1 35123812
1 35126446
1 35144273
1 35228141
1 35361557
1 35432650
1 35474147
1 35513505
1 35550993
1 35558159
1 35583861
1 35609391
1 35640102
1 35656664
1 35664698
1 35673938
1 35720369
1 35777905
1 35798341
1 35829805
1 35869250
1 35979300
1 36014819
1 36092915
1 36097587
1 36127866
1 36127940
1 36177345
1 36202852
1 36221355
1 36283980
1 36321685
1 36347673
1 36349967
1 36422551
1 36512300
1 36518291
1 36550855
1 36564042
1 36584948
1 36612883
1 36635885
1 36649732
1 36720056
1 36724651
1 36787084
1 36809421
1 36826590
1 36836337
1 36840325
1 36842524
1 37038024
1 37103281
1 37150837
1 37192668
1 37212380
1 37238051
1 37320323
1 37354209
1 37392854
1 37403233
1 37416718
1 37436680
1 37446072
1 37457917
1 37457920
1 37459092
1 37537480
1 37559614
1 37588695
1 37641014
1 37715370
1 37766191
1 37779363
1 37866275
1 37873407
1 37920376
1 37949953
1 38038257
1 38044961
1 38088468
1 38178170
1 38182864
1 38216098
1 38272545
1 38286721
1 38352143
1 38354707
1 38362365
1 38503536
1 38536899
1 38657231
1 38744723
1 38818023
1 38852590
1 38869075
1 38879832
1 38934533
1 39007204
1 39088057
1 39093244
1 39159015
1 39167970
1 39188821
1 39188825
1 39279072
1 39279510
1 39334693
1 39357457
1 39385335
1 39444515
1 39485140
1 39507296
1 39588538
1 39658583
1 39665981
1 39676571
1 39686560
1 39735781
1 39795493
1 39824036
1 39847063
1 39930450
1 40101023
1 40101085
1 40129082
1 40134965
1 40142750
1 40251815
1 40253263
1 40258401
1 40310425
1 40318047
1 40349584
1 40442973
1 40446804
1 40454501
1 40471891
1 40555679
1 40567346
1 40645916
1 40661860
1 40777145
1 40790550
1 40794043
1 40907148
1 41017784
1 41026618
1 41038261
1 41042915
1 41076590
1 41098667
1 41098672
1 41114202
1 41170443
1 41172076
1 41207968
1 41260781
1 41368419
1 41449588
1 41463045
1 41493295
1 41560678
1 41693725
1 41698047
1 41781502
1 41830141
1 41881852
1 41891502
1 41928982
1 42026067
1 42075421
1 42076337
1 42088272
1 42189649
1 42391101
1 42474433
1 42495916
1 42530378
1 42530850
1 42660050
1 42676644
1 42676716
1 42765268
1 42773427
1 42822343
1 42850762
1 42871698
1 42890443
1 42909731
1 42931802
1 43000423
2 43000428
2 43000432
1 43000433
2 43000434
3 43000435
1 43000436
2 43000438
2 43000439
2 43000440
5 43000442
1 43000443
4 43000445
1 43000446
1 43000450
1 43000453
1 43000455
2 43000457
1 43037901
1 43041046
1 43107375
1 43215944
1 43257170
1 43258152
1 43258161
1 43283178
1 43283648
1 43283824
1 43342551
1 43401929
1 43411881
1 43627404
1 43660186
1 43707846
1 43727335
1 43796824
1 43806037
1 43809106
1 43815638
1 43862662
1 43921719
1 43985367
1 44040620
1 44049031
1 44076419
1 44140256
1 44169459
1 44193420
1 44331493
1 44378032
1 44490053
1 44507566
1 44554564
1 44582040
1 44609283
1 44635269
1 44658993
1 44726025
1 44746176
1 44749627
1 44799058
1 44887144
1 44975285
1 45068080
1 45105087
1 45129043
1 45155749
1 45235884
1 45279914
1 45291152
1 45317752
1 45331001
1 45333622
1 45389186
1 45440424
1 45693988
1 45771861
1 45881549
1 45930564
1 45954708
1 45986614
1 46095537
1 46174541
1 46186170
1 46242559
1 46274921
1 46292741
1 46306320
1 46319643
1 46354452
2 46354455
1 46377807
1 46438345
1 46486206
1 46501295
1 46562766
1 46570515
1 46601737
1 46736639
1 46760373
1 46811948
1 46843764
1 46884338
1 47002086
1 47081465
1 47122489
1 47135519
1 47139705
1 47259073
1 47302372
1 47304451
1 47340450
1 47367381
1 47381431
1 47497877
1 47565605
1 47660093
1 47729261
1 47766795
1 47777647
1 47807243
1 47855277
1 47861834
1 47945435
1 47951531
1 47994404
1 48026249
1 48121061
1 48146716
1 48183828
1 48198601
1 48202116
1 48203028
1 48362459
1 48371174
1 48381280
1 48410710
1 48446599
1 48480016
1 48500439
1 48520064
1 48542989
1 48554875
1 48587563
1 48599104
1 48694361
1 48775378
1 48797924
1 48825521
1 48862589
1 48866494
1 48951124
1 48996498
1 49177866
1 49212783
1 49228050
1 49413712
1 49436270
1 49454257
1 49674709
1 49697694
1 49788339
1 49877759
1 49886637
1 49927303
1 49948509
1 50001809
1 50008845
1 50038988
1 50063341
1 50073913
1 50107217
1 50392286
1 50392310
1 50440105
1 50457046
1 50543031
1 50637665
1 50642003
1 50642192
1 50642227
1 50698610
1 50711775
1 50722292
1 50871289
1 50963248
1 50975375
1 51089174
1 51115224
1 51160544
1 51161330
1 51296648
1 51372676
1 51435506
1 51436060
1 51477085
1 51555740
1 51607937
1 51656756
1 51681079
1 51712679
1 51785328
1 51796608
2 51796621
1 51796622
1 51798010
1 51813211
1 51837364
1 51938707
1 52036223
1 52079494
1 52269721
1 52306723
1 52314064
1 52465054
1 52485505
1 52567370
1 52575934
1 52592709
1 52649521
1 52697157
1 52723530
1 52764831
1 52847758
1 52881790
1 52923957
1 53011318
1 53011377
1 53088357
1 53266119
1 53293445
1 53390238
1 53438413
1 53458431
1 53475949
1 53545798
1 53612412
1 53657838
1 53707082
1 53711567
1 53724380
1 53759201
1 53775090
1 53791199
1 53806615
1 53880032
1 53880196
1 53916620
1 53931723
1 53931919
1 53984893
1 54093769
1 54116367
1 54156667
1 54183467
1 54184094
1 54205904
1 54263756
1 54282609
1 54311836
1 54311841
1 54311844
1 54404963
1 54428600
1 54542877
1 54546110
1 54546225
1 54601690
1 54653062
1 54672624
1 54811922
1 54844816
1 54925680
1 54926955
1 55116886
1 55144760
1 55189466
1 55258378
1 55312342
1 55337014
1 55473021
1 55491050
1 55497283
1 55503261
1 55535585
1 55538089
1 55595259
1 55662418
1 55703075
1 55707017
1 55744191
1 55833773
1 55917495
1 55923472
1 55965374
1 56101180
1 56145892
1 56154164
1 56229919
1 56267469
1 56392196
1 56409499
1 56425492
1 56434620
1 56469192
1 56560290
1 56561059
1 56563743
1 56623492
1 56666248
1 56709269
1 56760620
1 56813107
1 56842597
1 56899992
1 56973022
1 57260411
1 57324348
1 57332279
1 57363584
1 57569346
1 57573664
2 57590520
1 57590561
1 57590599
1 57694201
1 57738386
1 57753724
1 57793192
1 57809837
1 57809881
1 57842226
1 58079257
1 58087770
1 58142154
1 58260358
1 58327581
1 58471756
1 58577445
1 58625635
1 59013429
1 59044208
1 59104263
1 59199691
1 59238427
1 59262123
1 59267676
1 59330833
1 59366939
1 59449882
1 59559077
1 59569159
1 59575534
1 59586641
1 59614262
1 59636713
1 59641915
1 59850659
1 59871210
1 60194304
1 60208219
1 60408381
1 60460388
1 60478491
1 60518502
1 60540771
1 60581363
1 60702470
1 60811722
1 60822543
1 60856259
1 60907764
1 60930816
1 60969973
1 60974946
1 61016462
1 61122144
1 61144009
1 61306713
1 61321353
1 61384978
1 61385011
1 61385026
1 61539134
1 61555846
1 61610667
1 61652952
1 61660285
1 61745509
1 61767309
1 61839431
1 61858268
1 61936887
1 61972520
1 61990819
1 62030520
1 62148552
1 62155269
1 62275501
1 62340860
1 62373449
1 62373811
1 62481918
1 62506343
1 62562658
1 62579411
1 62612282
1 62687077
1 62725375
1 62774071
1 62927693
1 63003757
1 63018045
1 63081953
1 63081997
1 63082002
1 63089577
1 63092018
1 63105361
1 63107076
1 63176129
1 63369099
1 63399370
1 63401989
1 63402195
1 63416752
1 63423133
1 63488658
1 63673126
1 63762313
1 63819256
1 63843387
1 63951949
1 63972502
1 64093495
1 64118738
1 64127926
1 64195371
1 64212058
1 64252349
1 64289881
1 64329251
1 64459527
1 64574022
1 64581125
1 64648124
1 64806281
1 64921791
1 65051337
1 65051381
1 65051387
2 65051528
1 65051593
4 65051644
2 65051646
1 65051659
1 65051661
1 65051663
2 65051689
1 65051733
1 65164796
1 65206434
1 65287386
1 65503625
1 65616566
1 65662608
1 65718624
1 65832674
1 65851480
1 65864183
1 66028333
1 66112055
1 66188882
1 66195875
1 66252364
1 66356933
1 66372236
1 66395535
1 66409402
1 66485664
1 66675967
1 66676369
1 66680813
1 66699310
1 66745481
1 66907014
1 66914585
1 66934671
1 66942029
1 66955811
1 67003556
1 67135339
1 67183171
1 67261923
1 67368071
1 67487776
1 67508508
1 67581009
1 67628568
1 67629175
1 67643065
1 67658496
1 67685865
1 67723084
1 67755753
1 67771463
1 67950130
1 67950895
1 68035120
1 68274612
1 68275259
1 68306020
1 68320032
1 68472049
1 68486923
1 68520556
1 68550511
1 68593722
1 68593861
1 68691438
1 68866712
1 68902663
1 69078959
1 69095747
1 69362560
1 69388117
1 69454400
1 69570699
1 69597338
1 69752073
1 69759063
1 69759094
1 69919410
1 69951017
1 69954052
1 69978825
1 69998683
1 70002716
1 70078713
1 70092253
1 70130187
1 70311029
1 70355736
1 70397372
1 70534122
1 70567717
1 70666048
1 70714252
1 70733579
1 70838435
1 70917857
1 70991596
1 70992014
1 71063814
1 71086446
1 71345266
1 71375376
1 71495225
1 71824474
1 71908813
1 71911581
1 71913175
1 71999293
1 72144710
1 72146349
1 72504098
1 72573572
1 72606898
1 72675194
1 72692491
1 72870840
1 73055072
1 73168446
1 73204808
1 73420130
1 73439120
1 73601834
1 73601975
1 73645281
1 73686856
1 73783560
1 73784926
1 73883708
1 73975207
1 74015148
1 74044849
1 74066207
1 74144983
1 74222070
1 74309841
1 74322342
1 74341571
1 74550410
1 74771850
1 74783627
1 74816089
1 74851320
1 74873573
1 74883444
1 75013609
1 75103575
1 75183374
1 75187111
1 75218774
1 75493799
1 75615670
1 75764575
1 75858076
1 75950611
1 76024978
1 76037642
1 76043168
1 76088184
1 76098221
1 76236809
1 76247073
1 76277441
1 76326121
1 76384664
1 76430830
1 76434957
1 76516151
1 76556354
1 76759348
1 76778006
1 76850776
1 76877223
1 76905330
1 76928072
1 77043722
1 77079652
1 77096020
1 77300534
1 77344670
1 77410328
1 77486179
1 77609451
1 77828079
1 77923025
1 77984321
1 78075204
1 78111373
1 78124486
1 78192885
1 78267034
1 78286188
1 78437208
1 78451952
1 78481992
1 78494706
1 78654978
1 78689175
1 78851731
1 78888109
1 78923452
1 78967045
1 79075402
1 79172968
1 79191386
1 79509038
1 79609566
1 79620571
1 79622008
1 79721282
1 79786687
1 79788450
1 79910002
1 79918826
1 79930371
1 80201393
1 80211430
1 80211786
1 80382730
1 80623432
1 80721463
1 80800310
1 80882720
1 81042602
1 81093763
1 81253177
1 81319970
1 81929748
1 82025078
1 82099429
1 82204323
1 82299909
1 82339014
3 82339030
1 82339034
3 82339035
2 82339038
4 82339039
3 82339040
2 82339041
1 82339042
3 82339045
1 82339049
1 82339051
1 82339053
3 82339054
1 82339061
3 82339062
5 82339063
6 82339064
3 82339067
3 82339069
1 82339071
3 82339072
9 82339073
2 82339076
1 82357982
1 82543914
1 82874777
1 83084073
1 83100336
1 83140305
1 83244488
1 83354807
1 83356096
1 83573489
1 83761114
1 84090513
1 84206570
1 84228287
1 84279879
1 84284588
1 84288252
1 84301272
1 84390606
1 84540713
1 84590113
1 84747104
1 85041575
1 85172544
1 85182814
1 85328529
1 85341994
1 85342005
1 85446971
2 85446989
2 85447077
1 85447247
1 85523992
1 85540438
1 85777274
1 86011024
1 86052312
1 86167053
1 86426007
1 86439456
1 86454366
1 86473224
1 86528483
1 86589009
1 86605444
1 86644885
1 86744317
1 86752453
1 86816283
1 86829722
1 87075496
1 87116571
1 87187761
1 87266296
1 87290120
1 87513874
1 87584601
1 87650035
1 87691080
1 87800587
1 87811555
1 88002029
1 88044855
1 88114179
1 88140822
1 88499836
1 88636836
1 88653654
1 88653680
1 88695666
1 88755613
1 88933288
1 89037408
1 89109845
1 89228289
1 89391071
1 89491264
1 89495233
1 89507818
1 89629611
1 89794488
1 89799188
1 89806014
1 89996508
1 90098144
1 90265753
1 90283534
1 90409044
1 90429915
1 90515165
1 90575294
1 90604595
1 90636351
1 90795374
1 90828874
1 91044261
1 91194156
1 91345727
1 91347993
1 91412304
2 91433989
1 91495574
1 91644946
1 91649266
1 91660928
1 91729186
1 91826935
1 91936549
1 91955163
1 91984751
1 92007111
1 92041946
1 92042560
1 92062986
1 92122833
1 92199134
1 92211458
1 92266067
1 92275001
1 92285471
1 92293762
1 92375894
1 92422815
1 92453830
1 92772982
1 92973094
1 93149793
1 93149795
1 93149796
1 93149803
1 93149806
1 93149811
1 93149813
2 93149814
2 93149817
5 93149822
1 93149823
1 93149827
1 93149828
1 93149832
1 93149833
1 93149834
4 93149838
1 93149842
1 93149843
1 93149944
1 93149947
2 93149950
3 93149951
4 93149952
1 93149956
1 93149958
2 93149959
1 93149960
3 93149965
2 93149969
3 93149971
2 93149972
3 93149973
3 93149974
1 93149976
5 93149977
2 93149978
2 93149979
11 93149980
4 93149981
2 93149982
5 93149986
1 93149988
1 93167125
1 93217230
1 93276398
1 93321225
1 93343275
1 93385911
1 93387243
1 93417244
1 93484010
1 93665308
1 93776188
1 93944257
1 94013556
1 94026178
1 94178783
1 94202750
1 94294300
1 94335088
1 94391740
1 94430964
1 94567705
1 94658308
1 94876546
1 94910056
1 95091605
1 95261856
1 95367328
1 95486631
1 95514446
1 95575977
1 95743570
1 95906544
1 96100424
1 96153510
1 96163121
1 96336275
1 96396511
1 96415432
2 96421953
1 96429002
1 96569548
1 96636311
1 96727351
1 96748965
1 96766782
1 96867427
1 96919713
1 97045974
1 97048495
1 97099436
1 97115963
1 97116873
1 97244519
1 97320260
1 97336383
1 97509503
1 97557798
1 97667115
1 97714393
1 97795255
1 97908610
1 98206160
3 98270020
1 98634714
2 98691240
1 98745746
1 98974233
1 99184224
1 99393468
1 99396048
1 99594625
1 99956793
1 100009013
1 100023088
1 100060600
1 100076931
1 100485954
1 100527898
1 100635513
1 100646988
1 100707814
1 100736274
1 100986130
1 101045132
1 101325010
1 101476289
1 101491324
1 101618760
1 101772526
1 101781093
1 101862879
1 102007288
1 102205528
1 102338916
1 102445890
1 102893673
1 103027339
1 103027343
1 103027344
1 103027348
1 103027362
2 103027364
1 103027366
1 103027368
3 103027372
1 103027373
1 103027374
1 103027385
3 103027386
1 103027394
1 103027395
6 103027396
1 103027491
1 103027492
2 103027496
5 103027499
1 103027501
2 103027504
1 103027509
1 103027512
1 103027519
1 103027520
1 103027522
8 103027525
4 103027526
1 103027527
1 103027528
6 103027530
3 103027531
4 103027536
1 103061685
1 103064544
1 103084593
1 103138037
1 103454428
1 103493175
1 103895626
1 104002217
1 104096667
1 104241628
1 104478327
1 104482897
1 104493530
1 105094409
1 105110572
1 105131770
1 105275641
1 105497010
1 105629394
1 105933480
1 106099144
1 106137692
1 106397893
1 106409151
1 106488605
1 106581655
2 106695660
1 106770854
1 106855893
1 106916447
1 107022504
7 107022506
1 107022507
3 107022508
2 107022513
8 107022516
2 107022517
1 107022518
1 107025424
1 107035277
1 107128241
1 107228286
1 107622025
1 107717005
1 108436927
1 108461432
1 108566679
1 108662326
1 108662345
1 108662385
1 108732133
1 109109640
1 109170105
1 109232236
1 109232242
1 109232304
1 109232355
1 109607326
1 109625147
1 109698321
1 109808190
1 109880514
1 109981819
1 110105918
1 110363543
1 110663608
1 110899290
1 110958103
1 111266315
1 111273405
1 111283796
1 111387078
1 111493567
1 111731156
1 111896262
1 112169227
1 112169494
1 112169732
1 112264405
1 112308455
1 112355105
1 112419362
1 112587308
1 112790223
1 112938380
1 112954063
1 112988429
1 113124755
1 113747918
1 113751760
1 113845965
1 113858865
1 114121038
1 114140924
1 114149739
1 114493168
1 114559862
1 114566106
1 115713631
1 115926657
1 116131573
1 116786966
1 116833994
1 116965938
1 117042743
1 117088074
1 117308518
1 117364185
1 117641213
1 117689653
1 118227142
1 118293726
1 118319089
1 118477413
1 118610021
1 118789290
1 119223204
1 119686124
1 119687518
1 119885678
1 119933504
1 120046551
1 120237749
1 120577410
1 120643405
1 121261268
1 121380062
1 122154033
1 122365128
1 122589487
1 122774420
1 123242171
1 123287799
1 123700768
1 124170556
1 124832787
1 124835442
1 125647933
1 126679826
1 126734798
1 126925607
1 127219905
1 127757871
1 128279914
1 128350721
1 128874928
1 129635929
1 131062516
1 131295751
1 132331470
1 132595170
1 132837935
1 133860605
1 134002085
1 134345646
1 134425163
1 135027232
1 135033133
1 136152761
1 136635014
1 137103650
1 137750977
1 138579112
1 138584215
1 139274966
1 139648854
1 140889074
1 141839923
1 142428574
1 142490115
1 144105513
1 144278203
1 144607720
1 144955778
1 145253794
1 145895624
1 146632186
1 149200855
1 160536682
1 160536712
1 160536717
1 160536757
1 160537089
1 160537119
1 160537247
1 160537253
1 160537258
2 160537262
1 160537267
1 160537294
1 160537302
2 160537306
2 160537309
1 160537334
2 160537336
1 160537339
1 160537344
1 160537345
3 160537347
1 160537351
1 160537352
1 160537353
2 160537355
1 160537361
1 160537366
1 160537381
2 160537389
1 160537393
1 160537394
3 160537396
2 160537399
1 160537400
2 160537401
1 160537407
1 160537411
2 160537413
1 160537420
1 160537428
1 160537432
1 160537433
1 160537435
1 160537436
1 160537437
2 160537438
1 160537440
2 160537443
1 160537448
2 160537450
1 160537451
4 160537452
1 160537460
1 160537463
1 160537471
1 160537473
1 160537633
1 160537647
1 160537651
1 160537662
1 160537676
2 160537851
1 161404581
1 162542197
1 166150852
1 169435692
1 174523079
