4 44
7 45
13 46
14 47
34 48
86 49
201 50
80923 51
138297 52
140600 53
145161 54
150354 55
155177 56
156671 57
146935 58
140032 59
138038 60
136681 61
141978 62
149728 63
148780 64
153282 65
146835 66
140646 67
128557 68
128777 69
124450 70
127020 71
134567 72
143134 73
152032 74
161491 75
157845 76
151622 77
146046 78
139325 79
138857 80
144176 81
150351 82
158024 83
166358 84
172006 85
173894 86
172289 87
162513 88
155846 89
152202 90
152626 91
160011 92
171761 93
176656 94
182412 95
185929 96
182604 97
177760 98
170279 99
162513 100
159988 101
164024 102
172105 103
180244 104
189242 105
191332 106
190592 107
185332 108
175646 109
169051 110
166878 111
166230 112
172044 113
179471 114
187620 115
191571 116
192874 117
188418 118
181802 119
172419 120
166096 121
163847 122
168350 123
173436 124
182910 125
184415 126
190624 127
184522 128
181843 129
172247 130
165197 131
162173 132
159199 133
163728 134
168749 135
173867 136
181531 137
184613 138
178079 139
171536 140
170215 141
161037 142
152639 143
149443 144
153726 145
159164 146
166075 147
172283 148
176688 149
187807 150
196656 151
181873 152
159688 153
147743 154
147777 155
150241 156
158962 157
166035 158
170696 159
167666 160
161783 161
156135 162
154708 163
157419 164
168285 165
184024 166
202110 167
207742 168
197507 169
182815 170
172583 171
166105 172
170065 173
183885 174
203052 175
219739 176
224491 177
218272 178
204695 179
191539 180
180362 181
175217 182
176795 183
180304 184
190955 185
199653 186
205609 187
207662 188
203562 189
197812 190
192001 191
189442 192
189528 193
194445 194
198582 195
202027 196
204994 197
204733 198
203126 199
200925 200
200533 201
201734 202
202671 203
206185 204
209120 205
210314 206
210269 207
206701 208
205689 209
201241 210
200122 211
199716 212
204455 213
205435 214
208253 215
208678 216
206915 217
204486 218
200490 219
196558 220
193964 221
192193 222
191571 223
193613 224
193532 225
194311 226
193523 227
191856 228
187456 229
185232 230
183358 231
180957 232
179686 233
178341 234
179164 235
178943 236
178136 237
175734 238
172177 239
169401 240
167875 241
164850 242
166649 243
161776 244
160760 245
159144 246
157455 247
157080 248
155846 249
154413 250
150950 251
148089 252
145507 253
144250 254
143444 255
140923 256
140862 257
139293 258
137411 259
137802 260
133352 261
131379 262
129966 263
128215 264
125753 265
125112 266
124890 267
124091 268
123465 269
121165 270
119170 271
117855 272
116448 273
115390 274
113345 275
111877 276
111767 277
111204 278
110661 279
110351 280
107849 281
107724 282
105262 283
103773 284
103565 285
102394 286
102007 287
101022 288
101627 289
100534 290
100254 291
98116 292
97387 293
96569 294
94605 295
93924 296
93790 297
93463 298
94013 299
93889 300
93612 301
92975 302
91821 303
89977 304
88851 305
87620 306
88032 307
87841 308
88533 309
88775 310
88832 311
87980 312
87078 313
85618 314
85041 315
82949 316
83540 317
82990 318
83702 319
83090 320
84650 321
83646 322
82611 323
81562 324
80874 325
79552 326
79173 327
80055 328
79501 329
80104 330
79576 331
79429 332
79795 333
78289 334
78258 335
77163 336
76684 337
76301 338
76488 339
77056 340
76253 341
75794 342
76592 343
76589 344
75979 345
74747 346
75106 347
73770 348
74494 349
75453 350
74449 351
74443 352
74617 353
74652 354
74093 355
74385 356
73664 357
72727 358
73407 359
73070 360
74015 361
72427 362
72111 363
72007 364
72386 365
72162 366
70880 367
72078 368
71399 369
71389 370
71219 371
70597 372
70259 373
70757 374
70316 375
72327 376
70377 377
70274 378
69955 379
69302 380
69527 381
69611 382
69970 383
68494 384
68121 385
67628 386
69176 387
67091 388
67179 389
66912 390
65926 391
66259 392
66419 393
65281 394
65169 395
64521 396
64183 397
64733 398
63788 399
63787 400
63553 401
63335 402
62813 403
62992 404
61987 405
62411 406
61793 407
61625 408
61022 409
61055 410
60668 411
59969 412
59395 413
59689 414
59066 415
58676 416
58929 417
57965 418
59217 419
57560 420
56709 421
56430 422
55559 423
56196 424
55077 425
55048 426
54444 427
54023 428
53394 429
52611 430
52983 431
52159 432
51740 433
51608 434
50453 435
50531 436
50460 437
49648 438
49173 439
50161 440
48372 441
48064 442
47841 443
47357 444
47373 445
46537 446
46156 447
45903 448
45467 449
45271 450
44501 451
43802 452
43740 453
43470 454
42515 455
42802 456
42540 457
42603 458
41897 459
41701 460
40982 461
40446 462
40413 463
40407 464
40479 465
39431 466
39604 467
39099 468
38987 469
39025 470
38042 471
37909 472
37669 473
37590 474
37325 475
37350 476
38786 477
36346 478
36551 479
36055 480
35321 481
35558 482
35117 483
35272 484
35044 485
34744 486
34681 487
33833 488
34583 489
33719 490
33342 491
33434 492
33221 493
34143 494
32810 495
32677 496
31931 497
32260 498
32031 499
32095 500
31496 501
31549 502
31182 503
31191 504
31227 505
30540 506
30549 507
30681 508
30271 509
30382 510
29985 511
29986 512
29984 513
29515 514
29253 515
29106 516
29145 517
28964 518
28618 519
28877 520
28576 521
28493 522
28549 523
28498 524
27930 525
27998 526
28294 527
28430 528
28051 529
27734 530
27789 531
27959 532
27481 533
27803 534
27943 535
27204 536
27866 537
26956 538
27147 539
26683 540
26802 541
26955 542
26549 543
26533 544
26628 545
26011 546
25871 547
25877 548
26080 549
26137 550
25516 551
25884 552
25734 553
25425 554
24993 555
25351 556
25232 557
25032 558
25186 559
24871 560
24925 561
24851 562
24707 563
24459 564
24516 565
24629 566
24196 567
24237 568
24315 569
23853 570
24001 571
23730 572
24009 573
23791 574
23590 575
23597 576
23465 577
23510 578
23707 579
23066 580
23601 581
22929 582
22995 583
23079 584
22864 585
22866 586
22958 587
22905 588
22662 589
22622 590
22625 591
22331 592
22454 593
22558 594
22443 595
21526 596
21791 597
21732 598
21342 599
21182 600
21088 601
20994 602
20543 603
20734 604
20650 605
20208 606
20359 607
19979 608
20390 609
19949 610
19622 611
19966 612
19548 613
19359 614
18929 615
19044 616
19002 617
18893 618
18776 619
18408 620
18516 621
18506 622
18199 623
18237 624
18305 625
17949 626
17820 627
17816 628
17378 629
17442 630
17357 631
17562 632
17480 633
17373 634
17139 635
17016 636
16532 637
16968 638
16966 639
16406 640
16729 641
16454 642
17058 643
16503 644
16545 645
16068 646
16156 647
16361 648
15627 649
17167 650
15622 651
15580 652
16749 653
15295 654
15527 655
15194 656
14945 657
15143 658
14904 659
14956 660
14506 661
14563 662
14427 663
14317 664
14499 665
14170 666
14149 667
14002 668
13689 669
13649 670
13522 671
13448 672
13273 673
13327 674
13410 675
13282 676
13212 677
13089 678
12926 679
12936 680
12718 681
12643 682
12781 683
12626 684
12541 685
12386 686
12428 687
12396 688
12283 689
12303 690
12226 691
12231 692
12215 693
12310 694
12001 695
12208 696
11925 697
12009 698
12466 699
12091 700
12427 701
12004 702
12329 703
12334 704
11863 705
12107 706
11575 707
12376 708
11607 709
12172 710
12238 711
11665 712
11840 713
11094 714
11319 715
11174 716
11282 717
11272 718
11050 719
11179 720
10956 721
10719 722
11022 723
10478 724
10712 725
10878 726
10662 727
10596 728
10502 729
10466 730
10384 731
10418 732
10364 733
10374 734
10081 735
10114 736
10194 737
10216 738
10084 739
9839 740
10157 741
9884 742
10059 743
10047 744
9717 745
9797 746
9619 747
9775 748
9778 749
9566 750
9640 751
9691 752
9702 753
9606 754
9582 755
9774 756
9505 757
9503 758
10174 759
9625 760
9771 761
9583 762
9367 763
9566 764
9115 765
9677 766
9229 767
9995 768
9402 769
9309 770
9760 771
9184 772
9050 773
8899 774
8827 775
8834 776
8778 777
8945 778
8468 779
8690 780
8519 781
8454 782
8696 783
8355 784
8140 785
8126 786
8256 787
7993 788
7968 789
8224 790
8090 791
7920 792
7880 793
7606 794
7760 795
7832 796
7699 797
7696 798
7579 799
7496 800
7472 801
7399 802
7419 803
7304 804
7237 805
7141 806
7427 807
7183 808
7199 809
7158 810
7170 811
7250 812
7052 813
7170 814
7010 815
7022 816
7120 817
7219 818
7215 819
6921 820
7174 821
6859 822
6993 823
7006 824
7044 825
7588 826
7007 827
6812 828
6973 829
6611 830
6578 831
7039 832
6672 833
6427 834
6368 835
6350 836
6372 837
6346 838
6411 839
6209 840
6173 841
6143 842
6125 843
5935 844
5648 845
5864 846
5724 847
5760 848
5588 849
5713 850
5699 851
5565 852
5458 853
5495 854
5454 855
5410 856
5363 857
5350 858
5535 859
5517 860
5263 861
5290 862
5322 863
5324 864
5264 865
5226 866
5091 867
5200 868
5015 869
5085 870
4999 871
5339 872
5177 873
5074 874
5369 875
5128 876
5416 877
5255 878
5176 879
5198 880
5136 881
5107 882
5039 883
5317 884
5121 885
5497 886
5455 887
5111 888
4974 889
4744 890
4885 891
4738 892
4894 893
4843 894
4859 895
4822 896
4722 897
4761 898
4646 899
4433 900
4446 901
4415 902
4304 903
4368 904
4279 905
4283 906
4177 907
4122 908
4202 909
4162 910
4158 911
4114 912
4274 913
4116 914
3970 915
4151 916
3958 917
4060 918
3939 919
4061 920
3946 921
3955 922
4061 923
4048 924
3912 925
3998 926
4062 927
3938 928
3994 929
3883 930
3869 931
4020 932
4065 933
3972 934
3961 935
3999 936
4223 937
4150 938
4008 939
3872 940
3953 941
3965 942
4396 943
4878 944
4136 945
4054 946
4115 947
3804 948
3810 949
3751 950
3798 951
3715 952
3802 953
3552 954
3562 955
3624 956
3473 957
3463 958
3419 959
3186 960
3337 961
3258 962
3371 963
3241 964
3283 965
3196 966
3173 967
3172 968
3077 969
3178 970
3204 971
3052 972
3041 973
2968 974
2972 975
2944 976
3049 977
2889 978
2893 979
2910 980
2975 981
2945 982
2947 983
2950 984
2949 985
2897 986
2866 987
2919 988
2894 989
2954 990
2908 991
2928 992
3027 993
3198 994
2940 995
3089 996
2994 997
3212 998
3262 999
3127 1000
1792 1001
1699 1002
1779 1003
1599 1004
1662 1005
1599 1006
1535 1007
1575 1008
1545 1009
1488 1010
1618 1011
1570 1012
1575 1013
1589 1014
1884 1015
1317 1016
1663 1017
1529 1018
1482 1019
1394 1020
1325 1021
1334 1022
1201 1023
1249 1024
1254 1025
1236 1026
1202 1027
1143 1028
1070 1029
1122 1030
1122 1031
1099 1032
1013 1033
946 1034
999 1035
1059 1036
1022 1037
1056 1038
1049 1039
1019 1040
1034 1041
1039 1042
1041 1043
1016 1044
968 1045
1015 1046
1002 1047
971 1048
925 1049
935 1050
948 1051
888 1052
907 1053
944 1054
936 1055
927 1056
920 1057
907 1058
880 1059
834 1060
876 1061
841 1062
814 1063
877 1064
788 1065
854 1066
831 1067
822 1068
827 1069
725 1070
833 1071
795 1072
797 1073
801 1074
767 1075
744 1076
752 1077
732 1078
735 1079
748 1080
748 1081
738 1082
743 1083
795 1084
762 1085
713 1086
777 1087
739 1088
695 1089
687 1090
707 1091
692 1092
648 1093
666 1094
658 1095
666 1096
614 1097
663 1098
670 1099
642 1100
666 1101
604 1102
609 1103
581 1104
633 1105
658 1106
617 1107
593 1108
637 1109
591 1110
595 1111
577 1112
563 1113
566 1114
533 1115
598 1116
556 1117
571 1118
581 1119
580 1120
520 1121
513 1122
517 1123
503 1124
536 1125
515 1126
522 1127
500 1128
540 1129
494 1130
507 1131
495 1132
461 1133
488 1134
503 1135
506 1136
486 1137
461 1138
457 1139
486 1140
425 1141
473 1142
430 1143
437 1144
472 1145
468 1146
446 1147
417 1148
402 1149
413 1150
398 1151
385 1152
411 1153
414 1154
457 1155
398 1156
395 1157
401 1158
379 1159
357 1160
374 1161
369 1162
373 1163
363 1164
393 1165
369 1166
332 1167
370 1168
365 1169
360 1170
378 1171
328 1172
379 1173
347 1174
342 1175
318 1176
332 1177
318 1178
331 1179
306 1180
312 1181
308 1182
284 1183
323 1184
324 1185
280 1186
292 1187
259 1188
286 1189
298 1190
292 1191
274 1192
301 1193
282 1194
254 1195
283 1196
266 1197
283 1198
274 1199
318 1200
274 1201
269 1202
250 1203
257 1204
257 1205
251 1206
252 1207
252 1208
272 1209
233 1210
240 1211
245 1212
234 1213
229 1214
223 1215
219 1216
223 1217
218 1218
217 1219
215 1220
231 1221
219 1222
229 1223
202 1224
196 1225
202 1226
198 1227
180 1228
205 1229
215 1230
209 1231
187 1232
193 1233
198 1234
184 1235
186 1236
172 1237
181 1238
190 1239
180 1240
184 1241
168 1242
174 1243
168 1244
171 1245
185 1246
168 1247
171 1248
176 1249
156 1250
152 1251
154 1252
161 1253
158 1254
159 1255
158 1256
171 1257
162 1258
162 1259
161 1260
152 1261
150 1262
158 1263
139 1264
133 1265
131 1266
140 1267
118 1268
115 1269
131 1270
133 1271
130 1272
134 1273
134 1274
129 1275
136 1276
134 1277
121 1278
141 1279
126 1280
125 1281
131 1282
139 1283
111 1284
109 1285
128 1286
113 1287
109 1288
107 1289
129 1290
126 1291
139 1292
140 1293
113 1294
110 1295
121 1296
115 1297
106 1298
117 1299
108 1300
112 1301
128 1302
125 1303
125 1304
122 1305
109 1306
118 1307
103 1308
94 1309
103 1310
83 1311
95 1312
93 1313
106 1314
91 1315
83 1316
102 1317
77 1318
94 1319
107 1320
107 1321
83 1322
81 1323
95 1324
80 1325
85 1326
74 1327
88 1328
85 1329
88 1330
77 1331
86 1332
83 1333
81 1334
82 1335
74 1336
72 1337
84 1338
80 1339
96 1340
89 1341
74 1342
70 1343
89 1344
72 1345
77 1346
78 1347
69 1348
83 1349
69 1350
79 1351
73 1352
70 1353
61 1354
73 1355
82 1356
60 1357
59 1358
76 1359
61 1360
60 1361
70 1362
65 1363
56 1364
68 1365
58 1366
58 1367
77 1368
74 1369
71 1370
58 1371
69 1372
53 1373
59 1374
61 1375
48 1376
49 1377
69 1378
60 1379
72 1380
59 1381
70 1382
58 1383
57 1384
68 1385
50 1386
57 1387
56 1388
58 1389
48 1390
48 1391
50 1392
59 1393
54 1394
57 1395
40 1396
55 1397
50 1398
45 1399
50 1400
61 1401
60 1402
50 1403
38 1404
43 1405
52 1406
45 1407
49 1408
40 1409
46 1410
44 1411
46 1412
47 1413
49 1414
47 1415
52 1416
45 1417
48 1418
45 1419
45 1420
50 1421
44 1422
40 1423
42 1424
44 1425
34 1426
42 1427
43 1428
39 1429
48 1430
46 1431
27 1432
53 1433
44 1434
46 1435
37 1436
42 1437
28 1438
26 1439
49 1440
40 1441
37 1442
46 1443
38 1444
36 1445
30 1446
28 1447
30 1448
33 1449
23 1450
41 1451
31 1452
30 1453
42 1454
25 1455
35 1456
32 1457
38 1458
34 1459
37 1460
38 1461
36 1462
34 1463
26 1464
46 1465
35 1466
29 1467
34 1468
21 1469
31 1470
36 1471
27 1472
31 1473
35 1474
26 1475
19 1476
43 1477
26 1478
29 1479
28 1480
19 1481
37 1482
27 1483
28 1484
37 1485
24 1486
30 1487
42 1488
27 1489
27 1490
18 1491
32 1492
23 1493
31 1494
31 1495
23 1496
30 1497
30 1498
33 1499
25 1500
28 1501
26 1502
24 1503
22 1504
27 1505
32 1506
29 1507
30 1508
27 1509
22 1510
28 1511
17 1512
31 1513
20 1514
23 1515
26 1516
24 1517
19 1518
22 1519
21 1520
23 1521
18 1522
22 1523
21 1524
31 1525
27 1526
27 1527
29 1528
28 1529
29 1530
19 1531
19 1532
22 1533
22 1534
28 1535
17 1536
20 1537
24 1538
25 1539
32 1540
24 1541
24 1542
31 1543
27 1544
25 1545
19 1546
28 1547
19 1548
23 1549
21 1550
36 1551
21 1552
23 1553
16 1554
13 1555
19 1556
19 1557
24 1558
24 1559
26 1560
29 1561
22 1562
16 1563
16 1564
20 1565
11 1566
17 1567
17 1568
21 1569
19 1570
10 1571
17 1572
20 1573
18 1574
8 1575
17 1576
22 1577
16 1578
19 1579
23 1580
17 1581
19 1582
17 1583
21 1584
17 1585
12 1586
11 1587
12 1588
20 1589
21 1590
14 1591
18 1592
16 1593
12 1594
19 1595
11 1596
25 1597
11 1598
13 1599
22 1600
9 1601
11 1602
18 1603
15 1604
11 1605
14 1606
17 1607
13 1608
14 1609
17 1610
14 1611
11 1612
15 1613
19 1614
18 1615
15 1616
17 1617
15 1618
12 1619
12 1620
24 1621
16 1622
11 1623
13 1624
10 1625
7 1626
16 1627
9 1628
18 1629
19 1630
20 1631
16 1632
11 1633
16 1634
8 1635
11 1636
11 1637
10 1638
8 1639
23 1640
10 1641
16 1642
12 1643
14 1644
10 1645
17 1646
15 1647
13 1648
19 1649
18 1650
15 1651
11 1652
13 1653
9 1654
9 1655
15 1656
8 1657
15 1658
10 1659
12 1660
9 1661
14 1662
13 1663
12 1664
11 1665
19 1666
8 1667
8 1668
10 1669
10 1670
4 1671
9 1672
12 1673
11 1674
12 1675
12 1676
15 1677
15 1678
9 1679
15 1680
11 1681
11 1682
8 1683
16 1684
9 1685
13 1686
11 1687
12 1688
7 1689
7 1690
12 1691
15 1692
11 1693
9 1694
6 1695
13 1696
19 1697
16 1698
9 1699
8 1700
10 1701
11 1702
7 1703
11 1704
8 1705
5 1706
6 1707
9 1708
5 1709
8 1710
13 1711
9 1712
17 1713
6 1714
5 1715
6 1716
8 1717
12 1718
10 1719
10 1720
8 1721
12 1722
11 1723
7 1724
11 1725
11 1726
8 1727
8 1728
5 1729
15 1730
7 1731
5 1732
8 1733
9 1734
13 1735
3 1736
7 1737
9 1738
11 1739
11 1740
4 1741
9 1742
6 1743
6 1744
4 1745
7 1746
3 1747
12 1748
9 1749
4 1750
12 1751
11 1752
8 1753
5 1754
6 1755
9 1756
11 1757
5 1758
9 1759
3 1760
14 1761
9 1762
6 1763
5 1764
5 1765
10 1766
14 1767
7 1768
5 1769
12 1770
11 1771
6 1772
10 1773
7 1774
7 1775
4 1776
7 1777
8 1778
8 1779
8 1780
10 1781
5 1782
7 1783
5 1784
7 1785
8 1786
9 1787
3 1788
8 1789
9 1790
10 1791
10 1792
9 1793
3 1794
2 1795
8 1796
8 1797
9 1798
1 1799
7 1800
10 1801
7 1802
8 1803
7 1804
8 1805
13 1806
6 1807
6 1808
11 1809
5 1810
5 1811
7 1812
2 1813
7 1814
10 1815
3 1816
7 1817
7 1818
3 1819
6 1820
2 1821
14 1822
6 1823
9 1824
4 1825
5 1826
4 1827
6 1828
4 1829
4 1830
9 1831
6 1832
8 1833
8 1834
8 1835
11 1836
6 1837
4 1838
10 1839
10 1840
11 1841
4 1842
6 1843
8 1844
4 1845
6 1846
4 1847
5 1848
5 1849
6 1850
4 1851
4 1852
2 1853
5 1854
4 1855
5 1856
4 1857
9 1858
6 1859
6 1860
11 1861
2 1862
8 1863
6 1864
7 1865
6 1866
4 1867
5 1868
2 1869
2 1870
5 1871
2 1872
3 1873
2 1874
5 1875
6 1876
2 1877
7 1878
7 1879
4 1880
6 1881
5 1882
5 1883
3 1884
6 1885
7 1886
5 1887
6 1888
6 1889
4 1890
2 1891
5 1892
5 1893
6 1894
8 1895
6 1896
14 1897
6 1898
6 1899
4 1900
4 1901
9 1902
8 1903
7 1904
3 1905
4 1906
4 1907
3 1908
5 1909
5 1910
3 1911
5 1912
2 1913
5 1914
4 1915
4 1916
8 1917
9 1918
5 1919
2 1920
8 1921
5 1922
1 1923
4 1924
7 1925
2 1926
5 1927
5 1928
4 1929
5 1930
2 1931
8 1932
3 1933
7 1934
2 1935
8 1936
5 1937
2 1938
3 1939
4 1940
5 1941
2 1942
7 1943
5 1944
7 1945
3 1946
8 1947
6 1948
6 1949
5 1950
2 1951
9 1952
6 1953
6 1954
5 1955
3 1956
9 1957
6 1958
8 1959
2 1960
5 1961
4 1962
2 1963
2 1964
6 1965
4 1966
4 1967
3 1968
5 1969
7 1970
3 1971
4 1972
5 1973
4 1974
3 1975
4 1976
6 1977
2 1978
2 1979
6 1980
4 1981
2 1982
1 1983
2 1984
2 1985
3 1986
1 1987
6 1988
5 1989
4 1990
5 1991
9 1992
4 1993
5 1994
2 1995
2 1996
5 1997
2 1998
4 1999
7 2000
5 2001
5 2002
3 2003
4 2004
4 2005
8 2006
2 2007
5 2008
3 2009
9 2010
10 2011
4 2012
4 2013
5 2014
10 2015
7 2016
5 2017
4 2018
3 2019
2 2020
1 2021
3 2022
4 2023
8 2024
3 2025
1 2026
2 2027
3 2028
1 2029
2 2030
3 2031
5 2032
4 2033
6 2034
6 2035
4 2036
1 2037
2 2038
3 2039
3 2040
7 2041
5 2042
4 2043
3 2044
4 2045
4 2046
3 2047
2 2048
2 2049
1 2050
5 2051
4 2052
5 2053
9 2054
2 2055
2 2056
1 2057
3 2058
4 2059
3 2060
8 2061
1 2062
1 2063
1 2064
5 2065
2 2066
4 2067
5 2068
4 2069
1 2070
2 2071
7 2073
1 2074
6 2075
8 2076
4 2077
7 2078
2 2079
9 2080
5 2081
2 2082
2 2083
4 2084
2 2085
2 2086
4 2087
3 2088
4 2089
4 2090
6 2091
2 2092
2 2093
5 2094
5 2095
5 2096
2 2098
3 2099
5 2100
5 2101
2 2102
3 2103
7 2105
4 2106
3 2107
7 2108
2 2109
2 2110
4 2111
5 2112
2 2113
1 2114
3 2115
3 2116
5 2117
3 2118
5 2119
6 2120
7 2121
2 2122
6 2123
3 2124
7 2125
4 2126
1 2127
4 2128
4 2129
1 2130
1 2131
6 2132
2 2133
1 2134
2 2135
5 2136
4 2137
1 2138
4 2139
1 2140
3 2141
6 2142
5 2143
2 2144
2 2145
3 2146
2 2147
1 2148
1 2149
2 2150
1 2151
2 2152
3 2153
6 2154
3 2155
2 2156
3 2158
2 2159
1 2160
2 2161
3 2162
1 2163
5 2164
3 2165
2 2166
2 2167
2 2168
3 2169
2 2170
3 2171
5 2173
2 2174
3 2175
1 2177
1 2178
3 2179
4 2180
2 2182
2 2183
2 2184
1 2185
1 2186
9 2187
3 2188
2 2189
3 2190
1 2191
2 2192
8 2193
2 2194
3 2195
1 2196
3 2197
3 2199
3 2200
1 2201
2 2202
4 2203
2 2204
3 2205
3 2206
3 2207
3 2208
1 2209
3 2210
5 2211
2 2213
3 2214
1 2215
1 2216
3 2217
2 2218
2 2219
3 2220
2 2223
5 2224
2 2225
2 2226
4 2227
4 2228
1 2229
3 2231
4 2232
4 2233
2 2234
4 2236
1 2237
3 2238
4 2239
1 2240
3 2241
1 2242
2 2243
3 2244
2 2246
4 2247
3 2248
2 2249
3 2250
2 2251
1 2252
3 2253
4 2254
4 2255
3 2256
1 2257
5 2258
2 2259
1 2260
4 2261
1 2263
3 2264
3 2265
7 2266
4 2267
4 2268
3 2269
4 2270
1 2273
1 2274
2 2275
1 2276
2 2277
5 2278
3 2279
3 2280
4 2281
3 2282
2 2283
4 2284
2 2285
2 2286
2 2287
2 2288
2 2289
3 2290
2 2291
3 2292
4 2293
1 2295
2 2296
1 2297
6 2298
1 2299
2 2300
1 2301
2 2302
2 2303
1 2304
2 2305
2 2306
2 2307
1 2308
1 2309
4 2310
2 2311
5 2312
1 2313
5 2314
4 2315
6 2316
4 2317
5 2319
1 2320
4 2321
3 2322
2 2323
2 2324
1 2325
5 2326
2 2327
2 2328
1 2329
4 2330
4 2331
1 2332
3 2333
1 2334
4 2335
2 2336
1 2337
3 2338
3 2339
2 2340
2 2341
4 2342
2 2343
3 2344
4 2345
4 2347
3 2349
1 2350
4 2351
1 2352
1 2353
2 2354
5 2356
1 2357
1 2358
2 2360
2 2361
1 2362
2 2363
2 2364
2 2365
3 2367
1 2369
2 2370
5 2371
2 2372
2 2373
2 2375
1 2376
1 2378
2 2381
4 2382
3 2384
1 2386
2 2389
1 2390
3 2391
1 2393
2 2394
3 2395
2 2396
1 2397
1 2398
1 2399
2 2400
2 2401
2 2404
2 2405
7 2406
3 2407
1 2408
2 2409
2 2414
2 2415
4 2418
1 2422
6 2423
3 2424
1 2425
1 2427
1 2428
1 2429
2 2430
1 2434
1 2435
1 2436
1 2437
1 2438
2 2439
1 2440
2 2441
2 2442
1 2444
2 2446
3 2448
2 2449
3 2450
1 2452
1 2453
1 2454
3 2455
2 2456
4 2457
4 2458
1 2459
1 2462
2 2464
2 2467
5 2468
2 2471
1 2473
1 2474
2 2476
2 2477
2 2478
3 2480
1 2481
1 2483
1 2484
1 2485
2 2486
1 2487
2 2488
2 2489
2 2490
2 2491
1 2492
1 2493
3 2494
1 2495
2 2496
1 2498
3 2499
5 2502
3 2505
3 2507
1 2508
4 2512
1 2515
1 2516
2 2517
2 2518
1 2519
1 2521
2 2522
1 2523
1 2526
1 2527
1 2529
2 2530
2 2533
3 2534
5 2535
2 2536
1 2537
3 2538
1 2539
3 2540
1 2545
3 2547
2 2548
2 2549
2 2552
1 2553
1 2555
1 2556
2 2558
4 2560
1 2564
2 2566
1 2567
1 2568
1 2569
2 2570
3 2571
1 2574
2 2579
1 2585
1 2586
1 2587
1 2588
1 2590
2 2591
1 2592
4 2593
1 2595
1 2596
2 2597
1 2598
1 2601
1 2602
1 2603
1 2604
3 2606
1 2610
4 2611
1 2612
1 2615
1 2618
2 2619
3 2620
2 2621
1 2622
3 2625
2 2629
1 2631
1 2632
2 2633
2 2634
1 2636
2 2637
2 2638
1 2641
2 2642
3 2643
1 2645
1 2647
1 2648
1 2649
1 2652
3 2653
3 2654
1 2656
1 2657
1 2658
1 2659
3 2661
1 2662
2 2663
2 2664
1 2665
2 2666
2 2672
1 2673
3 2677
1 2679
1 2680
1 2681
2 2682
1 2684
1 2687
1 2688
2 2689
4 2693
4 2694
1 2696
3 2697
1 2698
1 2699
1 2700
1 2704
2 2705
2 2711
2 2715
1 2719
1 2722
2 2723
1 2724
2 2725
4 2726
1 2727
1 2730
1 2731
3 2732
1 2734
3 2735
2 2738
1 2739
1 2741
1 2742
1 2743
1 2746
3 2747
1 2749
1 2750
3 2751
1 2752
1 2753
1 2757
2 2759
1 2760
1 2762
2 2764
2 2765
2 2768
1 2770
2 2771
1 2773
2 2775
1 2776
1 2778
1 2780
1 2783
1 2789
1 2791
1 2796
2 2798
1 2799
1 2801
1 2802
1 2803
3 2804
1 2806
4 2807
1 2808
1 2810
1 2812
1 2813
2 2816
1 2819
1 2825
1 2828
2 2833
1 2836
1 2837
1 2838
2 2845
1 2848
2 2855
1 2856
1 2859
1 2861
1 2863
1 2869
1 2871
1 2874
2 2876
1 2879
1 2881
2 2883
1 2886
3 2889
2 2893
3 2895
2 2898
1 2900
2 2904
1 2905
1 2906
1 2910
1 2911
4 2912
1 2913
2 2918
1 2920
1 2921
1 2922
1 2924
1 2927
1 2928
1 2930
1 2931
1 2933
1 2935
1 2938
2 2939
1 2940
1 2941
1 2942
1 2943
2 2944
1 2946
1 2948
2 2950
1 2951
1 2955
1 2960
1 2966
1 2971
1 2972
1 2973
1 2976
2 2978
2 2979
2 2980
1 2981
2 2990
1 2994
1 2996
3 2998
2 2999
1 3000
1 3001
2 3003
1 3004
2 3006
2 3010
1 3011
2 3012
3 3013
1 3017
1 3020
2 3021
1 3022
2 3023
1 3030
1 3031
1 3032
1 3034
2 3036
1 3038
2 3043
1 3045
1 3048
2 3050
2 3051
1 3053
3 3055
2 3056
1 3057
3 3060
1 3061
2 3063
1 3064
3 3070
1 3071
1 3076
2 3078
3 3079
1 3080
1 3081
1 3083
1 3087
1 3088
1 3090
1 3091
2 3096
1 3098
1 3102
2 3103
1 3106
1 3107
3 3108
2 3111
1 3112
2 3114
1 3118
1 3121
2 3122
1 3123
1 3124
1 3125
1 3134
1 3136
3 3139
1 3141
2 3142
1 3143
1 3144
2 3145
1 3146
3 3147
1 3148
1 3156
1 3157
2 3159
4 3161
3 3164
1 3165
1 3171
1 3173
2 3175
1 3177
1 3180
1 3182
1 3185
1 3187
1 3191
1 3192
2 3193
2 3194
1 3195
2 3197
1 3199
1 3201
1 3204
2 3207
1 3208
1 3209
1 3214
1 3215
1 3221
2 3223
1 3224
1 3225
1 3227
1 3228
1 3229
1 3230
1 3231
1 3232
1 3233
2 3235
1 3237
1 3241
3 3245
1 3246
1 3251
2 3252
1 3261
2 3262
2 3263
2 3264
2 3267
2 3268
3 3270
2 3271
1 3272
2 3273
2 3274
1 3276
1 3279
1 3281
1 3285
1 3287
2 3290
2 3291
1 3292
2 3293
1 3294
1 3295
2 3296
3 3298
2 3299
2 3300
3 3303
1 3304
1 3305
1 3306
4 3307
1 3309
1 3310
1 3311
1 3312
1 3313
1 3314
1 3319
2 3320
4 3321
3 3322
2 3323
2 3325
2 3326
1 3328
2 3329
2 3331
1 3332
3 3335
2 3336
1 3337
2 3338
2 3339
2 3342
1 3343
1 3351
1 3352
2 3353
3 3355
1 3357
1 3358
2 3360
2 3361
1 3363
1 3365
2 3366
2 3367
1 3369
1 3370
2 3375
1 3376
1 3378
1 3379
3 3385
1 3386
2 3388
1 3390
1 3391
1 3392
1 3393
2 3394
1 3395
4 3397
3 3403
2 3405
2 3406
3 3407
1 3410
5 3411
3 3412
1 3413
4 3415
3 3417
1 3418
1 3422
1 3425
2 3427
1 3428
2 3430
2 3431
2 3432
2 3433
1 3436
1 3439
1 3441
1 3442
1 3444
1 3446
1 3448
2 3451
1 3453
1 3455
1 3456
1 3457
2 3458
1 3466
3 3470
2 3471
1 3472
2 3476
1 3477
2 3480
1 3487
1 3489
1 3490
1 3492
1 3494
3 3495
2 3499
1 3500
1 3502
1 3503
1 3505
2 3507
2 3510
1 3511
1 3512
1 3515
1 3522
1 3524
3 3525
1 3528
1 3529
1 3531
1 3538
2 3542
1 3546
2 3547
3 3548
1 3549
1 3550
1 3551
2 3556
2 3558
1 3561
1 3562
1 3563
1 3566
1 3568
1 3570
2 3571
1 3574
1 3575
1 3576
3 3578
1 3582
2 3589
1 3591
1 3592
3 3593
1 3595
2 3596
1 3601
2 3602
1 3603
1 3605
2 3606
1 3607
3 3608
1 3609
2 3613
1 3615
1 3620
3 3621
2 3625
1 3627
1 3628
1 3629
3 3630
1 3633
1 3634
2 3635
1 3639
1 3642
1 3645
2 3648
2 3649
1 3650
1 3653
1 3654
1 3655
3 3659
1 3660
1 3666
1 3668
1 3669
1 3670
1 3671
1 3672
1 3673
1 3680
1 3681
2 3682
1 3685
2 3693
1 3696
1 3697
1 3699
1 3701
1 3703
1 3704
2 3705
1 3709
1 3710
1 3712
2 3714
1 3721
2 3723
2 3724
1 3725
1 3726
2 3727
1 3730
1 3736
4 3738
1 3740
1 3745
1 3748
1 3751
1 3756
1 3759
1 3760
2 3767
1 3770
3 3781
2 3783
1 3785
2 3786
1 3787
2 3788
1 3789
3 3790
1 3792
1 3793
1 3796
1 3801
1 3804
2 3807
1 3808
1 3809
1 3810
1 3812
1 3817
1 3819
1 3822
1 3823
1 3824
2 3825
1 3828
1 3830
3 3833
1 3834
3 3835
1 3836
1 3837
1 3840
1 3842
2 3843
1 3845
1 3848
1 3853
1 3855
1 3858
2 3865
2 3866
2 3869
1 3882
1 3883
1 3886
1 3888
2 3889
1 3893
1 3895
1 3896
1 3898
1 3899
1 3900
1 3901
1 3905
1 3907
1 3908
2 3910
1 3911
1 3914
1 3918
3 3922
1 3923
1 3928
1 3934
1 3936
1 3940
1 3943
1 3944
1 3947
2 3956
1 3957
3 3958
1 3964
1 3968
1 3976
1 3978
1 3980
1 3981
2 3993
1 3994
1 4001
1 4006
1 4007
1 4015
1 4017
1 4020
4 4025
1 4028
2 4029
1 4031
1 4032
1 4033
1 4040
1 4043
1 4044
1 4046
1 4049
4 4052
1 4053
1 4060
3 4063
1 4065
1 4067
1 4070
1 4071
1 4072
1 4074
1 4086
1 4089
1 4097
1 4099
2 4104
1 4106
1 4107
1 4110
1 4111
2 4116
2 4120
1 4121
1 4125
1 4128
2 4131
1 4141
1 4147
2 4149
1 4150
1 4153
1 4154
2 4155
1 4157
2 4164
1 4170
1 4172
1 4175
1 4176
1 4177
1 4179
2 4180
1 4183
1 4191
2 4192
1 4198
1 4200
1 4203
1 4204
1 4210
1 4221
1 4228
1 4232
1 4234
1 4243
1 4249
1 4250
1 4252
1 4258
1 4261
1 4263
1 4267
1 4273
1 4277
1 4280
1 4296
1 4302
1 4320
1 4322
2 4332
1 4333
1 4340
3 4345
1 4371
1 4372
1 4376
1 4380
1 4395
1 4402
1 4416
1 4418
1 4429
1 4441
1 4453
1 4465
3 4470
1 4492
1 4494
1 4496
1 4502
1 4518
1 4521
1 4539
1 4554
1 4566
1 4579
1 4586
1 4589
3 4600
1 4606
1 4608
1 4610
1 4618
1 4620
1 4642
1 4644
3 4647
1 4652
1 4664
1 4667
1 4671
1 4680
1 4684
1 4686
1 4688
1 4690
1 4697
2 4720
1 4738
1 4743
1 4748
1 4754
1 4758
1 4761
1 4762
1 4772
1 4778
1 4786
1 4793
1 4797
2 4814
1 4817
1 4818
1 4822
1 4827
1 4829
1 4841
1 4857
1 4858
1 4863
1 4867
1 4868
1 4872
1 4875
1 4877
2 4896
1 4903
3 4916
1 4923
1 4936
1 4944
1 4950
1 4954
2 4975
1 4976
2 4996
2 5001
1 5012
1 5013
1 5019
1 5021
2 5022
1 5023
2 5028
1 5036
1 5043
1 5047
1 5052
3 5055
1 5059
1 5073
1 5090
1 5093
1 5107
1 5115
1 5118
2 5124
2 5130
1 5134
2 5135
2 5140
2 5146
1 5147
1 5150
2 5163
2 5165
1 5171
2 5173
1 5174
2 5192
1 5195
2 5200
1 5206
1 5209
1 5210
1 5212
1 5213
1 5214
1 5221
1 5239
2 5242
1 5247
2 5249
1 5269
1 5271
1 5275
1 5276
2 5281
1 5292
1 5301
1 5308
1 5311
1 5317
2 5318
1 5319
1 5322
2 5325
1 5328
1 5329
1 5330
1 5335
1 5336
1 5339
1 5346
2 5352
1 5360
1 5376
1 5377
2 5380
2 5388
1 5392
1 5394
1 5395
3 5396
1 5401
1 5402
1 5406
1 5409
2 5412
1 5413
1 5423
1 5426
1 5443
1 5445
2 5454
1 5456
1 5460
1 5478
1 5479
1 5486
1 5487
1 5494
1 5495
1 5497
1 5503
3 5505
3 5506
1 5508
1 5510
1 5513
1 5518
1 5521
1 5528
1 5529
1 5535
2 5536
1 5537
2 5544
1 5545
1 5549
1 5554
1 5557
1 5562
1 5563
2 5566
1 5568
1 5571
3 5584
2 5586
2 5589
1 5604
1 5608
1 5609
1 5612
1 5613
1 5614
2 5616
1 5617
1 5618
1 5619
1 5620
1 5625
1 5626
2 5638
2 5639
2 5641
1 5643
2 5645
1 5647
1 5649
1 5650
1 5655
1 5657
1 5659
1 5677
1 5678
1 5680
1 5683
1 5688
4 5689
1 5690
1 5692
1 5697
1 5698
1 5704
1 5705
3 5707
1 5709
1 5712
1 5716
1 5722
1 5725
1 5735
1 5737
1 5744
1 5745
1 5746
3 5749
1 5755
1 5756
1 5760
2 5763
1 5764
2 5770
1 5774
2 5779
1 5785
2 5789
1 5793
2 5795
2 5797
1 5801
1 5803
2 5804
1 5808
1 5810
1 5813
1 5817
1 5818
1 5820
1 5823
3 5831
1 5832
1 5835
1 5844
1 5845
1 5848
1 5849
3 5852
1 5857
1 5859
1 5861
2 5862
1 5866
1 5871
1 5880
1 5887
2 5894
2 5898
1 5900
1 5901
1 5902
1 5905
1 5906
3 5911
1 5913
2 5915
1 5918
2 5919
2 5920
1 5921
1 5925
1 5928
1 5930
1 5932
1 5933
1 5935
1 5938
1 5939
1 5940
1 5941
1 5948
2 5950
1 5952
4 5953
1 5954
1 5955
2 5958
2 5959
2 5967
1 5968
1 5970
1 5972
1 5976
2 5979
1 5984
1 5996
1 6003
1 6008
1 6010
2 6011
1 6015
1 6016
1 6021
1 6041
2 6049
1 6058
1 6060
1 6076
1 6101
1 6118
1 6135
2 6136
2 6140
1 6148
1 6167
1 6181
1 6183
1 6187
2 6209
2 6237
2 6239
2 6257
1 6258
1 6261
2 6272
1 6277
2 6279
2 6280
1 6282
1 6283
2 6290
2 6294
1 6298
1 6304
1 6307
1 6308
1 6312
1 6330
1 6335
2 6340
1 6343
1 6346
1 6352
1 6356
2 6379
1 6384
2 6386
1 6388
1 6400
1 6401
1 6403
1 6405
1 6406
1 6416
1 6417
1 6419
1 6428
1 6429
2 6430
1 6436
1 6443
1 6444
1 6448
1 6449
1 6451
1 6452
1 6453
3 6454
3 6455
1 6460
1 6465
1 6466
3 6471
1 6472
2 6473
1 6475
3 6486
2 6487
3 6489
1 6491
1 6492
1 6496
2 6499
1 6504
1 6505
1 6509
1 6512
1 6517
2 6519
1 6520
2 6521
1 6524
1 6526
1 6529
2 6531
1 6539
1 6540
2 6541
1 6549
1 6551
1 6555
1 6556
1 6558
1 6559
2 6561
1 6562
2 6563
2 6564
1 6571
2 6572
1 6577
1 6579
1 6582
1 6583
2 6584
1 6586
3 6587
3 6589
1 6590
1 6594
1 6595
1 6596
1 6597
2 6598
2 6599
1 6602
2 6603
1 6608
1 6609
2 6614
1 6615
2 6616
1 6621
3 6622
4 6623
3 6624
1 6626
1 6630
1 6631
2 6632
2 6633
1 6634
1 6635
4 6636
1 6637
5 6638
1 6639
1 6640
1 6643
2 6644
1 6646
3 6647
1 6649
1 6650
1 6651
1 6652
2 6653
3 6654
1 6655
1 6656
1 6657
3 6659
1 6660
4 6661
1 6662
1 6663
2 6665
2 6666
1 6668
3 6670
3 6671
1 6673
2 6674
1 6675
1 6676
1 6681
1 6683
1 6685
3 6686
1 6688
1 6689
1 6692
1 6694
2 6695
1 6699
2 6700
1 6702
1 6703
5 6705
1 6708
1 6713
1 6714
1 6715
2 6716
1 6718
3 6720
1 6723
1 6727
1 6730
1 6731
1 6735
1 6737
1 6743
2 6744
3 6745
1 6746
1 6748
1 6749
1 6750
1 6751
1 6752
2 6753
1 6755
3 6757
1 6758
2 6759
1 6760
2 6761
1 6763
2 6767
2 6769
1 6771
3 6772
1 6773
2 6775
1 6779
1 6780
1 6782
1 6786
1 6787
3 6790
1 6792
1 6793
1 6798
2 6801
3 6806
1 6809
1 6811
1 6813
3 6814
1 6815
2 6817
1 6818
1 6819
1 6824
2 6827
1 6828
2 6829
1 6831
2 6832
1 6833
1 6835
2 6839
1 6840
1 6844
1 6845
1 6846
1 6847
1 6850
1 6851
1 6852
4 6854
1 6858
2 6859
4 6863
3 6864
2 6865
1 6870
5 6872
1 6873
1 6876
2 6879
3 6880
1 6881
2 6882
1 6884
1 6886
1 6887
4 6888
2 6889
1 6890
1 6891
4 6896
1 6897
1 6899
1 6901
2 6902
4 6903
2 6905
1 6906
1 6907
2 6908
1 6910
2 6911
1 6912
1 6914
2 6916
1 6918
3 6919
3 6923
2 6924
3 6925
1 6928
1 6931
2 6932
1 6933
2 6939
1 6940
1 6943
1 6944
1 6945
1 6948
2 6949
1 6952
2 6954
2 6956
3 6957
1 6958
1 6961
2 6964
3 6966
1 6967
1 6968
2 6969
1 6971
1 6976
1 6978
1 6979
2 6980
1 6981
1 6983
4 6984
1 6986
1 6987
2 6988
1 6989
2 6991
1 6994
1 6995
1 6996
1 6998
2 7000
1 7005
1 7006
1 7007
1 7008
2 7009
2 7010
1 7016
5 7021
1 7022
1 7023
2 7024
1 7025
2 7026
1 7028
1 7030
1 7031
1 7034
1 7037
1 7039
1 7042
2 7044
4 7047
1 7049
1 7051
1 7053
2 7055
2 7056
1 7058
1 7060
1 7062
1 7063
2 7064
3 7066
2 7067
1 7072
1 7073
2 7075
2 7078
1 7084
1 7086
1 7089
3 7091
1 7096
1 7099
1 7101
2 7102
1 7103
1 7104
1 7105
1 7109
1 7110
1 7112
4 7114
1 7115
1 7116
1 7117
1 7122
1 7123
1 7124
1 7127
1 7128
1 7132
2 7134
1 7135
1 7137
1 7142
1 7145
1 7146
2 7147
1 7148
1 7151
1 7153
1 7159
1 7164
1 7166
3 7168
1 7171
1 7172
2 7173
1 7177
1 7181
1 7182
2 7184
2 7186
4 7188
1 7189
2 7197
1 7202
1 7203
2 7206
1 7207
1 7210
2 7213
1 7214
1 7215
1 7216
1 7219
1 7220
1 7222
1 7223
2 7225
2 7226
2 7227
1 7228
1 7229
1 7237
2 7238
1 7239
1 7240
1 7242
1 7243
2 7246
3 7247
1 7249
2 7250
3 7253
1 7254
1 7256
2 7257
2 7259
1 7260
1 7261
1 7262
1 7263
2 7265
4 7267
1 7268
1 7269
1 7270
1 7271
4 7272
1 7273
2 7276
1 7277
2 7278
4 7280
1 7281
1 7282
1 7287
2 7292
3 7293
1 7294
2 7298
1 7299
1 7300
1 7303
1 7304
3 7306
3 7309
2 7310
3 7316
1 7317
3 7323
1 7324
2 7325
2 7326
2 7328
2 7329
2 7330
2 7331
1 7333
4 7334
1 7335
1 7338
1 7340
1 7341
1 7343
1 7345
1 7346
1 7350
1 7351
2 7352
1 7353
2 7354
3 7359
2 7362
3 7363
2 7366
1 7368
1 7374
2 7377
1 7378
2 7380
1 7382
3 7385
1 7386
4 7388
1 7389
1 7390
1 7392
1 7395
2 7397
1 7398
1 7399
1 7401
1 7402
1 7403
4 7404
2 7405
1 7406
2 7407
1 7409
1 7411
1 7412
1 7413
1 7414
5 7417
1 7420
1 7421
1 7423
1 7424
2 7425
2 7427
1 7428
1 7431
1 7432
1 7434
2 7436
1 7437
1 7438
2 7439
2 7442
1 7444
1 7445
1 7446
2 7447
5 7448
2 7449
1 7451
1 7453
1 7454
3 7455
1 7456
1 7457
3 7458
1 7460
2 7461
1 7462
1 7463
1 7464
1 7465
1 7466
1 7468
3 7475
3 7480
1 7481
1 7482
3 7484
2 7485
2 7486
2 7490
1 7491
1 7493
2 7494
1 7499
3 7501
3 7503
1 7504
1 7505
1 7508
1 7509
2 7512
1 7514
1 7516
3 7517
2 7519
1 7521
1 7522
1 7523
1 7524
1 7526
1 7529
1 7531
3 7533
1 7535
1 7539
1 7540
1 7542
1 7545
1 7546
1 7548
1 7556
2 7563
1 7567
1 7568
2 7569
1 7571
1 7572
2 7577
1 7583
1 7584
1 7585
2 7587
2 7592
2 7593
1 7599
2 7601
1 7602
2 7603
1 7604
1 7612
1 7614
1 7615
1 7616
3 7624
2 7627
1 7629
2 7637
1 7639
1 7641
2 7645
1 7648
1 7650
1 7651
1 7652
2 7653
1 7659
1 7663
1 7665
2 7667
2 7668
1 7671
1 7675
1 7678
2 7680
1 7681
1 7682
1 7684
2 7688
2 7693
2 7699
1 7703
1 7709
1 7712
1 7717
1 7718
1 7721
1 7722
1 7723
1 7724
1 7729
3 7745
1 7748
1 7749
1 7754
1 7759
1 7765
1 7768
1 7769
1 7772
2 7774
1 7778
1 7782
1 7791
1 7792
1 7800
1 7802
2 7822
1 7826
1 7831
1 7840
1 7842
1 7846
2 7852
1 7862
1 7863
1 7864
1 7867
2 7868
2 7882
1 7884
2 7885
2 7887
2 7890
2 7893
1 7894
1 7908
1 7912
1 7919
1 7926
1 7929
2 7934
1 7939
1 7943
1 7947
2 7949
1 7954
1 7958
1 7961
1 7963
1 7969
1 7977
1 8004
1 8006
1 8017
1 8018
1 8025
1 8029
1 8035
2 8043
1 8044
1 8061
1 8063
1 8076
1 8078
1 8088
1 8100
2 8105
1 8109
1 8141
1 8167
1 8183
1 8194
1 8202
1 8213
1 8216
1 8220
2 8233
1 8240
1 8241
1 8249
1 8262
1 8270
1 8285
1 8336
1 8344
1 8346
1 8354
1 8356
1 8396
1 8403
1 8406
1 8417
1 8424
1 8432
1 8487
1 8505
1 8510
1 8529
1 8570
1 8654
1 8678
2 8712
2 8714
1 8752
1 8757
2 8773
1 8816
1 8817
1 8818
1 8819
1 8830
1 8912
1 8980
1 9007
1 9061
1 9073
1 9112
1 9124
1 9181
1 9186
1 9208
1 9209
1 9214
1 9224
1 9262
1 9294
2 9297
1 9317
1 9319
1 9353
2 9380
1 9396
1 9442
1 9444
1 9446
1 9449
1 9460
1 9549
1 9570
1 9583
2 9604
2 9628
1 9631
1 9647
2 9652
1 9680
3 9681
1 9691
1 9705
1 9715
1 9760
1 9784
1 9811
1 9815
1 9845
1 9890
2 9951
1 10083
1 10162
1 10345
1 10461
1 10497
1 10510
1 10644
1 10671
1 10724
1 10742
1 10751
1 10769
1 10780
1 10823
1 10965
1 11140
1 11204
1 11495
1 11555
1 11639
1 11845
1 11876
1 11907
1 12016
1 12047
1 12235
2 12275
1 12325
1 12398
1 12399
1 12870
1 12896
1 13071
1 13174
1 13343
1 13363
1 13429
1 13689
1 13847
1 13870
1 13933
1 14069
1 14096
1 14266
1 14273
1 14393
1 14415
1 14485
3 14523
1 14865
1 15037
1 15043
1 15090
1 15105
2 15369
1 15435
1 15476
1 15550
1 15572
1 15643
1 16214
1 16261
1 16480
1 16638
1 16652
1 16734
1 16864
1 16931
2 16991
1 17240
1 17264
1 17388
1 17550
1 17634
1 17642
1 17701
1 17704
1 17779
1 17835
1 17942
1 17954
1 17965
1 17985
1 17993
1 18024
1 18027
1 18048
1 18058
1 18073
2 18101
2 18155
1 18166
2 18182
1 18191
1 18207
1 18246
1 18250
1 18260
1 18262
2 18297
2 18303
1 18335
1 18377
1 18445
1 18468
2 18503
1 18512
1 18605
2 18811
1 18955
1 19167
1 19482
1 19693
1 20243
1 20560
1 20698
1 20840
1 21156
1 21224
1 21703
1 21810
1 21821
1 21853
1 21901
1 22044
1 22165
1 22304
1 22581
2 22664
1 23149
1 23293
1 24258
1 24640
1 24734
1 24866
1 24873
2 24885
1 25061
1 25411
1 26070
1 26135
1 27163
1 27184
1 28263
1 29386
1 30005
1 30091
1 30524
1 31210
1 33500
1 34535
1 34671
1 35507
1 35831
1 37472
1 37496
1 38819
1 42913
1 44884
1 46071
1 46367
1 46535
1 48275
1 48764
1 49487
1 49506
1 49980
1 50253
2 50461
1 51286
1 51404
1 52340
1 54174
1 54232
1 54312
1 54432
1 54470
1 54577
1 54604
1 54620
1 54636
1 55688
1 56182
1 57989
2 60694
1 62192
1 67287
1 67301
1 70390
1 84384
1 94396
1 98112
1 99683
2 111017
1 113814
1 122131
1 132713
1 139478
1 142291
1 147288
2 153556
1 154622
1 162412
1 176923
1 179586
1 179683
1 180997
1 197666
1 215199
1 215632
1 226985
1 226986
1 227000
2 227006
1 227013
1 227021
1 227577
1 228784
1 232806
1 251510
1 254168
1 259245
1 264746
1 281812
1 284701
2 293504
1 293520
2 293562
1 293608
1 293634
1 293641
1 293781
1 309188
1 315427
1 315466
1 315481
1 315498
1 315545
1 315548
2 322815
1 327318
1 332910
1 338003
1 361238
1 366590
1 370551
1 373889
1 386947
1 406471
1 434777
1 453742
1 456447
1 472366
1 476677
1 476711
1 476780
1 476835
1 479068
1 480604
1 488693
1 535453
1 568846
1 601643
1 633542
1 674435
1 675303
1 681204
1 685424
1 707461
1 712266
1 745932
1 746052
1 746317
1 747431
1 762683
1 801464
1 807434
1 818424
1 828098
1 835115
1 847014
1 881400
1 901075
1 1011021
1 1011147
1 1024996
1 1061543
1 1062724
1 1108739
1 1162906
1 1177719
1 1236674
1 1257973
1 1304107
1 1323251
1 1365866
1 1419378
1 1424986
1 1435534
1 1454069
1 1472778
1 1490245
1 1500496
1 1554201
1 1571878
1 1586002
1 1624183
1 1742167
1 1768786
1 1816519
2 1820965
1 1865733
1 1926449
1 1929337
1 1929962
1 1942248
1 1955471
1 1972020
1 2041088
1 2045405
1 2053672
1 2117466
1 2175525
1 2175742
1 2176430
1 2180336
1 2227983
1 2277431
1 2279762
1 2289328
1 2386751
1 2397926
1 2415645
1 2417958
1 2427905
1 2436929
1 2477620
1 2547125
1 2548431
1 2556418
1 2622595
1 2650190
1 2688135
2 2712373
1 2725052
1 2756317
1 2769306
1 2869200
1 2924760
1 3001347
1 3043443
1 3043718
1 3048789
1 3056537
1 3070196
1 3088283
1 3112942
1 3116868
1 3120593
1 3190604
1 3318782
1 3324452
1 3325888
1 3326199
1 3378460
1 3389564
1 3407622
1 3436510
1 3443847
1 3446435
1 3453879
1 3479469
1 3575178
1 3616749
1 3616912
1 3616971
1 3617037
1 3617114
1 3617155
1 3617246
1 3617269
1 3617367
1 3617424
1 3624619
1 3686011
1 3718393
1 3789586
1 3846023
1 3878497
1 3882268
1 3883637
1 3899040
1 3921726
1 3923247
1 3926431
1 3990472
1 4032615
1 4044798
1 4113523
1 4193042
2 4209419
1 4222089
1 4236654
1 4306290
1 4320570
1 4439651
1 4479177
1 4486522
1 4493546
1 4525468
1 4584254
1 4604100
1 4627246
1 4627299
1 4646601
1 4724757
1 4745389
1 4752168
1 4801149
1 4855140
1 4900179
1 4926831
1 4937253
1 4941370
1 4951511
1 4956110
1 4997023
1 5011820
1 5016790
1 5017476
1 5051928
1 5124451
1 5187848
1 5217204
1 5227090
1 5296910
1 5303815
1 5324588
1 5324601
1 5345403
1 5384441
1 5409376
1 5440053
1 5440517
1 5481092
1 5511411
1 5546375
1 5592284
1 5613945
1 5655623
1 5761234
1 5810091
1 5814750
1 5886907
1 5888126
1 5970445
1 6008673
1 6088396
1 6199103
1 6218685
1 6286070
1 6324444
1 6355400
1 6435268
1 6466781
1 6522981
1 6598670
1 6612427
1 6627681
1 6633725
1 6633828
1 6634011
1 6735802
1 6737361
1 6924392
1 6927475
1 7031365
1 7050494
1 7066103
1 7071923
1 7083234
1 7117403
1 7191049
1 7193864
1 7266161
1 7297460
1 7339990
1 7391232
1 7506857
1 7600450
1 7680581
1 7700289
1 7841893
1 7845868
1 7862490
1 7908162
1 7908191
1 7911987
1 7912004
1 8017650
1 8071050
1 8076574
1 8098641
1 8105363
1 8127543
1 8200874
1 8220832
1 8259817
1 8337126
1 8374200
1 8464604
1 8549135
1 8613328
1 8632687
1 8639261
1 8685204
1 8685351
1 8693997
1 8705439
1 8723559
1 8791550
1 8798307
1 8821279
1 8832559
1 8967593
1 9000819
1 9029334
1 9032226
1 9050910
1 9085545
1 9162082
1 9192704
1 9198377
1 9205706
1 9241991
1 9255877
1 9281670
1 9289138
1 9341409
1 9361653
1 9425371
1 9425383
1 9425386
1 9425388
1 9425390
1 9425391
1 9425392
1 9425395
2 9425402
1 9425403
1 9425411
2 9425413
2 9425420
1 9425429
1 9425435
1 9425437
1 9425445
1 9425447
1 9425449
2 9425453
1 9425462
1 9425463
3 9425467
1 9425474
1 9425475
1 9425486
1 9455991
1 9464290
1 9465662
1 9490398
1 9549000
1 9630734
1 9650566
1 9733696
1 9749573
1 9852468
2 9877423
1 9877425
1 9877432
1 9877433
2 9877435
1 9877436
7 9877441
5 9877444
2 9877450
1 9877451
1 9877454
5 9877456
2 9877468
1 9877573
1 9877575
2 9877579
7 9877580
1 9877581
1 9877582
1 9877583
3 9877585
5 9877586
1 9877589
1 9877590
4 9877591
1 9877592
2 9877601
1 9877602
2 9877603
1 9877604
1 9877606
2 9877607
1 9877609
1 9877612
1 9877613
1 9877614
1 9877615
2 9877705
5 9877706
3 9877713
1 9877715
1 9877716
1 9877723
1 9877724
1 9877727
2 9877729
1 9877731
1 9877733
1 9877735
1 9877737
1 9877742
1 9877746
1 9940809
1 9941712
1 9943180
1 9943670
1 9945840
1 9979009
1 10011788
1 10141111
1 10141424
2 10141469
1 10141489
1 10141490
1 10141507
1 10155399
1 10252370
1 10281026
1 10404712
1 10409383
1 10432197
2 10444297
1 10448952
1 10457284
1 10506253
1 10540848
1 10595986
1 10608326
1 10631305
1 10648697
1 10771923
1 10797383
1 10837204
1 10848908
1 10937270
1 10956887
1 10972449
1 10998681
1 11011169
1 11011832
1 11018167
1 11035296
1 11109806
1 11142942
1 11162786
1 11270916
1 11376263
1 11388907
1 11389598
1 11447253
1 11528025
1 11545397
1 11569447
1 11621962
1 11692178
1 11775561
1 11809527
1 11850974
1 11984019
1 11985135
1 12043039
1 12096583
1 12115483
1 12303439
1 12417267
1 12456517
1 12555589
1 12573896
1 12577406
1 12636714
1 12636798
1 12708948
1 12722677
1 12725242
1 12866247
1 12933131
1 12978659
1 12999709
1 13020722
1 13110288
1 13135132
1 13171972
1 13217797
1 13232822
1 13242919
1 13313703
1 13366055
1 13369659
1 13409569
1 13435768
1 13549597
1 13613914
1 13635855
1 13639840
1 13691111
1 13795434
1 13900354
1 13910035
1 13988901
1 14002369
1 14068277
1 14148820
1 14157945
1 14164424
1 14166299
1 14170527
1 14199904
1 14261497
1 14318588
1 14328680
1 14439473
1 14464053
1 14516122
1 14535359
1 14535592
1 14551334
1 14660912
1 14663400
1 14683977
1 14684459
1 14722356
1 14759294
1 14855410
1 14989799
1 15050458
1 15074046
1 15106879
1 15118331
1 15131049
1 15235164
1 15252370
1 15284450
1 15299567
1 15304822
1 15338527
1 15344342
1 15348936
1 15397912
1 15398979
1 15494775
1 15600772
1 15607979
1 15641776
1 15669042
1 15708604
1 15719116
1 15742971
1 15746336
1 15788922
1 15840861
1 15881324
1 15903918
1 15915215
1 15921902
1 15988686
1 15993704
1 16068120
1 16069474
1 16114939
1 16157094
4 16157096
1 16157097
2 16157098
2 16157099
1 16157103
1 16157104
1 16157106
1 16157107
1 16157111
1 16157113
2 16157114
1 16157116
1 16157117
1 16157118
1 16157121
2 16157122
1 16157127
1 16157129
1 16157130
1 16157131
1 16157136
1 16157144
1 16157147
1 16157148
1 16157151
2 16157154
1 16157155
1 16157158
2 16157159
1 16157165
1 16157166
1 16157172
1 16157173
1 16157175
1 16157176
1 16157178
5 16157180
2 16157182
1 16157184
1 16157185
3 16157187
1 16157188
5 16157190
1 16157191
2 16157194
2 16157195
1 16157198
2 16157199
1 16157202
1 16157203
2 16157205
1 16157207
4 16157211
1 16157212
1 16157213
1 16157214
2 16157215
1 16157216
1 16157218
2 16157220
1 16157221
2 16157222
1 16157224
1 16157227
1 16157228
2 16157230
1 16157232
1 16157234
3 16157239
1 16157240
1 16157241
2 16157242
3 16157244
2 16157247
1 16157250
3 16157252
2 16157257
1 16157260
4 16157262
1 16157263
1 16157264
2 16157265
2 16157266
2 16157268
1 16157269
3 16157274
1 16157280
2 16157281
1 16157282
1 16157283
1 16157284
1 16157286
2 16157289
2 16157290
1 16157292
2 16157294
1 16157297
1 16157301
1 16157305
1 16157306
3 16157309
4 16157311
4 16157322
1 16157323
1 16157327
1 16157329
4 16157331
1 16157332
2 16157333
1 16157340
1 16157342
1 16157344
1 16157351
1 16157353
1 16157364
1 16157369
3 16157371
1 16157391
2 16157392
1 16157394
2 16157402
1 16157405
1 16157411
1 16157413
1 16157414
3 16157423
1 16157424
1 16157426
1 16157441
1 16157444
1 16157453
2 16157458
1 16157459
2 16157468
2 16157469
2 16157471
1 16157489
1 16157497
1 16157504
1 16157507
2 16157519
1 16157523
2 16157532
1 16157545
2 16157546
2 16157547
1 16157555
1 16157558
1 16157559
1 16157566
1 16157568
1 16157572
3 16157577
2 16157578
1 16157579
1 16157583
1 16157597
1 16157598
1 16157599
2 16157608
1 16157617
1 16157630
1 16157643
1 16157656
1 16157672
1 16157680
1 16157684
1 16157707
1 16157723
1 16157724
1 16198915
1 16213316
1 16284571
1 16305596
1 16316327
1 16415037
1 16433302
1 16546326
1 16582295
1 16583176
1 16610751
1 16636670
1 16704851
1 16727628
1 16733540
1 16759127
1 16771184
1 16793274
1 16798226
1 16809320
1 16826086
1 16849329
1 16896288
1 16919968
1 16968478
1 17083817
1 17089839
1 17094898
1 17157450
1 17171423
1 17238558
1 17243196
1 17312552
1 17319799
1 17395770
1 17408353
1 17408478
1 17409510
1 17432984
1 17446574
1 17461406
1 17467760
1 17585731
1 17645595
1 17713056
1 17821481
1 17983419
1 18082230
1 18109746
1 18129236
1 18143084
1 18151014
1 18219253
1 18288528
1 18356763
1 18408735
1 18444291
1 18527100
1 18655704
1 18692760
1 18734153
1 18734374
1 18734394
1 18786575
1 18915687
1 18977922
1 18983867
1 19007284
1 19137208
1 19140893
1 19158073
1 19158849
1 19187125
1 19187468
1 19249093
1 19293544
1 19397631
1 19493808
1 19505038
1 19657860
1 19665725
1 19711217
1 19730538
1 19771970
1 19774409
1 19774656
1 19863060
1 19987449
1 19998657
1 20002591
1 20028115
1 20053621
1 20125916
1 20142113
1 20203536
1 20235777
1 20281470
1 20319545
1 20435183
1 20458293
1 20471810
1 20478063
1 20528306
1 20541681
1 20568963
1 20598122
1 20923757
1 20967616
1 21021487
1 21041774
1 21051448
1 21202294
1 21209050
1 21216079
1 21228207
1 21260573
1 21405393
1 21492074
1 21581993
1 21693577
1 21761817
1 21875059
1 21899197
1 21899584
1 21910371
1 21949163
1 21972703
1 21997472
1 22016246
1 22032191
1 22159597
1 22225323
1 22238739
1 22247710
1 22267609
1 22311284
1 22327904
1 22375144
1 22395092
1 22417032
1 22518663
1 22534048
1 22545161
1 22599783
1 22610313
1 22707703
1 22722148
1 22770649
1 22791497
1 22841695
1 22851768
1 22857481
1 22893330
1 22893917
1 22922734
1 22932610
1 22955701
1 23003585
1 23102386
1 23104681
1 23119579
1 23177430
1 23183563
1 23221732
1 23310403
1 23419830
1 23456045
1 23534278
1 23574385
1 23658460
1 23815615
1 23816546
1 24084472
1 24088201
1 24099086
1 24125370
1 24149075
1 24152505
1 24231769
1 24297634
1 24350278
1 24386974
1 24476630
1 24665250
1 24792311
1 24937217
1 24943833
1 24966562
1 25020847
1 25081477
1 25092286
1 25109340
1 25224402
1 25244974
1 25265985
1 25279021
1 25348887
1 25382309
1 25607854
1 25618518
1 25618861
1 25674700
1 25694894
1 25815274
1 25824419
1 25858923
1 25866093
1 25866218
1 26103428
1 26177739
1 26338698
1 26476909
1 26537969
1 26576013
1 26585285
1 26598567
1 26603680
1 26650620
1 26931109
1 26987415
1 27008329
1 27059991
1 27165922
1 27180799
1 27253261
1 27409165
1 27409547
1 27449800
1 27464465
1 27505425
1 27620077
1 27667036
1 27713230
1 27870431
1 27901492
1 28031015
1 28084534
1 28122562
1 28254207
1 28255648
1 28391214
1 28401456
1 28413018
1 28454667
1 28515483
1 28577852
1 28763667
1 28770143
1 28770927
1 28815871
1 28858816
1 28874750
1 28877898
1 28888003
1 28976764
1 29035351
1 29041040
1 29089484
1 29090394
1 29136725
1 29250499
1 29267669
1 29309777
1 29317891
1 29321271
1 29338694
1 29362190
1 29366984
1 29390968
1 29586155
1 29597207
1 29717249
1 29719042
1 29735240
1 29832283
1 29891119
1 29899687
1 29925731
1 29958856
1 30240745
1 30326050
1 30348851
1 30545870
1 30663714
1 30685192
1 30746462
1 30837974
1 30894366
1 30947476
1 30948958
1 30996325
1 31035974
1 31046087
1 31061564
1 31163288
1 31325007
1 31334905
1 31345680
1 31366811
1 31385457
1 31444050
1 31444714
1 31485299
1 31486372
1 31528451
1 31530433
1 31752786
1 31759482
1 31853064
1 31853519
1 31879306
1 31880635
1 31946990
1 31960784
1 31969613
1 32042180
1 32250098
1 32253752
1 32318731
1 32476765
1 32482136
1 32643200
1 32727562
1 33089605
1 33099152
1 33129672
1 33131345
1 33241748
1 33264761
1 33439562
1 33484472
1 33512834
1 33541881
2 33644380
1 33688199
1 33716357
1 33720505
1 33770708
1 33808162
1 33907586
1 33983059
1 34159089
1 34159720
1 34167247
1 34193855
1 34216544
1 34260289
1 34336658
1 34336997
1 34347690
1 34462877
1 34557055
1 34596169
1 34614009
1 34659187
1 34854726
1 34886953
1 34983173
1 34988579
1 34992140
1 35034568
1 35072439
1 35156886
1 35175341
1 35254280
1 35380183
1 35402778
1 35407227
1 35452898
1 35470643
1 35564846
1 35649150
1 35679158
1 35725665
1 35733794
1 35762731
1 35794971
1 35795851
1 35811772
1 35864896
1 35888396
1 36191765
1 36203405
1 36253810
1 36319177
1 36346098
1 36349414
1 36410968
1 36420567
1 36513994
1 36588042
1 36601055
1 36679646
1 36679653
1 36969065
1 37083446
1 37083456
1 37117565
1 37154210
1 37211920
1 37233378
1 37348222
1 37358241
1 37464157
1 37489421
1 37523106
1 37542886
1 37573054
3 37641939
1 37818758
1 37831527
3 37897856
2 37897870
1 37908091
1 37959535
1 38068063
1 38142160
1 38151602
1 38263364
1 38371980
1 38615744
1 38639843
1 38671414
1 38805952
1 38861216
1 38866434
1 38885490
1 38938522
1 38959546
1 39031898
1 39091600
1 39175383
1 39240280
1 39261479
1 39435096
1 39612082
1 39649481
1 39700652
1 39928245
1 39975018
1 40042699
1 40075004
1 40141694
1 40157113
1 40164509
1 40213457
1 40247625
1 40332247
1 40456215
1 40499112
1 40562128
1 40563981
1 40599209
1 40760865
1 40806430
1 40817061
1 40986895
1 40986914
1 41122491
1 41150958
1 41172014
1 41244529
1 41319936
1 41339856
1 41363666
1 41366008
1 41517345
1 41523189
1 41588429
1 41635971
1 41664224
1 41726695
1 41740836
1 41879166
1 41891882
1 41892011
1 41917687
1 42152666
1 42160279
1 42208683
1 42276075
1 42293762
1 42306328
1 42332339
1 42367811
1 42500187
1 42530651
1 42582608
1 42595780
1 42641204
1 42655720
1 42726197
1 42733062
1 42842470
1 42937594
1 43000427
3 43000428
3 43000432
3 43000433
3 43000434
1 43000437
9 43000439
2 43000440
3 43000442
1 43000443
2 43000445
2 43000450
1 43000453
1 43000455
2 43000456
1 43077608
1 43104317
2 43176505
1 43190792
1 43258114
3 43258152
1 43259241
1 43283566
1 43283697
1 43283737
1 43335268
1 43419073
1 43433933
1 43444246
1 43506193
1 43532565
1 43639350
1 43716949
1 43921666
1 44117636
1 44120206
1 44211431
1 44223407
1 44467192
1 44604579
1 44638157
1 44760118
1 44810659
1 44852465
1 44870300
1 44883095
1 44997945
1 45110725
1 45233535
1 45302670
1 45355203
1 45429920
1 45447822
1 45477651
1 45532128
1 45570126
1 45614272
1 45650346
1 45905968
1 45957282
1 45963743
1 46088828
1 46143470
1 46157165
1 46257425
1 46263941
1 46292114
1 46549102
1 46637245
1 46737612
1 46946988
1 46994289
1 47006424
1 47010372
1 47021800
1 47080935
1 47171462
1 47228552
1 47307836
1 47474942
1 47491611
1 47534066
1 47586585
1 47681636
1 47729276
1 47987252
1 48004913
1 48030680
1 48200753
1 48205904
1 48223883
1 48248041
1 48437265
1 48821245
1 48955652
1 48960968
1 49188653
1 49192971
1 49217056
1 49221944
1 49279608
1 49413226
1 49415605
1 49537498
1 49542842
1 49689808
1 49766249
1 49809438
1 50468216
1 50573725
1 50642023
1 50773531
1 50821260
1 50839595
1 50897572
1 50962772
1 51247562
1 51299589
1 51326095
1 51343923
1 51379111
1 51488648
1 51533485
1 51598897
1 51619805
1 51632279
1 51729060
1 51796612
1 51796614
1 51796621
1 51981678
1 52019366
1 52076439
1 52133262
1 52356308
1 52457375
1 52641622
1 52848649
1 52867882
1 52876425
1 52957362
1 52968648
1 53006522
1 53011462
1 53021088
1 53072916
1 53215930
1 53259851
1 53261826
1 53341599
1 53455570
1 53463815
1 53713277
1 53764035
1 53818787
1 53821893
1 53821935
1 53821950
1 53829897
1 54143765
1 54311782
1 54311838
1 54311843
1 54311851
1 54321131
1 54498436
1 54573719
1 54641482
1 54662943
1 54664500
1 54849488
1 54955604
1 55121745
1 55185780
1 55206321
1 55274813
1 55365460
1 55372632
1 55499657
1 55553577
1 55622320
1 55735304
1 55752256
1 55806176
1 55825993
1 55981686
1 56134046
1 56139090
1 56141379
1 56209859
1 56267395
1 56345636
1 56440201
1 56451212
1 56521116
1 56537568
1 56597399
1 56643835
1 56813092
1 56917560
1 57100967
1 57103304
1 57230772
1 57281676
1 57288286
1 57336627
1 57358542
1 57449915
1 57493440
1 57497508
1 57535185
1 57560572
1 57590491
1 57597979
1 57672004
1 57675719
1 58011795
1 58034389
1 58300906
1 58440831
1 58480032
1 58488367
1 58529450
1 58625566
1 58625744
1 58796546
1 58827344
1 58948402
1 58992236
1 59074730
1 59172068
1 59208756
1 59228061
1 59264495
1 59374023
1 59522651
1 59815715
1 59855846
1 59905102
1 59987341
1 60096057
1 60180429
1 60256954
1 60396018
1 60415856
1 60461486
1 60587402
1 60753088
1 60784440
1 60833364
1 60931695
1 60985746
1 61014777
1 61042747
1 61237876
1 61283287
1 61328231
1 61384942
1 61523266
1 61567524
1 61784706
1 61861744
1 61902684
1 61941110
1 61953156
1 61971840
1 62348120
1 62470684
1 62514074
1 62547274
1 62890913
1 62914519
1 62935202
1 63080450
1 63081917
1 63081991
1 63188403
1 63194523
1 63237067
1 63402022
1 63581435
1 63607580
1 63728763
1 63747871
1 63975592
1 63993520
1 64101037
1 64269510
1 64327923
1 64604104
1 64709679
1 64867002
1 64930333
1 64971166
1 64995326
1 65051398
1 65051535
1 65051538
1 65051564
1 65051593
1 65051624
1 65051658
2 65051664
1 65051666
1 65051668
1 65051674
1 65051679
1 65051685
1 65051686
1 65051702
1 65088948
1 65107516
1 65150023
1 65283967
1 65941027
1 65959007
1 65967844
1 66202642
1 66210480
1 66395839
1 66433075
1 66675897
1 66675968
1 66700292
1 66782513
1 66795767
1 66840312
1 66877946
1 66952612
1 67021661
1 67174711
1 67261462
1 67294139
1 67294782
1 67303862
1 67321535
1 67388921
1 67410524
1 67501244
1 67580821
1 67700023
1 67764793
1 67867249
1 68101006
1 68128893
1 68158750
1 68505646
1 68510042
1 68556679
1 68954710
1 68964133
1 68985499
1 69095743
1 69136970
1 69384809
1 69747965
1 69852410
1 69873560
1 70011668
1 70023525
1 70156097
1 70424854
1 70705362
1 70739368
1 70868472
1 70872595
1 70915270
1 71356648
1 71537707
1 71583025
1 71771444
1 71995016
1 72002599
1 72179214
1 72302611
1 72318079
1 72481913
1 72677007
1 72845394
1 72946732
1 73015734
1 73112651
1 73123297
1 73363672
1 73388574
1 73487362
1 73610313
1 73753152
1 73857369
1 73871858
1 73992560
1 74097533
1 74186429
1 74438954
1 74487874
1 74537996
1 74553157
1 74620694
1 74741684
1 75138455
1 75211521
1 75363080
1 75596549
1 75787053
1 75959707
1 75963848
1 76078435
1 76106478
1 76176703
1 76312943
1 76421627
1 76537307
1 76555200
1 76570516
1 76709612
1 76722047
1 76732608
1 76803516
1 76891102
1 76961384
1 76997900
1 77013498
1 77043630
1 77152056
1 77239301
1 77336217
1 77697280
1 77726497
1 77826985
1 78083468
1 78269770
1 78490159
1 78505493
1 78809212
1 78831843
1 78988117
1 79005000
1 79582480
1 79749040
1 79965495
1 80130697
1 80137880
1 80192583
1 80219572
1 80269454
1 80276980
1 80451366
1 80474525
1 80601017
1 80818454
1 80836623
1 80941927
1 81043407
1 81044125
1 81044330
1 81222118
1 81226777
1 81253100
1 81271040
1 81294031
1 81351244
1 81539660
1 81929963
1 82124363
4 82339032
5 82339038
4 82339039
7 82339040
1 82339041
2 82339042
1 82339043
1 82339044
1 82339048
2 82339051
1 82339056
6 82339058
2 82339059
1 82339061
1 82339062
5 82339063
3 82339064
1 82339066
2 82339067
5 82339068
5 82339071
5 82339072
7 82339073
1 82339074
1 82423520
1 82436052
1 82555645
1 82664138
1 83014700
1 83120232
1 83170257
1 83183378
1 83475227
1 83507067
1 83529832
1 83543750
1 83979806
1 84116183
1 84285027
1 84746544
1 84825369
1 85018623
1 85087886
1 85138921
1 85195716
1 85195815
1 85320132
1 85320244
1 85341739
1 85341880
1 85342453
1 85407268
1 85524505
1 85540466
1 85540467
1 85739651
1 85811724
1 85864041
1 85979491
1 86428337
1 86438891
1 86867708
1 86868916
1 86964662
1 87140648
1 87204950
1 87342604
1 87655914
1 87811594
1 87869901
1 88732207
1 88870152
1 89446111
1 89676591
1 89720517
1 89785705
1 89795638
1 89949557
1 90130349
1 90602915
1 90607532
1 90612167
1 90645546
1 90648993
1 90743765
1 90956477
1 91014515
1 91186002
1 91382835
1 91447869
1 91603609
1 91751491
1 92002084
1 92088182
1 92921844
1 93149792
1 93149800
1 93149819
2 93149822
1 93149832
1 93149833
1 93149951
1 93149952
1 93149954
1 93149956
1 93149957
1 93149959
1 93149961
1 93149971
1 93149972
1 93149973
3 93149977
1 93149978
4 93149980
1 93149981
1 93149984
1 93149986
1 93149994
1 93149995
1 93159136
1 93178512
1 93222759
1 93329718
1 93370224
1 93430206
1 93515425
1 93639219
1 93670232
1 93937636
1 94093572
1 94416611
1 94500078
1 94686786
1 94734188
1 95220441
1 95530907
1 95610606
1 95650591
1 95750644
1 95788863
1 95837059
1 96310078
1 96727202
1 96727506
1 96806147
1 97274135
1 97722504
1 97810189
1 98217087
1 98422680
1 98625656
1 98838393
1 98844714
1 98928700
1 98952977
1 99014486
1 99108975
1 99137175
1 99274479
1 99373796
1 99393456
1 99403809
1 99669093
1 99793257
1 99827938
1 100152105
1 100255670
1 100397603
1 100612400
1 100705929
1 101215169
1 101220585
1 101692863
1 102003292
1 102347827
1 102578740
1 102578809
1 102697474
1 102748401
1 102798550
1 103025021
1 103026976
1 103027354
1 103027359
1 103027362
1 103027368
2 103027370
1 103027372
1 103027374
1 103027380
1 103027381
1 103027383
1 103027384
3 103027386
1 103027389
1 103027390
1 103027394
2 103027395
1 103027490
5 103027496
2 103027499
1 103027513
1 103027515
1 103027520
2 103027525
2 103027530
1 103027531
3 103027536
1 103266125
1 103478965
1 103740586
1 104076089
1 104088178
1 105554441
1 105634971
1 105704747
1 105970056
1 105970061
1 105970246
1 106482701
1 106639988
1 106799082
1 106886443
1 106933626
1 106981006
1 107022503
7 107022506
2 107022507
1 107022508
1 107022509
2 107022513
1 107022516
1 107234029
1 107452871
1 107971535
1 108258146
1 108662347
1 108662360
1 109006189
1 109426939
1 109576888
1 109624337
1 109634470
1 109682743
1 110299457
1 110357295
1 110755788
1 110919824
1 111339287
1 111694811
1 111847369
1 112095001
1 112195601
1 112557516
1 112632115
1 113380480
1 113401788
1 113494341
1 113535223
1 114039273
1 114582153
1 114734574
1 114852120
1 114876174
1 114949705
1 115343796
1 115540544
1 115571713
1 115753230
1 115971842
1 116029283
1 116042303
1 116567351
1 116856374
1 116894258
1 116954925
1 117353221
1 118364978
1 118413357
1 118655764
1 119354681
1 119356197
1 119773928
1 120357544
1 120625129
1 121005230
1 121243202
1 121888571
1 121976147
1 122365316
1 122563253
1 122686034
1 122777674
1 122981089
1 123431210
1 123502379
1 124169859
1 124627380
1 124866796
1 125097593
1 125417368
1 126505617
1 126774303
1 126826091
1 126882475
1 128412670
1 128530308
1 129547667
1 129707773
1 130701531
1 131361983
1 131536346
1 132407939
1 132824917
1 133695738
1 136883705
1 137083449
1 137158995
1 137514771
1 137738923
1 139275169
1 140671290
1 141382226
1 141839226
1 142803698
1 144159167
1 144946856
1 146545900
1 147094080
1 147399864
1 147913872
1 148141772
1 148186011
1 153347716
1 159193070
1 159194415
1 160536488
1 160536702
1 160536799
1 160537091
1 160537199
1 160537269
1 160537273
1 160537320
1 160537334
3 160537337
1 160537339
1 160537343
1 160537345
1 160537346
1 160537347
1 160537358
1 160537360
1 160537383
2 160537384
1 160537389
1 160537394
1 160537402
1 160537404
1 160537406
1 160537407
1 160537413
1 160537416
1 160537422
1 160537426
1 160537437
1 160537443
2 160537444
1 160537448
1 160537456
1 160537460
1 160537461
1 160537632
1 160537634
2 160537635
1 160537640
2 160538192
1 160971573
1 161244887
1 162490090
1 186424447
1 186592670
