1 43
7 45
9 46
22 47
36 48
63 49
175 50
76428 51
127329 52
130086 53
133483 54
141215 55
145248 56
146961 57
137229 58
128299 59
126266 60
125328 61
129272 62
138226 63
136215 64
140444 65
133894 66
127898 67
116413 68
116401 69
111888 70
112368 71
118875 72
127579 73
134751 74
142453 75
140467 76
132076 77
127875 78
122053 79
121126 80
125670 81
132661 82
138577 83
145757 84
151809 85
152066 86
149573 87
142170 88
135608 89
133195 90
134489 91
141583 92
153470 93
157337 94
162947 95
164454 96
162859 97
156541 98
152217 99
144992 100
144436 101
147768 102
155778 103
164576 104
173090 105
174918 106
173382 107
168863 108
160799 109
156697 110
155530 111
156009 112
162755 113
169174 114
178279 115
181711 116
181806 117
178818 118
172175 119
164659 120
160426 121
158663 122
164259 123
169469 124
180905 125
180673 126
187814 127
180325 128
179377 129
170454 130
166695 131
163147 132
160332 133
165449 134
171270 135
178477 136
183030 137
184797 138
181502 139
178915 140
181735 141
170812 142
161685 143
157303 144
161700 145
166478 146
175065 147
179437 148
183301 149
193820 150
203602 151
190236 152
170268 153
158883 154
160161 155
163110 156
171376 157
177379 158
181392 159
177537 160
172948 161
167583 162
167220 163
171796 164
182101 165
197916 166
215415 167
219223 168
210021 169
193926 170
184635 171
178215 172
182390 173
195721 174
217318 175
231416 176
237071 177
229969 178
218059 179
203602 180
192723 181
187273 182
188604 183
191864 184
204465 185
211641 186
217388 187
219095 188
215404 189
209534 190
203515 191
201002 192
202676 193
205725 194
211287 195
214398 196
217470 197
217818 198
216242 199
214428 200
214506 201
215781 202
216152 203
220913 204
223334 205
224527 206
225542 207
222453 208
220505 209
216783 210
217778 211
217329 212
222223 213
221742 214
226294 215
225794 216
225249 217
224153 218
218978 219
215537 220
212858 221
212342 222
212165 223
214665 224
215839 225
216809 226
216024 227
215001 228
211278 229
207620 230
208020 231
205417 232
204435 233
204339 234
204313 235
204875 236
202722 237
201323 238
199051 239
196017 240
194113 241
192489 242
194841 243
188828 244
189260 245
185849 246
184695 247
184767 248
183409 249
183421 250
178983 251
176458 252
174989 253
172119 254
173371 255
171181 256
169972 257
170019 258
166788 259
168034 260
163380 261
161937 262
159891 263
158670 264
157610 265
155911 266
155363 267
153932 268
153568 269
152545 270
151326 271
149310 272
146717 273
145076 274
144692 275
143155 276
143857 277
142467 278
141947 279
142352 280
140180 281
139858 282
137707 283
136199 284
134960 285
133515 286
133651 287
133766 288
133322 289
134074 290
134462 291
131978 292
131055 293
129535 294
128014 295
127016 296
127235 297
127482 298
128248 299
129478 300
129527 301
128720 302
126584 303
123330 304
122417 305
121642 306
122168 307
122259 308
123169 309
124780 310
125449 311
123664 312
122539 313
120806 314
119586 315
118886 316
119607 317
117567 318
119586 319
120119 320
120021 321
119626 322
119463 323
117090 324
116299 325
115467 326
115250 327
114160 328
115513 329
116380 330
115805 331
116085 332
116663 333
114108 334
114197 335
112503 336
112822 337
112376 338
112482 339
112863 340
113348 341
113957 342
114913 343
113851 344
113824 345
112510 346
111072 347
111840 348
111482 349
112528 350
112029 351
111785 352
112361 353
112133 354
112120 355
112465 356
111390 357
110366 358
111806 359
110998 360
111574 361
109615 362
110124 363
110000 364
110711 365
109622 366
109249 367
109549 368
109262 369
108331 370
108318 371
107552 372
107827 373
107637 374
106532 375
109713 376
106992 377
106991 378
106182 379
105928 380
106403 381
105738 382
106631 383
105112 384
105017 385
102891 386
105004 387
104067 388
102684 389
103489 390
102481 391
102253 392
101337 393
100498 394
100816 395
100524 396
98530 397
99537 398
98410 399
98537 400
97806 401
97358 402
97383 403
97908 404
95613 405
95968 406
95712 407
95164 408
94754 409
93687 410
93843 411
92989 412
92196 413
92702 414
92030 415
91629 416
91202 417
90467 418
91173 419
89337 420
88868 421
87849 422
87707 423
87943 424
86798 425
85687 426
86270 427
85528 428
84468 429
83349 430
83320 431
82236 432
81602 433
81487 434
81000 435
80501 436
80345 437
79372 438
78564 439
79236 440
77550 441
76160 442
76524 443
75891 444
75343 445
75021 446
74479 447
73865 448
73263 449
73355 450
72213 451
71648 452
71296 453
71156 454
70640 455
70144 456
69338 457
68868 458
68570 459
68204 460
67903 461
67407 462
67363 463
66367 464
66396 465
65673 466
65509 467
65168 468
64632 469
65376 470
64500 471
64359 472
62857 473
62752 474
63439 475
62792 476
63784 477
61312 478
61668 479
61192 480
60354 481
60927 482
59619 483
60587 484
59878 485
58610 486
59239 487
58750 488
58822 489
58165 490
57901 491
57811 492
57706 493
58281 494
56004 495
56396 496
56298 497
56325 498
56994 499
55627 500
56105 501
55002 502
54868 503
54810 504
54528 505
54226 506
54248 507
53612 508
53680 509
53765 510
52994 511
53649 512
53038 513
52458 514
52423 515
52097 516
52065 517
51660 518
51414 519
51547 520
51211 521
51098 522
50600 523
50596 524
50776 525
50716 526
50840 527
50559 528
50157 529
49688 530
49929 531
49392 532
49444 533
49699 534
49288 535
48595 536
49120 537
48457 538
48009 539
48294 540
48030 541
47941 542
47299 543
47975 544
47076 545
47066 546
47420 547
46913 548
47186 549
46663 550
46548 551
46427 552
46469 553
45829 554
45636 555
45267 556
45260 557
45091 558
45497 559
45209 560
44681 561
44488 562
44239 563
44183 564
44039 565
44181 566
43585 567
43904 568
43583 569
43207 570
43719 571
42473 572
42770 573
42756 574
42490 575
42704 576
42375 577
42167 578
41826 579
41790 580
41664 581
41569 582
41541 583
41293 584
40917 585
40920 586
41134 587
40798 588
40243 589
40187 590
40663 591
40073 592
40081 593
39453 594
39312 595
39111 596
38498 597
38332 598
38720 599
38204 600
37886 601
38108 602
36827 603
37109 604
36541 605
36846 606
36811 607
36053 608
36136 609
35356 610
35733 611
36018 612
35229 613
35224 614
34780 615
34712 616
34235 617
33682 618
33967 619
33686 620
33377 621
33341 622
32943 623
33338 624
32896 625
32567 626
32642 627
31816 628
31758 629
31950 630
31578 631
31336 632
31105 633
31376 634
30781 635
31147 636
30649 637
30844 638
30372 639
30282 640
30601 641
30456 642
30635 643
29914 644
29622 645
29445 646
29264 647
29600 648
28845 649
30098 650
28905 651
29157 652
29807 653
28585 654
28958 655
27544 656
27679 657
27608 658
27553 659
27363 660
26749 661
27416 662
26577 663
26998 664
26791 665
26405 666
26475 667
26149 668
25671 669
25754 670
25824 671
25370 672
25449 673
25145 674
25124 675
24621 676
24819 677
24678 678
24343 679
24572 680
24539 681
24042 682
24082 683
24247 684
23899 685
24007 686
23582 687
23837 688
23399 689
23860 690
23414 691
23456 692
23214 693
22896 694
23381 695
23211 696
22705 697
23227 698
23314 699
22800 700
23813 701
23147 702
23207 703
22811 704
22935 705
22653 706
22127 707
22920 708
22015 709
23170 710
22832 711
21920 712
22465 713
21358 714
21601 715
21466 716
21565 717
21144 718
21018 719
21355 720
20713 721
21061 722
21076 723
20584 724
20608 725
20752 726
20441 727
19979 728
20227 729
19771 730
20039 731
19920 732
19866 733
19697 734
19247 735
19486 736
19559 737
19654 738
19281 739
19289 740
19375 741
19041 742
18917 743
18961 744
18948 745
18643 746
18837 747
18555 748
18734 749
18651 750
18445 751
18288 752
18431 753
18212 754
17939 755
18664 756
18335 757
18159 758
18550 759
18200 760
18342 761
18299 762
17644 763
17678 764
17614 765
17621 766
17402 767
17990 768
17375 769
17024 770
17691 771
17071 772
17060 773
16880 774
16686 775
16993 776
16603 777
16183 778
15931 779
16350 780
16013 781
16008 782
16281 783
15780 784
15787 785
15215 786
15342 787
15195 788
15057 789
14983 790
14917 791
14876 792
14864 793
14630 794
14735 795
14645 796
14578 797
14261 798
14400 799
13953 800
13945 801
14232 802
14162 803
13698 804
13704 805
13857 806
13773 807
13590 808
13715 809
13652 810
13321 811
13325 812
13362 813
13548 814
13328 815
13364 816
13099 817
13382 818
13331 819
12997 820
13193 821
12879 822
12889 823
12927 824
13059 825
13706 826
12918 827
12604 828
13079 829
12796 830
12710 831
12889 832
12172 833
12281 834
12556 835
12194 836
12179 837
12180 838
12073 839
11554 840
11493 841
11580 842
11673 843
11565 844
11144 845
11313 846
11222 847
11114 848
10912 849
10939 850
10840 851
10868 852
10805 853
10621 854
10710 855
10572 856
10479 857
10425 858
10401 859
10444 860
10317 861
10280 862
10210 863
10181 864
10269 865
10244 866
10036 867
10119 868
9909 869
9975 870
9935 871
9989 872
9858 873
9815 874
10206 875
9874 876
10125 877
10231 878
10129 879
9864 880
9719 881
9949 882
9554 883
9800 884
9781 885
10080 886
10004 887
9596 888
9484 889
9133 890
9242 891
9257 892
9555 893
9214 894
8964 895
9012 896
9099 897
9022 898
8889 899
8714 900
8610 901
8677 902
8605 903
8509 904
8391 905
8399 906
8428 907
8474 908
8252 909
8309 910
8063 911
8011 912
8080 913
8043 914
7785 915
7810 916
7960 917
7989 918
8004 919
7737 920
7864 921
7908 922
7633 923
7860 924
7780 925
7929 926
7805 927
7640 928
7844 929
7725 930
7763 931
7832 932
7768 933
7680 934
7596 935
7476 936
7857 937
7603 938
7590 939
7450 940
7549 941
7639 942
7830 943
8775 944
7522 945
7451 946
7483 947
7034 948
7242 949
7283 950
7026 951
7143 952
6944 953
6868 954
6923 955
6770 956
6638 957
6585 958
6527 959
6505 960
6463 961
6306 962
6305 963
6404 964
6433 965
6363 966
6139 967
6193 968
6099 969
6000 970
6104 971
6052 972
5827 973
6070 974
5982 975
5927 976
5767 977
5792 978
5838 979
5842 980
5818 981
5729 982
5715 983
5859 984
5498 985
5658 986
5587 987
5712 988
5602 989
5533 990
5640 991
5679 992
5871 993
6034 994
5547 995
5637 996
5585 997
5942 998
5870 999
5834 1000
3684 1001
3529 1002
3463 1003
3371 1004
3377 1005
3359 1006
3227 1007
3299 1008
3239 1009
3172 1010
3130 1011
3254 1012
3080 1013
3307 1014
3851 1015
2749 1016
3356 1017
3413 1018
3068 1019
2885 1020
2718 1021
2796 1022
2675 1023
2592 1024
2660 1025
2568 1026
2551 1027
2390 1028
2396 1029
2339 1030
2307 1031
2210 1032
2170 1033
2003 1034
2063 1035
2069 1036
2198 1037
2233 1038
2132 1039
2121 1040
2184 1041
2157 1042
2165 1043
2025 1044
2069 1045
2074 1046
1999 1047
2063 1048
2012 1049
2011 1050
2008 1051
1938 1052
1958 1053
1985 1054
1904 1055
1925 1056
1859 1057
1946 1058
1924 1059
1864 1060
1858 1061
1861 1062
1884 1063
1784 1064
1775 1065
1738 1066
1765 1067
1693 1068
1718 1069
1716 1070
1756 1071
1681 1072
1693 1073
1652 1074
1768 1075
1547 1076
1652 1077
1586 1078
1608 1079
1602 1080
1589 1081
1555 1082
1531 1083
1544 1084
1514 1085
1523 1086
1513 1087
1519 1088
1439 1089
1406 1090
1473 1091
1468 1092
1445 1093
1451 1094
1482 1095
1404 1096
1404 1097
1427 1098
1362 1099
1346 1100
1372 1101
1343 1102
1295 1103
1293 1104
1360 1105
1335 1106
1291 1107
1282 1108
1330 1109
1194 1110
1354 1111
1233 1112
1267 1113
1232 1114
1259 1115
1214 1116
1258 1117
1169 1118
1149 1119
1151 1120
1167 1121
1133 1122
1216 1123
1207 1124
1159 1125
1145 1126
1087 1127
1128 1128
1158 1129
1044 1130
1078 1131
1106 1132
1080 1133
1102 1134
1026 1135
1065 1136
1084 1137
1025 1138
1014 1139
1027 1140
986 1141
1027 1142
926 1143
1010 1144
988 1145
862 1146
944 1147
903 1148
942 1149
934 1150
921 1151
878 1152
950 1153
927 1154
891 1155
929 1156
895 1157
845 1158
846 1159
835 1160
860 1161
850 1162
875 1163
857 1164
760 1165
753 1166
814 1167
816 1168
803 1169
792 1170
763 1171
805 1172
748 1173
745 1174
729 1175
760 1176
725 1177
688 1178
749 1179
707 1180
737 1181
693 1182
677 1183
738 1184
708 1185
727 1186
646 1187
755 1188
635 1189
634 1190
652 1191
646 1192
646 1193
577 1194
639 1195
602 1196
612 1197
580 1198
626 1199
596 1200
616 1201
556 1202
620 1203
628 1204
609 1205
579 1206
587 1207
604 1208
601 1209
541 1210
566 1211
551 1212
531 1213
557 1214
564 1215
574 1216
506 1217
510 1218
500 1219
512 1220
545 1221
526 1222
516 1223
519 1224
511 1225
469 1226
464 1227
479 1228
468 1229
485 1230
470 1231
440 1232
452 1233
481 1234
448 1235
454 1236
475 1237
462 1238
441 1239
418 1240
426 1241
440 1242
428 1243
409 1244
398 1245
425 1246
392 1247
419 1248
399 1249
422 1250
396 1251
407 1252
380 1253
397 1254
345 1255
392 1256
378 1257
368 1258
361 1259
380 1260
326 1261
373 1262
361 1263
370 1264
367 1265
350 1266
322 1267
356 1268
297 1269
346 1270
339 1271
300 1272
354 1273
342 1274
316 1275
317 1276
299 1277
291 1278
308 1279
337 1280
307 1281
335 1282
304 1283
313 1284
290 1285
300 1286
273 1287
327 1288
304 1289
268 1290
297 1291
281 1292
253 1293
267 1294
249 1295
274 1296
284 1297
240 1298
232 1299
272 1300
249 1301
272 1302
254 1303
263 1304
246 1305
248 1306
275 1307
251 1308
258 1309
228 1310
241 1311
230 1312
239 1313
253 1314
219 1315
238 1316
230 1317
251 1318
207 1319
244 1320
242 1321
216 1322
193 1323
226 1324
215 1325
194 1326
214 1327
203 1328
227 1329
233 1330
199 1331
226 1332
191 1333
224 1334
213 1335
225 1336
202 1337
204 1338
180 1339
207 1340
197 1341
182 1342
215 1343
200 1344
208 1345
188 1346
198 1347
180 1348
183 1349
193 1350
166 1351
166 1352
179 1353
186 1354
174 1355
180 1356
161 1357
155 1358
184 1359
177 1360
181 1361
154 1362
156 1363
170 1364
169 1365
172 1366
149 1367
165 1368
168 1369
169 1370
163 1371
150 1372
147 1373
158 1374
147 1375
141 1376
151 1377
165 1378
160 1379
159 1380
167 1381
147 1382
162 1383
151 1384
144 1385
152 1386
137 1387
145 1388
152 1389
130 1390
121 1391
138 1392
143 1393
128 1394
146 1395
133 1396
131 1397
130 1398
149 1399
143 1400
122 1401
119 1402
152 1403
112 1404
124 1405
130 1406
123 1407
127 1408
125 1409
109 1410
129 1411
129 1412
137 1413
93 1414
107 1415
123 1416
128 1417
125 1418
112 1419
119 1420
130 1421
117 1422
99 1423
117 1424
107 1425
121 1426
109 1427
96 1428
118 1429
111 1430
126 1431
119 1432
137 1433
98 1434
111 1435
90 1436
127 1437
104 1438
113 1439
104 1440
113 1441
99 1442
100 1443
105 1444
96 1445
90 1446
86 1447
99 1448
102 1449
107 1450
90 1451
81 1452
77 1453
74 1454
94 1455
91 1456
99 1457
86 1458
88 1459
103 1460
88 1461
94 1462
69 1463
96 1464
88 1465
91 1466
90 1467
97 1468
109 1469
89 1470
84 1471
84 1472
70 1473
84 1474
79 1475
95 1476
91 1477
96 1478
75 1479
81 1480
87 1481
85 1482
83 1483
87 1484
88 1485
76 1486
70 1487
77 1488
66 1489
91 1490
81 1491
84 1492
77 1493
52 1494
77 1495
85 1496
58 1497
73 1498
91 1499
71 1500
64 1501
81 1502
65 1503
79 1504
74 1505
67 1506
83 1507
65 1508
69 1509
81 1510
87 1511
79 1512
68 1513
60 1514
67 1515
70 1516
51 1517
53 1518
74 1519
66 1520
61 1521
69 1522
61 1523
68 1524
57 1525
63 1526
58 1527
69 1528
64 1529
63 1530
60 1531
57 1532
63 1533
61 1534
64 1535
72 1536
66 1537
68 1538
66 1539
65 1540
65 1541
68 1542
60 1543
65 1544
54 1545
58 1546
62 1547
53 1548
57 1549
65 1550
66 1551
60 1552
59 1553
49 1554
47 1555
51 1556
58 1557
43 1558
59 1559
56 1560
55 1561
52 1562
51 1563
54 1564
45 1565
42 1566
61 1567
60 1568
50 1569
51 1570
60 1571
57 1572
71 1573
57 1574
60 1575
64 1576
47 1577
50 1578
52 1579
48 1580
53 1581
48 1582
46 1583
50 1584
42 1585
47 1586
59 1587
46 1588
50 1589
44 1590
53 1591
51 1592
63 1593
64 1594
53 1595
44 1596
59 1597
41 1598
51 1599
42 1600
34 1601
34 1602
45 1603
52 1604
55 1605
53 1606
43 1607
34 1608
55 1609
34 1610
31 1611
38 1612
51 1613
49 1614
42 1615
39 1616
46 1617
36 1618
37 1619
27 1620
41 1621
45 1622
45 1623
49 1624
50 1625
40 1626
51 1627
39 1628
39 1629
49 1630
47 1631
32 1632
32 1633
41 1634
49 1635
43 1636
48 1637
35 1638
46 1639
38 1640
39 1641
35 1642
44 1643
34 1644
43 1645
38 1646
37 1647
43 1648
25 1649
41 1650
45 1651
39 1652
35 1653
33 1654
32 1655
31 1656
42 1657
40 1658
41 1659
24 1660
47 1661
34 1662
30 1663
20 1664
43 1665
32 1666
40 1667
44 1668
39 1669
55 1670
32 1671
45 1672
41 1673
40 1674
41 1675
28 1676
28 1677
50 1678
39 1679
27 1680
40 1681
52 1682
32 1683
32 1684
34 1685
31 1686
40 1687
40 1688
35 1689
47 1690
30 1691
30 1692
33 1693
33 1694
34 1695
32 1696
35 1697
38 1698
35 1699
22 1700
45 1701
24 1702
35 1703
34 1704
26 1705
31 1706
32 1707
23 1708
36 1709
18 1710
22 1711
27 1712
29 1713
24 1714
26 1715
23 1716
25 1717
30 1718
41 1719
30 1720
24 1721
20 1722
30 1723
26 1724
29 1725
19 1726
28 1727
25 1728
32 1729
25 1730
33 1731
27 1732
26 1733
29 1734
23 1735
27 1736
34 1737
30 1738
23 1739
25 1740
26 1741
29 1742
24 1743
31 1744
21 1745
19 1746
29 1747
25 1748
35 1749
30 1750
27 1751
30 1752
22 1753
26 1754
21 1755
23 1756
18 1757
21 1758
34 1759
24 1760
29 1761
29 1762
25 1763
20 1764
27 1765
24 1766
17 1767
16 1768
21 1769
20 1770
31 1771
20 1772
25 1773
22 1774
19 1775
27 1776
19 1777
24 1778
32 1779
20 1780
32 1781
27 1782
17 1783
28 1784
30 1785
30 1786
19 1787
30 1788
24 1789
14 1790
26 1791
20 1792
26 1793
22 1794
22 1795
31 1796
18 1797
32 1798
26 1799
29 1800
29 1801
23 1802
28 1803
23 1804
23 1805
25 1806
25 1807
24 1808
13 1809
16 1810
21 1811
20 1812
25 1813
17 1814
15 1815
20 1816
18 1817
18 1818
18 1819
22 1820
18 1821
17 1822
20 1823
17 1824
24 1825
22 1826
14 1827
18 1828
22 1829
9 1830
18 1831
26 1832
16 1833
24 1834
21 1835
21 1836
17 1837
21 1838
19 1839
26 1840
15 1841
23 1842
18 1843
16 1844
20 1845
21 1846
20 1847
17 1848
18 1849
15 1850
22 1851
18 1852
14 1853
21 1854
20 1855
22 1856
28 1857
17 1858
17 1859
22 1860
15 1861
19 1862
21 1863
19 1864
19 1865
26 1866
18 1867
21 1868
17 1869
16 1870
10 1871
6 1872
17 1873
13 1874
17 1875
17 1876
16 1877
15 1878
26 1879
11 1880
14 1881
17 1882
13 1883
12 1884
12 1885
19 1886
15 1887
14 1888
21 1889
10 1890
20 1891
6 1892
15 1893
27 1894
24 1895
17 1896
11 1897
17 1898
17 1899
15 1900
17 1901
19 1902
11 1903
20 1904
17 1905
10 1906
10 1907
17 1908
14 1909
15 1910
22 1911
18 1912
14 1913
15 1914
18 1915
17 1916
13 1917
18 1918
11 1919
19 1920
7 1921
18 1922
14 1923
16 1924
19 1925
18 1926
9 1927
13 1928
9 1929
15 1930
13 1931
11 1932
17 1933
10 1934
6 1935
15 1936
10 1937
18 1938
13 1939
13 1940
11 1941
13 1942
17 1943
21 1944
15 1945
14 1946
13 1947
12 1948
18 1949
12 1950
12 1951
13 1952
19 1953
13 1954
11 1955
8 1956
15 1957
8 1958
7 1959
18 1960
20 1961
13 1962
12 1963
13 1964
16 1965
18 1966
17 1967
11 1968
13 1969
23 1970
10 1971
16 1972
13 1973
11 1974
14 1975
20 1976
11 1977
9 1978
11 1979
14 1980
5 1981
19 1982
8 1983
13 1984
10 1985
11 1986
18 1987
11 1988
11 1989
12 1990
11 1991
13 1992
16 1993
9 1994
11 1995
13 1996
13 1997
11 1998
15 1999
6 2000
8 2001
9 2002
12 2003
13 2004
9 2005
14 2006
17 2007
7 2008
14 2009
7 2010
9 2011
15 2012
13 2013
15 2014
19 2015
12 2016
14 2017
8 2018
11 2019
8 2020
12 2021
12 2022
8 2023
11 2024
9 2025
13 2026
9 2027
12 2028
15 2029
10 2030
14 2031
12 2032
15 2033
9 2034
10 2035
9 2036
13 2037
6 2038
7 2039
8 2040
9 2041
10 2042
18 2043
10 2044
17 2045
16 2046
14 2047
20 2048
15 2049
12 2050
12 2051
7 2052
13 2053
15 2054
10 2055
13 2056
11 2057
6 2058
10 2059
10 2060
12 2061
12 2062
13 2063
3 2064
11 2065
11 2066
12 2067
11 2068
11 2069
8 2070
10 2071
10 2072
15 2073
18 2074
10 2075
7 2076
9 2077
14 2078
10 2079
15 2080
8 2081
15 2082
6 2083
8 2084
7 2085
11 2086
11 2087
9 2088
5 2089
9 2090
9 2091
11 2092
13 2093
8 2094
7 2095
8 2096
13 2097
12 2098
10 2099
9 2100
12 2101
15 2102
10 2103
9 2104
13 2105
4 2106
8 2107
15 2108
8 2109
7 2110
12 2111
16 2112
9 2113
10 2114
9 2115
6 2116
11 2117
7 2118
8 2119
3 2120
12 2121
10 2122
12 2123
9 2124
7 2125
13 2126
10 2127
6 2128
9 2129
14 2130
17 2131
10 2132
11 2133
17 2134
15 2135
13 2136
12 2137
13 2138
5 2139
14 2140
12 2141
12 2142
6 2143
9 2144
11 2145
14 2146
9 2147
3 2148
10 2149
18 2150
9 2151
9 2152
10 2153
5 2154
8 2155
3 2156
7 2157
5 2158
8 2159
13 2160
7 2161
10 2162
10 2163
12 2164
11 2165
14 2166
12 2167
5 2168
9 2169
13 2170
4 2171
11 2172
9 2173
11 2174
10 2175
5 2176
8 2177
5 2178
7 2179
8 2180
11 2181
8 2182
12 2183
8 2184
9 2185
8 2186
8 2187
10 2188
3 2189
9 2190
8 2191
7 2192
9 2193
11 2194
7 2195
8 2196
10 2197
11 2198
12 2199
6 2200
9 2201
8 2202
8 2203
9 2204
5 2205
9 2206
10 2207
10 2208
10 2209
7 2210
7 2211
3 2212
10 2213
8 2214
5 2215
3 2216
9 2217
10 2218
8 2219
7 2220
8 2221
10 2222
5 2223
9 2224
7 2225
4 2226
3 2227
5 2228
11 2229
4 2230
4 2231
6 2232
12 2233
10 2234
11 2235
8 2236
14 2237
4 2238
7 2239
5 2240
9 2241
8 2242
11 2243
2 2244
6 2245
9 2246
6 2247
6 2248
8 2249
6 2250
7 2251
7 2252
5 2253
8 2254
10 2255
12 2256
8 2257
3 2258
6 2259
9 2260
5 2261
5 2262
6 2263
5 2264
8 2265
4 2266
15 2267
7 2268
4 2269
10 2270
9 2271
13 2272
9 2273
5 2274
4 2275
6 2276
4 2277
4 2278
6 2279
9 2280
7 2281
6 2282
10 2283
8 2284
5 2285
17 2286
3 2287
3 2288
4 2289
7 2290
2 2291
11 2292
6 2293
9 2294
5 2295
8 2296
4 2297
8 2298
5 2299
7 2300
2 2301
6 2302
4 2303
1 2304
4 2305
7 2306
6 2307
11 2308
12 2309
5 2310
4 2311
5 2312
3 2313
7 2314
9 2315
6 2316
4 2317
3 2318
5 2319
6 2320
6 2321
8 2322
11 2323
4 2324
8 2325
5 2326
6 2327
7 2328
9 2329
2 2330
10 2331
1 2332
8 2333
6 2334
5 2335
4 2336
7 2337
7 2338
5 2339
8 2340
8 2341
5 2342
4 2343
8 2344
2 2345
9 2346
6 2347
5 2348
3 2349
6 2350
7 2351
6 2352
10 2353
2 2354
5 2355
7 2356
8 2357
2 2358
6 2359
7 2360
6 2361
7 2362
10 2363
6 2364
5 2365
5 2366
9 2367
3 2368
8 2369
5 2370
3 2371
2 2372
4 2373
4 2374
7 2375
5 2376
6 2377
3 2378
2 2379
9 2380
7 2381
4 2382
7 2383
4 2384
5 2385
5 2386
2 2387
4 2388
6 2389
4 2390
6 2391
3 2392
7 2393
7 2394
7 2395
5 2396
6 2397
8 2398
6 2399
4 2400
3 2401
4 2402
5 2403
4 2404
2 2405
1 2406
3 2408
10 2409
11 2410
9 2411
1 2412
5 2413
5 2414
4 2415
3 2416
9 2417
2 2418
3 2419
8 2420
3 2421
9 2422
4 2423
3 2424
5 2425
5 2426
7 2427
7 2428
3 2429
4 2430
9 2431
6 2432
6 2433
4 2434
3 2435
3 2436
4 2437
1 2438
6 2439
4 2440
2 2441
6 2442
2 2443
4 2444
3 2445
2 2447
6 2448
3 2449
3 2452
7 2453
6 2454
2 2455
3 2456
2 2457
6 2458
5 2459
8 2460
6 2461
2 2462
3 2463
2 2464
1 2465
4 2466
2 2467
6 2468
7 2469
2 2470
4 2471
5 2472
2 2473
4 2474
5 2475
7 2476
5 2477
6 2478
3 2479
3 2480
2 2481
3 2482
3 2483
5 2484
3 2485
11 2486
8 2487
3 2488
2 2489
5 2490
3 2491
4 2492
5 2493
6 2494
4 2495
4 2496
5 2497
5 2498
5 2499
3 2500
8 2501
2 2502
6 2503
4 2506
3 2507
1 2508
6 2509
6 2510
1 2511
3 2512
6 2513
5 2514
3 2515
2 2516
4 2517
4 2518
2 2519
2 2520
1 2521
5 2522
5 2523
5 2524
4 2525
2 2526
7 2527
2 2528
2 2529
3 2530
3 2531
1 2532
5 2533
4 2534
7 2535
5 2536
1 2537
2 2538
6 2539
4 2540
6 2541
1 2542
7 2543
3 2544
6 2545
2 2546
2 2547
2 2548
6 2549
2 2550
1 2551
4 2552
1 2553
4 2555
3 2556
6 2557
3 2558
2 2560
1 2561
4 2562
3 2563
5 2564
1 2565
4 2566
7 2567
1 2568
2 2569
4 2570
2 2571
3 2572
7 2573
6 2574
6 2575
9 2576
1 2577
2 2578
4 2579
2 2580
1 2581
4 2582
1 2583
3 2585
3 2586
4 2587
3 2588
5 2589
3 2590
1 2591
4 2592
8 2593
5 2594
4 2595
5 2596
4 2597
3 2598
5 2599
4 2600
3 2601
3 2602
1 2603
8 2604
4 2605
2 2606
1 2607
4 2608
2 2609
2 2610
2 2611
3 2612
4 2613
1 2614
2 2615
4 2616
3 2617
5 2618
2 2619
5 2620
2 2621
8 2622
5 2623
1 2624
5 2625
3 2626
4 2627
5 2628
5 2629
3 2631
3 2632
4 2633
3 2634
3 2635
3 2636
3 2637
4 2638
3 2639
4 2640
3 2641
3 2642
1 2643
6 2644
2 2645
2 2646
4 2647
5 2648
2 2649
4 2650
4 2652
3 2654
4 2655
3 2656
4 2657
4 2658
2 2659
3 2660
8 2661
3 2662
3 2663
4 2664
4 2665
7 2666
3 2667
2 2668
9 2669
1 2670
2 2671
3 2672
3 2673
4 2674
3 2675
2 2676
3 2677
4 2678
3 2679
4 2680
3 2681
1 2682
7 2683
1 2684
1 2685
2 2687
6 2688
6 2689
5 2690
3 2691
3 2692
1 2694
2 2695
2 2696
4 2697
2 2698
4 2700
2 2701
4 2702
1 2703
4 2704
4 2705
6 2706
2 2707
1 2708
4 2709
3 2710
1 2711
3 2713
1 2714
2 2715
2 2716
3 2717
3 2718
2 2719
1 2720
4 2721
1 2722
2 2723
3 2724
1 2725
2 2726
3 2727
1 2728
5 2729
8 2730
3 2731
5 2732
1 2733
3 2734
1 2735
3 2736
3 2737
1 2738
2 2739
3 2740
2 2741
2 2742
3 2743
1 2744
1 2745
2 2746
2 2748
4 2749
3 2750
3 2751
3 2752
1 2753
1 2754
2 2756
2 2757
3 2758
1 2759
4 2760
3 2761
3 2762
5 2763
5 2764
3 2766
2 2767
3 2768
2 2770
4 2771
1 2772
2 2773
4 2775
1 2776
1 2777
4 2778
2 2779
3 2780
1 2781
3 2782
2 2783
4 2784
1 2785
2 2786
2 2787
2 2788
3 2789
1 2790
10 2791
3 2792
5 2793
3 2794
3 2795
4 2796
5 2797
2 2798
1 2799
2 2800
1 2801
2 2803
2 2805
4 2806
3 2807
3 2808
2 2809
4 2810
3 2811
3 2812
7 2813
3 2815
4 2816
2 2817
6 2818
4 2819
3 2820
4 2822
3 2823
2 2824
1 2825
1 2826
4 2827
1 2829
1 2830
1 2832
2 2833
2 2834
1 2835
2 2836
1 2838
1 2839
2 2840
3 2842
1 2843
1 2844
1 2845
4 2846
1 2847
2 2848
1 2849
2 2850
3 2851
1 2852
4 2853
1 2854
2 2855
2 2856
2 2857
1 2859
3 2860
1 2862
1 2863
2 2864
3 2865
1 2867
3 2868
2 2869
1 2870
2 2871
1 2872
1 2873
1 2874
2 2875
1 2876
2 2877
2 2878
2 2879
1 2880
3 2881
1 2882
5 2883
1 2884
4 2886
3 2887
2 2889
2 2890
1 2891
2 2892
3 2893
1 2894
2 2895
1 2896
1 2897
1 2898
2 2899
1 2900
1 2901
1 2902
2 2903
1 2905
2 2906
2 2909
1 2910
2 2911
5 2912
3 2913
2 2914
4 2916
1 2917
4 2918
3 2919
1 2920
5 2921
3 2924
1 2926
1 2927
2 2928
3 2929
1 2931
3 2932
1 2934
1 2935
1 2936
2 2937
1 2938
1 2939
1 2941
2 2942
2 2944
1 2945
2 2946
3 2947
2 2948
2 2949
1 2950
2 2951
1 2952
3 2953
3 2955
4 2956
1 2957
3 2958
1 2959
3 2961
1 2962
2 2963
1 2964
1 2966
2 2967
3 2970
1 2971
2 2972
1 2973
1 2974
1 2976
1 2978
2 2979
1 2980
1 2982
3 2983
3 2985
4 2987
2 2988
2 2989
3 2990
1 2991
2 2992
2 2993
3 2994
4 2996
1 2997
2 2998
1 2999
5 3000
2 3001
2 3002
2 3003
2 3005
4 3006
4 3007
3 3008
1 3009
1 3010
1 3013
1 3014
3 3015
3 3016
1 3017
2 3018
1 3019
3 3021
1 3022
1 3023
1 3025
3 3026
1 3027
1 3028
4 3029
2 3030
2 3031
3 3032
1 3033
1 3034
1 3036
3 3037
2 3039
1 3040
2 3042
2 3043
1 3044
1 3045
3 3047
1 3048
1 3049
1 3051
2 3052
2 3053
4 3054
1 3055
2 3056
1 3057
2 3058
2 3059
1 3060
1 3061
1 3062
4 3063
2 3065
3 3066
1 3067
1 3068
2 3069
2 3070
1 3071
3 3072
2 3073
1 3074
2 3075
1 3076
1 3077
2 3078
5 3079
1 3084
2 3085
1 3086
1 3087
2 3088
1 3089
2 3090
1 3091
2 3092
1 3093
1 3094
2 3095
1 3096
2 3097
2 3098
2 3099
4 3100
3 3102
3 3103
2 3104
1 3105
1 3106
1 3107
1 3108
1 3110
2 3111
1 3113
1 3114
6 3115
3 3117
1 3118
1 3119
1 3122
3 3123
2 3124
2 3127
1 3129
2 3131
1 3132
2 3133
4 3134
2 3135
1 3137
1 3140
1 3141
1 3144
1 3146
3 3147
1 3149
2 3151
1 3152
2 3155
1 3158
1 3159
1 3160
1 3161
2 3162
3 3163
1 3164
1 3165
2 3166
3 3167
1 3168
2 3169
6 3170
1 3173
2 3174
1 3175
2 3176
3 3177
3 3179
1 3181
1 3184
2 3185
2 3189
3 3190
1 3191
3 3192
1 3194
4 3195
4 3196
1 3199
1 3200
1 3201
2 3202
1 3204
2 3205
2 3206
3 3207
1 3209
1 3211
3 3212
1 3213
3 3214
1 3215
1 3216
2 3217
1 3218
1 3219
2 3220
3 3222
2 3223
3 3226
1 3227
1 3228
1 3229
1 3230
2 3232
1 3233
2 3234
2 3235
1 3237
2 3238
2 3239
2 3240
1 3241
2 3242
1 3243
1 3244
3 3245
2 3246
2 3249
2 3251
2 3252
1 3254
3 3256
2 3257
1 3258
1 3259
1 3260
2 3261
2 3262
7 3263
1 3264
2 3269
2 3271
4 3273
1 3275
1 3276
1 3277
2 3278
2 3279
1 3280
2 3281
1 3282
3 3283
1 3284
3 3286
2 3287
3 3288
2 3289
2 3292
2 3293
1 3295
1 3296
2 3298
2 3300
5 3301
1 3302
4 3304
1 3305
1 3306
1 3307
1 3308
1 3311
3 3312
3 3313
2 3314
1 3318
1 3319
3 3321
3 3322
2 3323
1 3324
3 3325
1 3326
4 3328
1 3329
2 3330
6 3331
1 3332
3 3333
1 3334
3 3335
1 3338
1 3339
4 3340
3 3341
2 3342
2 3343
2 3344
1 3345
1 3347
6 3348
5 3349
4 3350
2 3351
5 3352
2 3353
2 3354
1 3355
1 3357
2 3358
1 3361
1 3362
1 3364
1 3370
1 3371
2 3372
1 3373
3 3374
1 3375
1 3376
2 3377
4 3378
1 3379
1 3380
4 3381
1 3382
3 3384
3 3385
1 3386
3 3387
1 3389
4 3390
3 3393
3 3395
3 3398
3 3399
3 3400
3 3401
2 3402
2 3403
2 3405
3 3407
1 3408
2 3409
1 3410
1 3411
3 3412
2 3413
1 3414
2 3415
3 3416
1 3417
4 3418
1 3419
1 3420
1 3421
1 3422
3 3423
1 3424
3 3425
1 3428
2 3429
1 3430
1 3431
1 3432
2 3433
2 3434
3 3437
5 3438
1 3439
2 3440
2 3441
1 3442
2 3443
1 3444
1 3445
1 3446
1 3447
2 3448
1 3449
1 3450
1 3451
1 3452
2 3453
3 3455
3 3456
2 3458
1 3459
1 3460
3 3462
1 3465
2 3467
1 3469
1 3471
1 3472
4 3474
1 3475
2 3476
2 3477
1 3479
2 3480
1 3483
2 3484
2 3486
1 3487
1 3489
1 3490
2 3491
1 3492
1 3493
1 3494
1 3495
1 3496
1 3497
2 3500
2 3501
1 3502
3 3504
2 3505
1 3507
3 3508
3 3509
1 3510
1 3512
2 3514
1 3515
3 3523
1 3524
2 3525
2 3526
2 3528
2 3529
1 3530
1 3531
1 3532
1 3533
1 3534
2 3537
1 3538
2 3540
3 3541
1 3543
1 3544
1 3545
1 3546
4 3547
1 3548
2 3550
1 3552
1 3554
1 3557
3 3558
1 3559
1 3560
1 3562
1 3563
2 3564
1 3566
1 3568
2 3571
1 3572
4 3579
2 3580
3 3581
1 3582
1 3584
2 3585
3 3587
1 3588
2 3594
1 3595
1 3596
2 3597
1 3598
1 3601
1 3602
2 3603
1 3604
1 3605
3 3606
1 3607
2 3608
1 3609
2 3610
1 3612
1 3613
1 3614
3 3615
1 3617
1 3618
1 3619
1 3620
1 3621
1 3622
2 3624
1 3626
2 3627
2 3629
3 3630
1 3633
1 3634
1 3635
2 3637
1 3639
1 3641
1 3642
1 3645
1 3647
2 3652
1 3653
1 3654
4 3655
2 3657
3 3658
1 3659
1 3660
2 3661
1 3662
2 3663
4 3664
1 3665
2 3667
1 3668
1 3669
1 3671
1 3672
1 3673
2 3676
1 3677
2 3680
3 3685
2 3687
1 3688
2 3693
1 3694
1 3695
1 3696
1 3703
2 3706
2 3708
2 3709
5 3711
1 3712
1 3713
1 3716
2 3717
5 3718
2 3719
1 3721
2 3722
1 3723
2 3725
2 3727
1 3729
1 3730
2 3732
3 3733
1 3736
3 3738
1 3739
1 3740
2 3741
2 3742
3 3743
2 3744
2 3747
1 3748
1 3753
1 3754
2 3755
2 3756
2 3757
1 3758
1 3759
2 3761
1 3763
1 3764
3 3765
1 3768
1 3769
1 3770
2 3771
1 3772
1 3773
1 3774
1 3775
3 3776
1 3777
1 3778
1 3779
1 3780
2 3781
4 3782
2 3783
1 3788
3 3791
1 3792
1 3794
1 3796
1 3797
1 3800
1 3802
2 3803
1 3807
1 3811
3 3813
1 3814
1 3815
1 3817
1 3818
1 3819
1 3820
1 3821
1 3824
1 3828
1 3829
1 3830
2 3832
2 3838
1 3841
2 3842
1 3843
2 3844
1 3845
3 3846
3 3847
1 3848
1 3849
1 3850
1 3853
1 3854
1 3855
1 3860
2 3861
2 3866
1 3868
1 3869
2 3870
3 3871
2 3872
1 3873
2 3874
1 3875
2 3879
1 3880
2 3883
1 3884
2 3885
2 3886
1 3887
2 3889
1 3890
2 3893
1 3894
1 3895
2 3897
3 3902
1 3904
1 3905
1 3908
3 3909
1 3911
2 3915
1 3918
1 3920
1 3922
1 3923
3 3924
1 3927
1 3929
3 3931
2 3933
2 3934
1 3937
1 3938
1 3940
1 3941
1 3944
1 3946
1 3947
1 3949
1 3951
1 3952
2 3953
1 3955
2 3956
2 3957
1 3963
1 3964
1 3966
1 3969
2 3974
3 3975
1 3976
1 3979
1 3981
2 3982
1 3983
1 3984
1 3986
2 3987
2 3989
1 3991
3 3993
1 3995
2 4001
1 4003
1 4004
1 4006
2 4007
1 4010
1 4012
3 4014
1 4015
2 4016
3 4019
1 4021
1 4025
2 4027
1 4028
3 4030
1 4032
2 4035
2 4036
2 4041
1 4042
1 4043
1 4047
1 4048
2 4050
3 4051
1 4052
2 4053
3 4055
1 4056
1 4058
3 4059
2 4060
2 4062
1 4063
1 4064
1 4065
3 4066
2 4067
2 4071
2 4075
1 4077
1 4078
1 4080
2 4084
1 4086
1 4087
1 4088
3 4089
2 4090
1 4091
2 4095
1 4097
1 4100
1 4102
1 4104
1 4107
1 4109
1 4110
1 4111
1 4112
2 4114
1 4116
1 4117
2 4118
2 4119
1 4124
1 4125
1 4127
1 4128
1 4134
1 4136
1 4138
2 4139
1 4140
2 4143
1 4146
2 4147
2 4148
2 4155
1 4158
3 4162
1 4165
1 4170
1 4171
1 4175
2 4176
1 4182
1 4183
2 4185
1 4187
1 4188
2 4189
1 4191
1 4192
1 4193
2 4195
2 4197
1 4198
1 4200
2 4202
1 4205
1 4208
1 4209
1 4210
2 4219
1 4222
1 4231
1 4234
1 4240
2 4246
3 4249
3 4252
1 4254
2 4255
2 4257
2 4258
1 4263
1 4265
2 4269
2 4271
1 4274
1 4278
1 4279
1 4285
1 4291
2 4292
1 4293
1 4296
2 4298
1 4301
1 4306
1 4307
1 4313
1 4323
2 4324
1 4326
1 4335
1 4336
1 4344
1 4348
1 4349
1 4350
1 4353
1 4354
1 4358
1 4362
1 4370
1 4372
1 4379
1 4380
1 4386
1 4389
2 4401
2 4406
1 4409
1 4413
1 4416
1 4433
1 4439
2 4440
1 4443
1 4446
1 4447
1 4452
1 4462
1 4465
1 4466
1 4471
1 4475
1 4481
2 4488
1 4492
1 4495
2 4499
1 4500
1 4503
2 4506
1 4507
1 4510
2 4512
1 4516
1 4520
1 4523
1 4531
3 4535
1 4538
1 4539
1 4540
1 4549
1 4555
1 4560
1 4566
1 4580
1 4583
1 4585
1 4595
2 4605
1 4608
1 4613
1 4614
1 4619
2 4621
1 4632
1 4636
1 4654
1 4659
1 4663
1 4677
1 4678
1 4682
1 4690
2 4697
1 4705
1 4710
3 4712
2 4715
2 4716
1 4717
1 4721
1 4729
1 4730
1 4736
1 4740
1 4742
1 4744
1 4752
1 4764
2 4772
1 4776
1 4786
1 4791
2 4800
1 4810
1 4812
1 4815
1 4827
1 4828
2 4832
1 4838
1 4845
2 4857
1 4863
1 4864
1 4871
1 4882
1 4887
5 4888
1 4904
1 4908
1 4909
1 4913
1 4914
1 4917
1 4923
1 4937
1 4942
2 4947
1 4952
1 4954
1 4956
1 4962
1 4963
2 4966
3 4977
2 4992
1 5006
1 5020
1 5021
1 5031
1 5032
1 5044
1 5049
2 5051
1 5058
2 5060
1 5071
1 5072
2 5079
1 5080
1 5084
1 5085
1 5088
1 5095
1 5102
1 5106
1 5107
1 5108
1 5119
1 5124
1 5127
1 5128
1 5130
1 5138
1 5140
2 5141
1 5144
2 5160
1 5173
1 5174
1 5179
1 5180
1 5185
1 5186
1 5188
1 5190
1 5194
3 5198
1 5202
1 5203
1 5204
1 5205
1 5206
3 5207
1 5214
1 5215
1 5220
1 5223
2 5226
1 5238
1 5239
1 5244
1 5246
1 5247
3 5248
1 5250
1 5252
1 5255
1 5256
1 5266
1 5277
1 5280
2 5281
1 5282
1 5283
2 5285
3 5290
1 5298
1 5300
1 5302
2 5312
1 5316
1 5318
2 5324
1 5325
1 5326
2 5328
1 5329
2 5332
1 5337
3 5343
1 5344
1 5347
1 5349
1 5354
1 5356
1 5359
1 5362
1 5363
1 5365
1 5373
1 5381
1 5383
2 5391
1 5396
2 5402
1 5405
1 5412
2 5415
1 5416
1 5423
1 5424
1 5428
1 5448
1 5458
2 5462
1 5463
1 5465
3 5467
1 5474
4 5475
1 5483
1 5488
1 5491
1 5493
2 5498
2 5502
3 5504
2 5506
1 5509
1 5513
1 5514
1 5516
1 5518
1 5520
1 5521
1 5532
1 5537
2 5541
2 5543
3 5545
2 5550
1 5552
1 5553
1 5555
1 5563
1 5571
2 5578
1 5581
1 5584
1 5586
2 5588
2 5590
1 5591
1 5594
1 5595
1 5598
1 5599
1 5605
1 5617
1 5620
3 5629
3 5631
1 5642
1 5644
2 5645
2 5648
1 5650
2 5657
1 5660
1 5661
3 5664
1 5666
2 5667
1 5668
1 5669
4 5671
1 5673
1 5674
1 5675
2 5676
3 5681
2 5682
1 5683
1 5686
4 5688
3 5692
2 5695
1 5700
1 5703
1 5706
1 5708
1 5713
1 5715
2 5722
2 5724
2 5728
1 5730
2 5731
3 5733
4 5735
2 5736
1 5738
1 5741
2 5742
3 5744
1 5746
1 5749
1 5750
1 5752
1 5754
2 5755
1 5758
1 5759
1 5760
1 5764
1 5765
1 5767
3 5769
1 5771
1 5774
1 5775
2 5776
1 5778
1 5779
1 5781
3 5785
1 5786
1 5787
1 5788
2 5790
1 5793
1 5796
2 5798
1 5799
1 5803
1 5804
1 5805
1 5806
2 5808
3 5810
2 5812
1 5816
2 5817
1 5818
1 5819
3 5821
6 5822
2 5824
1 5825
1 5833
2 5837
2 5841
1 5845
1 5848
1 5851
1 5852
1 5853
1 5854
4 5856
1 5857
2 5858
2 5859
3 5860
2 5862
2 5864
1 5865
1 5866
1 5867
1 5868
1 5872
2 5874
3 5876
1 5878
1 5879
1 5880
3 5882
4 5884
1 5885
1 5888
2 5889
2 5891
2 5892
1 5893
2 5895
1 5898
4 5904
1 5906
1 5907
1 5908
1 5910
1 5911
1 5915
2 5916
1 5920
1 5923
1 5924
1 5929
3 5930
2 5932
1 5933
1 5934
1 5936
1 5937
2 5938
3 5939
1 5944
2 5948
1 5951
1 5955
2 5956
1 5959
1 5960
1 5962
1 5963
3 5966
1 5967
2 5969
1 5971
1 5973
1 5976
1 5977
2 5979
3 5980
2 5981
2 5983
1 5984
2 5985
1 5986
1 5987
1 5988
1 5989
3 5991
1 5992
1 5993
1 5995
3 5996
1 5997
3 5999
2 6001
1 6004
1 6005
2 6006
1 6007
1 6010
1 6011
1 6015
1 6018
1 6025
1 6026
1 6031
2 6035
2 6037
1 6041
1 6050
1 6054
1 6062
1 6066
1 6070
3 6074
2 6078
1 6091
1 6097
1 6100
2 6103
3 6104
2 6105
1 6109
3 6111
1 6113
1 6121
1 6126
2 6127
1 6128
1 6136
1 6138
1 6149
1 6154
1 6155
2 6156
1 6161
2 6163
1 6165
1 6175
2 6184
1 6185
1 6186
1 6189
1 6198
1 6202
2 6217
1 6218
2 6231
1 6235
1 6238
2 6250
1 6254
2 6255
2 6256
1 6258
1 6259
1 6264
2 6270
1 6272
1 6275
1 6280
1 6282
2 6284
1 6286
1 6291
1 6298
1 6299
1 6311
1 6312
2 6325
1 6328
1 6331
1 6336
1 6340
1 6345
1 6346
1 6350
2 6352
3 6354
1 6356
1 6362
1 6365
1 6372
1 6375
1 6380
1 6392
1 6395
1 6398
1 6409
1 6411
1 6417
1 6419
1 6424
1 6425
1 6426
1 6430
1 6433
4 6441
2 6446
1 6447
1 6452
1 6453
1 6455
2 6456
2 6458
1 6459
2 6461
3 6462
1 6467
1 6468
3 6469
1 6472
2 6479
1 6481
1 6482
2 6483
1 6484
1 6492
2 6496
1 6497
3 6498
1 6502
1 6507
1 6508
1 6511
5 6515
2 6516
1 6517
1 6523
3 6525
2 6527
2 6530
2 6532
1 6535
1 6536
3 6537
1 6539
1 6544
2 6548
2 6555
2 6556
2 6558
1 6559
1 6561
2 6563
2 6565
1 6567
1 6570
2 6572
1 6573
2 6574
2 6575
2 6576
2 6577
1 6578
2 6579
2 6581
3 6584
1 6585
1 6586
2 6588
2 6589
1 6590
1 6592
1 6597
1 6600
2 6605
3 6607
1 6609
1 6612
1 6615
1 6617
2 6618
2 6619
2 6621
3 6625
1 6626
1 6627
1 6628
1 6629
2 6631
2 6634
1 6635
1 6636
1 6637
2 6638
1 6639
2 6641
1 6642
1 6644
4 6647
4 6651
1 6652
1 6653
1 6658
3 6660
1 6661
1 6663
1 6664
1 6665
1 6666
3 6667
2 6668
2 6670
2 6671
1 6672
1 6673
1 6676
3 6679
1 6680
2 6682
1 6683
1 6684
1 6685
1 6686
2 6687
2 6690
1 6691
1 6692
1 6694
1 6696
1 6697
2 6698
4 6700
2 6702
5 6705
3 6707
1 6708
1 6709
1 6711
1 6712
2 6713
1 6715
1 6718
2 6720
3 6722
1 6724
4 6728
2 6730
1 6731
2 6734
3 6735
1 6738
2 6739
1 6740
2 6741
2 6742
1 6743
1 6744
1 6748
1 6750
2 6751
1 6755
1 6756
1 6758
2 6764
1 6765
1 6766
1 6767
2 6768
1 6771
4 6772
1 6773
1 6775
1 6776
2 6777
1 6779
2 6782
1 6783
3 6784
1 6785
4 6786
3 6788
8 6790
2 6791
2 6792
1 6793
1 6794
1 6795
1 6796
4 6797
1 6798
1 6799
3 6800
2 6801
1 6802
2 6805
3 6806
2 6807
1 6812
3 6813
2 6814
1 6815
1 6816
2 6817
1 6818
2 6819
2 6820
1 6821
1 6822
1 6824
1 6825
3 6826
1 6827
2 6829
2 6831
3 6832
1 6834
2 6835
3 6837
1 6838
1 6840
2 6841
2 6847
1 6850
2 6852
4 6853
3 6854
1 6856
5 6858
3 6859
1 6860
2 6861
2 6864
2 6865
2 6867
2 6868
1 6869
1 6870
1 6871
1 6872
1 6873
1 6874
2 6877
1 6879
1 6880
4 6881
1 6882
1 6884
1 6885
2 6887
1 6888
1 6889
1 6891
1 6893
1 6895
1 6899
2 6900
1 6905
1 6906
1 6907
3 6908
1 6910
1 6911
1 6913
1 6914
2 6915
3 6917
1 6919
1 6920
1 6922
1 6923
3 6924
3 6925
1 6926
2 6927
1 6928
1 6931
2 6932
2 6933
2 6937
3 6938
1 6940
2 6941
1 6942
1 6943
1 6944
1 6946
2 6947
2 6948
1 6951
2 6952
2 6953
1 6955
1 6956
2 6957
1 6959
1 6960
1 6961
1 6962
3 6965
1 6967
1 6968
4 6969
1 6970
1 6972
1 6973
3 6974
1 6977
2 6978
2 6979
3 6980
3 6981
1 6982
1 6983
1 6984
1 6985
2 6989
1 6990
1 6991
2 6993
1 6997
2 6998
4 6999
2 7000
1 7006
2 7007
1 7008
1 7010
5 7011
3 7014
3 7016
1 7020
2 7022
2 7023
1 7024
1 7025
2 7027
2 7028
1 7029
2 7032
4 7034
1 7035
3 7037
2 7041
1 7042
1 7045
1 7046
2 7048
1 7050
2 7051
2 7054
1 7055
3 7056
1 7058
1 7060
1 7061
1 7063
1 7064
1 7066
1 7067
1 7068
3 7069
3 7072
2 7073
2 7074
2 7075
1 7078
1 7080
2 7081
1 7083
2 7084
1 7085
1 7086
1 7089
1 7090
1 7093
1 7094
2 7095
1 7096
2 7097
1 7098
1 7099
1 7101
1 7102
2 7103
1 7108
1 7111
2 7112
1 7113
4 7114
3 7116
1 7117
3 7118
3 7124
2 7125
1 7126
1 7129
1 7131
1 7132
1 7133
1 7134
1 7136
2 7137
1 7139
3 7141
1 7142
2 7144
2 7146
1 7147
1 7149
1 7151
1 7152
2 7158
4 7159
2 7161
1 7163
2 7164
1 7167
1 7169
2 7170
2 7172
1 7173
2 7174
1 7176
1 7178
1 7181
1 7182
1 7184
2 7186
1 7191
2 7193
1 7194
2 7195
3 7197
1 7198
2 7199
2 7200
1 7201
2 7202
1 7203
1 7206
1 7211
3 7212
2 7214
3 7215
4 7216
2 7219
3 7220
1 7221
2 7223
3 7224
2 7226
1 7229
2 7230
1 7231
1 7232
1 7233
1 7235
1 7236
2 7237
1 7239
2 7240
1 7241
3 7244
2 7247
1 7248
2 7249
2 7251
3 7253
3 7258
4 7260
1 7266
3 7267
2 7268
4 7269
1 7270
3 7271
1 7279
3 7280
5 7281
1 7282
3 7283
2 7285
1 7286
1 7290
1 7293
2 7296
2 7298
1 7302
2 7304
3 7305
2 7306
2 7307
1 7311
2 7312
3 7313
2 7314
2 7315
1 7316
1 7317
2 7318
4 7320
1 7321
1 7322
1 7325
1 7326
4 7328
1 7331
1 7332
1 7333
1 7334
1 7335
2 7336
3 7337
3 7339
3 7342
1 7343
1 7344
2 7345
1 7346
2 7348
1 7350
1 7351
3 7353
3 7354
2 7355
3 7356
2 7358
1 7359
3 7360
3 7362
3 7363
2 7366
5 7368
1 7371
1 7372
1 7374
1 7376
1 7377
1 7378
1 7379
1 7381
1 7382
2 7383
2 7386
2 7387
2 7388
3 7389
1 7390
2 7393
1 7394
1 7395
2 7396
1 7399
2 7401
4 7402
1 7403
3 7404
1 7408
2 7409
2 7411
1 7412
1 7413
1 7416
1 7417
3 7418
1 7419
4 7420
1 7423
1 7424
1 7425
2 7426
2 7427
1 7428
1 7431
2 7432
2 7436
1 7438
3 7439
1 7440
1 7441
1 7442
3 7445
1 7448
1 7450
3 7451
3 7453
5 7457
1 7459
1 7461
1 7462
3 7463
1 7464
1 7465
1 7466
3 7467
1 7468
3 7469
1 7470
1 7471
1 7473
1 7474
4 7475
2 7477
1 7478
2 7479
1 7480
4 7482
1 7483
1 7484
1 7485
1 7487
2 7488
3 7489
2 7490
6 7491
1 7492
1 7493
1 7495
1 7496
1 7497
1 7498
2 7499
2 7501
1 7502
1 7503
1 7504
2 7506
2 7507
2 7508
1 7509
2 7510
3 7512
2 7513
1 7515
1 7516
5 7518
2 7520
1 7521
3 7523
5 7525
1 7527
2 7530
1 7532
1 7533
1 7537
1 7541
1 7542
1 7543
1 7545
1 7547
2 7549
2 7551
1 7552
1 7554
1 7558
2 7559
2 7561
2 7563
1 7565
1 7566
1 7569
2 7570
1 7575
1 7577
1 7578
1 7579
1 7580
1 7582
1 7586
2 7589
2 7590
2 7591
1 7593
3 7599
1 7600
1 7601
1 7604
2 7610
2 7611
2 7613
2 7614
1 7615
1 7617
2 7619
1 7622
3 7624
1 7625
1 7626
1 7629
1 7631
2 7636
1 7646
1 7647
1 7648
1 7649
1 7651
1 7652
1 7653
1 7654
1 7656
1 7660
2 7661
1 7666
1 7667
1 7668
1 7669
2 7673
1 7674
1 7677
1 7678
2 7679
1 7680
2 7681
1 7682
1 7687
2 7689
1 7691
1 7692
1 7694
1 7695
1 7696
2 7700
1 7701
1 7703
1 7710
2 7712
2 7713
1 7714
1 7715
2 7716
1 7718
2 7722
3 7723
1 7725
2 7733
1 7737
1 7738
1 7740
1 7741
1 7746
1 7751
1 7752
1 7758
2 7759
1 7760
1 7766
2 7770
1 7771
2 7772
1 7776
1 7777
1 7779
1 7781
1 7782
3 7784
2 7789
1 7790
2 7794
1 7798
1 7799
1 7801
2 7803
1 7804
1 7806
1 7807
1 7808
1 7810
1 7814
3 7816
1 7819
3 7820
1 7824
1 7826
1 7827
1 7828
1 7829
1 7831
1 7839
1 7840
2 7841
1 7847
1 7857
1 7860
1 7861
1 7865
1 7866
1 7868
1 7872
2 7875
1 7880
1 7881
1 7888
2 7892
1 7894
2 7900
1 7902
3 7906
1 7907
1 7911
1 7913
2 7919
1 7921
3 7923
2 7925
1 7926
1 7930
2 7932
1 7939
1 7940
1 7941
1 7943
1 7946
1 7947
1 7948
1 7953
1 7955
1 7957
2 7963
3 7965
1 7978
1 7986
1 7993
1 8001
1 8002
1 8003
1 8006
1 8007
1 8017
1 8025
1 8029
1 8034
1 8039
1 8050
1 8051
1 8053
1 8068
1 8075
1 8078
1 8084
1 8085
1 8086
1 8094
1 8100
1 8109
2 8114
1 8133
1 8159
1 8167
1 8175
1 8176
1 8185
1 8189
2 8206
1 8207
1 8208
1 8218
1 8220
1 8231
1 8234
1 8236
1 8239
2 8248
1 8250
1 8264
1 8271
1 8284
1 8291
1 8301
1 8308
1 8331
1 8345
1 8351
1 8356
1 8391
1 8392
1 8457
1 8491
2 8494
1 8516
1 8543
1 8555
1 8561
1 8564
1 8599
2 8615
1 8618
1 8630
1 8643
1 8689
3 8733
1 8759
1 8764
1 8773
1 8827
1 8855
1 8905
1 8908
1 8931
1 8964
1 9025
1 9075
2 9080
1 9096
1 9125
1 9130
1 9154
1 9160
1 9172
1 9219
2 9220
1 9221
1 9223
2 9224
1 9251
1 9321
1 9322
3 9326
1 9356
1 9369
1 9395
1 9401
1 9405
1 9410
1 9417
1 9432
1 9472
1 9474
1 9488
1 9538
1 9544
1 9548
1 9554
1 9566
1 9590
1 9617
1 9624
1 9630
1 9674
1 9707
1 9715
1 9717
2 9743
1 9792
1 9818
1 9837
1 9867
1 9886
1 9895
1 9898
1 9928
1 9949
1 9998
1 10043
1 10071
1 10091
1 10094
1 10105
1 10149
1 10178
1 10183
1 10202
1 10212
1 10228
1 10237
1 10293
2 10316
1 10389
1 10397
1 10449
1 10484
1 10514
1 10516
1 10534
1 10548
1 10641
1 10664
1 10730
1 10745
1 10797
1 10893
1 10901
1 10975
2 10985
2 10999
1 11143
1 11203
1 11207
1 11269
1 11433
1 11802
1 11819
1 11830
1 11916
1 12005
1 12097
2 12214
1 12265
1 12295
1 12315
1 12395
2 12690
1 12735
1 12841
1 12843
1 12885
1 12944
1 13055
2 13137
1 13175
1 13336
1 13546
1 13780
1 13794
1 13813
1 14041
1 14219
1 14242
1 14292
1 14398
1 14432
1 14594
1 14760
2 14937
1 14957
1 14998
1 15015
1 15162
1 15227
1 15234
1 15304
1 15337
1 15380
1 15488
1 15602
1 15929
1 15976
1 16309
1 16325
1 16380
1 16435
1 16450
1 16473
1 16535
1 16559
1 16907
1 16917
1 16930
1 17030
1 17064
1 17388
1 17456
1 17633
1 17646
1 17694
1 17753
1 17797
1 17845
1 17848
1 17855
1 17884
1 17887
1 17903
1 17951
1 17952
1 17961
1 17971
1 17975
1 17983
1 18001
1 18009
1 18013
1 18014
1 18030
1 18034
1 18048
1 18076
1 18078
2 18081
1 18090
1 18098
2 18103
1 18109
1 18120
1 18130
1 18135
1 18155
1 18157
2 18158
1 18159
1 18208
1 18213
1 18245
1 18274
1 18281
1 18291
2 18296
1 18319
1 18378
1 18396
1 18415
1 18416
2 18426
1 18429
3 18482
1 18492
1 18496
1 18516
1 18524
1 18545
1 18621
1 18924
1 18995
1 19090
1 19297
1 19347
1 19684
1 19748
1 20049
1 20276
2 20523
2 20533
1 20663
1 20764
1 20941
1 21011
1 21427
1 21797
1 21975
1 22020
1 22054
1 22115
1 22172
1 22203
1 22339
1 22347
1 22405
1 22525
2 22733
1 22942
1 23015
1 23142
1 23450
1 23522
1 23655
1 24740
1 25381
1 25796
1 26207
1 26339
1 26812
2 27308
1 27549
1 27891
2 30151
2 30498
1 30531
1 30639
1 32556
2 32824
1 33488
1 35256
1 35323
1 35604
1 36147
1 36345
4 37748
1 37992
1 38803
2 38815
1 38871
1 42718
1 43334
1 45191
1 46115
1 46122
1 46129
1 46285
1 46602
1 47563
1 48488
1 48727
1 49318
1 50220
1 50550
1 50597
1 50981
1 50984
1 53656
1 54212
1 54341
1 54513
1 54534
1 54547
1 54564
1 54566
1 54584
2 54616
1 54629
1 54663
1 54671
1 54728
1 55732
1 58005
1 58249
1 58283
1 59466
1 62035
2 62923
1 79431
1 81518
1 82506
1 85962
1 88147
1 90840
1 93247
1 93519
1 96122
1 99355
2 106391
1 107586
1 110151
1 111613
1 113734
1 114466
1 115856
2 119005
1 119569
1 123118
1 124096
1 133360
1 137177
1 142936
1 143526
1 143597
1 144258
1 153500
1 159318
1 165373
1 170163
1 173072
1 177684
1 177822
1 177852
1 179045
1 179557
1 179614
1 191030
1 195173
1 210151
1 219737
2 226983
4 226985
1 226987
1 226988
1 226989
2 226990
2 226993
1 226997
1 226998
2 227000
1 227002
2 227004
1 227006
2 227008
1 227009
1 227010
1 227012
2 227013
1 227015
2 227018
1 227020
1 227029
1 227168
1 227694
1 227724
1 232874
1 232960
1 240237
1 250476
1 253405
1 254487
1 257369
1 260005
1 269124
1 269240
1 271740
1 279189
1 286852
1 293439
1 293465
1 293497
1 293513
1 293516
1 293534
1 293556
2 293562
1 293568
1 293614
1 293619
1 293771
2 293903
1 300657
1 303353
1 315294
1 315325
1 315484
1 323343
1 346210
1 380104
1 380105
1 381462
1 393976
1 443468
1 458003
1 459808
1 476599
1 479592
1 484357
1 544707
1 556461
1 560302
1 594550
1 609524
1 609898
1 613688
1 616149
1 617148
1 636903
1 643972
1 666596
1 672218
1 675301
2 686190
1 732569
1 745900
1 758632
1 767653
1 773365
1 851280
1 893489
1 894311
1 909948
1 961844
1 999264
1 1058533
1 1064171
1 1066269
1 1066366
1 1070464
1 1114614
1 1117911
1 1144564
1 1162962
1 1181287
1 1185982
1 1201608
1 1258765
1 1261321
1 1261322
1 1262010
1 1294140
1 1327705
1 1335110
1 1372654
1 1380126
1 1385344
1 1404386
1 1426830
1 1435180
1 1437302
1 1443228
1 1453835
1 1473561
1 1480822
1 1486888
1 1487015
1 1490254
1 1499593
1 1538806
1 1573293
1 1574722
1 1577227
1 1595126
2 1599629
1 1600416
1 1640919
1 1644138
1 1664747
1 1666768
1 1687631
1 1732464
1 1757244
1 1776201
1 1778430
1 1800136
1 1800879
1 1804269
1 1830968
1 1860151
1 1889384
1 1906176
1 1995249
1 2011370
1 2015036
1 2024519
1 2063879
1 2065510
1 2069466
1 2070212
1 2080392
1 2093673
1 2093869
1 2095957
1 2122785
1 2124287
1 2124821
1 2128962
1 2135113
1 2136532
1 2137428
1 2140567
1 2157330
1 2164559
1 2192909
1 2200657
1 2202638
1 2236007
1 2339375
1 2391311
1 2417943
1 2430866
1 2435552
1 2436938
1 2440404
1 2453993
1 2476900
1 2502493
1 2532577
1 2539292
1 2614387
1 2645993
1 2673898
1 2683921
1 2705368
1 2711376
1 2718402
1 2752226
1 2771429
1 2772866
1 2773332
1 2781181
1 2795438
1 2859767
1 2894982
1 2918966
1 2924114
1 2936708
1 2942233
1 2985821
1 3004312
1 3009706
1 3031334
1 3036113
1 3056629
1 3101687
1 3101817
1 3109192
1 3166283
1 3168127
1 3170597
1 3188228
1 3206003
1 3337278
1 3342447
1 3367862
1 3389714
1 3456309
1 3465809
1 3496428
1 3499636
1 3508081
1 3516658
1 3517343
1 3532329
1 3537625
1 3564951
1 3611326
1 3616707
1 3616761
1 3616815
1 3616864
1 3616923
1 3616936
1 3616962
1 3616973
1 3617103
1 3617112
1 3617122
1 3617138
1 3617148
1 3617185
1 3617186
1 3617189
1 3617205
1 3617251
1 3617270
1 3617280
1 3617284
1 3617290
1 3617322
1 3617442
1 3617443
1 3652544
1 3653227
1 3661702
1 3666597
1 3697566
1 3780935
1 3821556
1 3825392
1 3920459
1 3954416
1 3985297
1 3991416
1 3991503
1 3992480
1 3992897
1 3996801
1 4026784
1 4114937
1 4117816
1 4122240
1 4134327
1 4151180
1 4173311
1 4175333
1 4198493
1 4211695
1 4211727
1 4222332
1 4225656
1 4236273
1 4236590
1 4236655
1 4243486
1 4261478
1 4271067
1 4274045
1 4284816
1 4299115
1 4322624
1 4461610
1 4502849
1 4516085
1 4542848
1 4543040
1 4558230
1 4559356
1 4584517
1 4636054
1 4669234
1 4683787
1 4700475
1 4727199
1 4733483
1 4784703
1 4788490
1 4797586
1 4800948
1 4801144
1 4853735
1 4869668
1 4911615
1 4915100
1 4930219
1 4934965
1 4980194
1 5007180
1 5017812
1 5064222
1 5066073
1 5080508
1 5098260
1 5116061
1 5124649
1 5172852
1 5189357
1 5210836
1 5222619
1 5233712
1 5285884
1 5289362
1 5358334
1 5375837
1 5412952
1 5419986
1 5464101
1 5468750
1 5475722
1 5509386
1 5548234
1 5550516
1 5609039
1 5674828
1 5689924
1 5718542
1 5754760
1 5755726
1 5821066
1 5889612
1 5894576
1 5913071
1 5914596
1 5922164
1 5953852
1 5970493
1 5979041
1 5986051
1 5990575
1 5995942
1 6008577
1 6011171
1 6022925
1 6079120
1 6091888
1 6117712
1 6161168
1 6223315
1 6224486
1 6243564
1 6269140
1 6282401
1 6288882
1 6293950
1 6299571
1 6302247
1 6332450
1 6346538
1 6351439
1 6365657
1 6409056
1 6426542
1 6427271
1 6427912
1 6465272
1 6481289
1 6531927
1 6565695
1 6566210
1 6569771
1 6577001
1 6594419
1 6633783
1 6637605
1 6665431
1 6666208
1 6699619
1 6703299
1 6737145
1 6817475
1 6825387
1 6860263
1 6866724
1 6914344
2 6931230
1 6938395
1 6983011
1 7011592
1 7042584
1 7072111
1 7105290
1 7146603
1 7184230
1 7189299
1 7217474
1 7266109
1 7276527
2 7309139
1 7349625
1 7433750
1 7452009
1 7480286
1 7520631
1 7557486
1 7643960
1 7705549
1 7709405
1 7714663
1 7737859
1 7745293
1 7799929
1 7803553
1 7835876
1 7908407
1 7908595
1 7908654
1 7908798
1 7908928
1 7908983
1 7938722
1 7941132
1 7945031
1 7967793
1 8005847
1 8022754
1 8084359
1 8156184
1 8160309
1 8199997
1 8210514
1 8216437
1 8258278
1 8274167
1 8283002
1 8291981
1 8293994
1 8329793
1 8356481
1 8397395
1 8402537
1 8423264
1 8446793
1 8452569
1 8525637
1 8580297
1 8581064
1 8644481
1 8655947
1 8668694
1 8748118
1 8779893
1 8788736
1 8820504
1 8871105
1 8894713
1 8918424
1 8979823
1 8982829
1 9007549
1 9008618
1 9010835
1 9102584
1 9107228
1 9179471
1 9229922
1 9252126
1 9281771
1 9286619
1 9336085
1 9339917
1 9357547
1 9368581
1 9387437
1 9422589
1 9424345
1 9425370
1 9425371
1 9425381
1 9425383
1 9425386
1 9425392
1 9425393
2 9425398
1 9425401
1 9425409
2 9425413
1 9425421
1 9425434
1 9425447
1 9425448
1 9425450
1 9425454
1 9425462
1 9425463
2 9425466
1 9425468
1 9447770
1 9479004
1 9490739
1 9510721
1 9576976
1 9582673
1 9619468
1 9642086
1 9651310
1 9657210
1 9666371
1 9703936
1 9708916
1 9785465
1 9785803
1 9791387
1 9793075
1 9793128
1 9818205
1 9820934
1 9853705
1 9859981
1 9877423
1 9877430
2 9877433
1 9877435
3 9877440
1 9877441
4 9877443
1 9877444
2 9877451
1 9877452
3 9877455
1 9877456
1 9877575
1 9877578
1 9877579
1 9877584
2 9877585
1 9877587
1 9877589
5 9877591
2 9877595
1 9877596
1 9877598
1 9877600
2 9877601
1 9877605
1 9877610
2 9877713
1 9877716
1 9877720
1 9877726
1 9877727
4 9877729
1 9877730
2 9877731
3 9877732
1 9877735
1 9877737
1 9877742
1 9917570
1 9938099
1 9945020
1 9945074
1 9957378
1 9962746
1 10001820
1 10021432
1 10066191
1 10091461
1 10108429
1 10118417
1 10136975
1 10139930
1 10140643
1 10140802
1 10141261
1 10141273
1 10141303
1 10141373
1 10141451
1 10141471
1 10141494
1 10141509
1 10141540
1 10141544
1 10141553
1 10141558
1 10141576
1 10144299
1 10150673
1 10159852
1 10191674
1 10198611
1 10268094
1 10277462
1 10324266
1 10420326
1 10427813
1 10428945
1 10432426
1 10444276
1 10454945
1 10518035
1 10535264
1 10551459
1 10585178
1 10589079
1 10590863
1 10601074
1 10614417
1 10653535
1 10654929
1 10665041
1 10718158
1 10719467
1 10763613
1 10764106
1 10779756
1 10793852
1 10819163
1 10821615
1 10822365
1 10844086
1 10870027
1 10872046
1 10901457
1 10909725
1 10918756
1 10920330
1 10966451
1 11066638
1 11231890
1 11249949
1 11271336
1 11292451
1 11398338
1 11405417
1 11427666
1 11446581
1 11496385
1 11503133
1 11527329
1 11554974
1 11650905
1 11675498
1 11721224
1 11730744
1 11774766
1 11782530
1 11787977
1 11788603
1 11947878
1 11966851
1 11981265
1 12015987
1 12023093
1 12033603
1 12061748
1 12062624
1 12120519
1 12123576
1 12132070
1 12135903
1 12166017
1 12194997
1 12224472
1 12270317
1 12345719
1 12378062
1 12399159
1 12452062
1 12472749
1 12520938
1 12552740
1 12623038
1 12627750
1 12630174
1 12694635
1 12865160
1 12865989
1 12890137
1 12904248
1 12945321
1 12964055
1 12980697
1 13030900
1 13064622
1 13067952
1 13139847
1 13180685
1 13255862
1 13278958
1 13287460
1 13294665
1 13360705
1 13366027
1 13366058
1 13366153
1 13366225
1 13367919
1 13369161
1 13381807
1 13447537
1 13451108
1 13461338
1 13473652
1 13476445
1 13478174
1 13478980
1 13528776
1 13529438
1 13561073
1 13591165
1 13603824
1 13632472
1 13676395
1 13692132
1 13696899
1 13726492
1 13729400
1 13747711
1 13758503
1 13802204
1 13829694
1 13838173
1 13854292
1 13864079
1 13871377
1 13881796
1 13910015
1 13910022
1 13910030
1 13944608
1 13976808
1 13984048
1 14005467
1 14027113
1 14066919
1 14130293
1 14151794
1 14178060
1 14229103
1 14277879
1 14309275
1 14339277
1 14425000
1 14455558
1 14495278
1 14500043
1 14504661
1 14535397
1 14601853
1 14644463
1 14645715
1 14661460
1 14674542
1 14674821
1 14700477
1 14721693
1 14775130
1 14795339
1 14812189
1 14856809
1 14887468
1 14888339
1 14895994
1 14920394
1 14992362
1 14994878
1 14998621
1 15016571
1 15084637
1 15176878
1 15242416
1 15251739
1 15252568
1 15298647
1 15304430
1 15333793
1 15346320
1 15402060
1 15421874
1 15491851
1 15510212
1 15521272
1 15525181
1 15526278
1 15530988
1 15615564
1 15640760
1 15666390
2 15679647
1 15738527
1 15739157
1 15746317
1 15818145
1 15841358
1 15862009
1 15884231
1 15930947
1 16017249
1 16027241
1 16033952
1 16074390
1 16126289
1 16157097
1 16157098
1 16157099
1 16157101
1 16157104
1 16157107
3 16157109
1 16157111
1 16157112
2 16157113
1 16157114
2 16157115
2 16157116
2 16157122
2 16157123
1 16157124
1 16157125
3 16157127
1 16157128
1 16157131
5 16157132
1 16157134
2 16157135
3 16157136
2 16157137
1 16157139
2 16157140
1 16157141
1 16157143
1 16157144
1 16157145
1 16157146
3 16157147
15 16157154
5 16157155
3 16157157
1 16157162
1 16157165
2 16157166
2 16157167
1 16157168
3 16157169
2 16157172
1 16157175
1 16157177
2 16157178
2 16157180
2 16157181
3 16157182
3 16157183
1 16157184
3 16157185
4 16157186
2 16157188
4 16157189
1 16157192
1 16157193
3 16157194
1 16157197
3 16157199
3 16157200
3 16157201
2 16157202
3 16157203
3 16157204
5 16157205
1 16157206
1 16157207
2 16157208
3 16157209
3 16157210
1 16157211
10 16157212
2 16157213
1 16157215
2 16157216
2 16157218
5 16157219
4 16157220
3 16157221
2 16157222
3 16157223
5 16157225
1 16157228
2 16157232
1 16157233
3 16157234
2 16157235
7 16157236
1 16157239
2 16157240
3 16157241
3 16157242
2 16157244
8 16157245
1 16157246
2 16157249
2 16157250
1 16157251
2 16157252
3 16157254
1 16157255
1 16157257
2 16157258
4 16157259
1 16157260
3 16157261
3 16157262
3 16157263
1 16157264
1 16157265
4 16157266
5 16157267
2 16157268
1 16157269
4 16157270
2 16157272
2 16157273
3 16157275
1 16157278
4 16157279
3 16157281
2 16157283
1 16157285
1 16157287
3 16157289
4 16157290
2 16157291
2 16157292
2 16157294
5 16157295
2 16157296
2 16157298
1 16157299
5 16157301
1 16157302
1 16157303
1 16157304
1 16157306
1 16157307
1 16157309
2 16157310
1 16157313
1 16157315
1 16157317
1 16157318
1 16157320
1 16157322
2 16157323
1 16157324
4 16157325
1 16157328
2 16157331
3 16157332
1 16157333
1 16157334
2 16157337
1 16157340
1 16157341
2 16157342
1 16157346
2 16157349
2 16157351
2 16157355
1 16157356
2 16157362
1 16157363
3 16157368
1 16157369
2 16157371
2 16157372
2 16157379
1 16157380
1 16157381
3 16157382
2 16157383
2 16157391
1 16157393
1 16157394
1 16157395
1 16157396
1 16157397
1 16157399
2 16157400
4 16157402
1 16157409
4 16157411
1 16157414
3 16157415
1 16157417
1 16157418
1 16157419
2 16157420
1 16157421
1 16157422
1 16157423
2 16157424
1 16157426
2 16157429
1 16157432
3 16157433
1 16157436
1 16157437
2 16157443
2 16157450
4 16157452
1 16157453
2 16157454
1 16157458
1 16157459
1 16157464
1 16157471
1 16157474
1 16157480
2 16157484
1 16157486
1 16157487
1 16157488
1 16157493
1 16157494
2 16157498
2 16157503
3 16157504
3 16157507
4 16157508
2 16157509
4 16157514
1 16157515
1 16157517
1 16157519
3 16157520
2 16157524
1 16157534
1 16157535
1 16157541
1 16157542
1 16157543
1 16157544
6 16157545
1 16157546
1 16157547
3 16157548
1 16157549
3 16157556
2 16157557
1 16157561
2 16157565
1 16157567
3 16157568
2 16157571
3 16157572
1 16157573
3 16157577
1 16157578
1 16157579
1 16157580
3 16157581
2 16157582
4 16157583
1 16157584
2 16157586
1 16157587
1 16157589
1 16157591
4 16157597
1 16157598
1 16157599
1 16157607
1 16157611
2 16157615
4 16157617
1 16157619
1 16157628
1 16157637
1 16157642
1 16157645
1 16157648
2 16157651
1 16157652
1 16157654
1 16157658
1 16157659
1 16157672
1 16157678
1 16157683
1 16157684
2 16157686
1 16157690
1 16157710
1 16157711
1 16157720
1 16157730
1 16157733
1 16157747
1 16157754
1 16157759
1 16157786
1 16157842
1 16158040
1 16163086
1 16259765
1 16278493
1 16313916
1 16331087
1 16343041
1 16364731
1 16398770
1 16399266
1 16431266
1 16469342
1 16527274
1 16683558
1 16700686
1 16716303
1 16719040
1 16821351
1 16887361
1 16902204
1 16925600
1 16978150
1 17029334
1 17033445
1 17052719
1 17084305
1 17106715
1 17122830
1 17127934
1 17133640
1 17149788
1 17156406
1 17278094
1 17291166
1 17305542
1 17317274
1 17372277
1 17386188
1 17405302
1 17512701
1 17579577
1 17634324
1 17639629
1 17715877
1 17764925
1 17766949
1 17775151
1 17779163
1 17810738
1 17825773
1 17866855
1 17884035
1 17922230
1 17962232
1 18048626
1 18064792
1 18067584
1 18098756
1 18102433
1 18114540
1 18134018
1 18146324
1 18167196
1 18217651
1 18286612
1 18316662
1 18324131
1 18400286
1 18434243
1 18445647
1 18484885
1 18486695
1 18490281
1 18497304
1 18517178
1 18527280
1 18548410
1 18565271
1 18575268
1 18693619
1 18734360
1 18734403
1 18734406
1 18749843
1 18811361
1 18829319
1 18836834
1 18909877
1 18947142
1 18961252
1 19039496
1 19048702
1 19068722
1 19091363
1 19120533
1 19157196
1 19160163
1 19165135
1 19174641
1 19175145
1 19189375
1 19196719
1 19200764
2 19225470
1 19271525
1 19294900
1 19355982
1 19359010
1 19365491
1 19456245
1 19495891
1 19512848
1 19529863
1 19558989
1 19560177
1 19580166
1 19621552
1 19702304
1 19719586
1 19724775
1 19735379
1 19745324
1 19774359
1 19781039
1 19783128
1 19809560
1 19814417
1 19821026
1 19825510
1 19956504
1 19972301
1 20065962
1 20067664
1 20088670
1 20168511
1 20264820
1 20267393
1 20295670
1 20305397
1 20310186
1 20379879
1 20394114
1 20396431
1 20439329
1 20466014
1 20466559
1 20509813
1 20534807
1 20585946
1 20612997
1 20620895
1 20637466
1 20690717
1 20725279
1 20762175
1 20774987
1 20808900
1 20814863
1 20832153
1 20840956
1 20849067
1 20898886
1 20912633
1 20930973
1 20973464
1 20974132
1 21010232
1 21050294
1 21101154
1 21127210
1 21140753
1 21161061
1 21210002
1 21224092
1 21240144
1 21281736
1 21368754
1 21410063
1 21431556
1 21443659
1 21444207
1 21484639
1 21488062
1 21512475
1 21555291
1 21581904
1 21598652
1 21654162
1 21680363
1 21690806
1 21705635
1 21721955
1 21739497
1 21774609
1 21790709
1 21852886
1 21946987
1 21969781
1 21997595
1 22001924
1 22024476
1 22032241
1 22054759
1 22072512
1 22085532
1 22096303
1 22100835
1 22110756
1 22120913
1 22128183
1 22244619
1 22278617
1 22282877
1 22293448
1 22297822
1 22336728
1 22350765
1 22395189
1 22415013
1 22462985
1 22489961
1 22559062
1 22584772
1 22640393
1 22643134
1 22677353
1 22688890
1 22750329
1 22753644
1 22769567
1 22776088
1 22790220
1 22805849
1 22848632
1 22856236
1 22898401
1 22899329
1 22923044
1 22928253
1 22932209
1 22955958
1 22958058
1 23022625
1 23036217
1 23047603
1 23052053
1 23052246
1 23058989
1 23079821
1 23090429
1 23097230
1 23135365
1 23183614
1 23198051
1 23208786
1 23220339
1 23257146
1 23271199
1 23301140
1 23304708
1 23355983
1 23397147
1 23436815
1 23517897
1 23591793
1 23640490
1 23651058
1 23691226
1 23712548
1 23775703
1 23808624
1 23822217
1 23829184
1 23856321
1 23877289
1 23925247
1 23980626
1 24001041
1 24002895
1 24022434
1 24026400
1 24037506
1 24039721
1 24041121
1 24046990
1 24061134
1 24078221
1 24145745
1 24307583
1 24314273
1 24355265
1 24388599
1 24438739
1 24477098
1 24495288
1 24506509
1 24566979
1 24591490
1 24671103
1 24678530
1 24689762
1 24691072
1 24694354
1 24703406
1 24721257
1 24725326
1 24754927
1 24759252
1 24803627
1 24827864
1 24828406
1 24931485
1 24951904
1 24969548
1 24993068
1 25006366
1 25015170
1 25065616
1 25072571
1 25079678
1 25092319
1 25097203
1 25379581
1 25451079
1 25497215
1 25501530
1 25553994
1 25568034
1 25583857
1 25630450
1 25678127
1 25859015
1 25970852
1 25987897
1 26110474
1 26157525
1 26161696
1 26193096
1 26210032
1 26215643
1 26232498
1 26338706
1 26379601
1 26384053
1 26402788
1 26525668
1 26529511
1 26581288
1 26659402
1 26670986
1 26723193
1 26801915
1 26830632
1 26915992
1 26970098
1 27033965
1 27051390
1 27116117
1 27221498
1 27409316
1 27409336
1 27409425
1 27409508
1 27423978
1 27432654
1 27434823
1 27486510
1 27516380
1 27521772
1 27622843
1 27632596
1 27636056
1 27637974
1 27649916
1 27711664
1 27759108
1 27801830
1 27825706
1 27874986
1 27895674
1 27973674
1 28040770
1 28151592
1 28186798
1 28199886
1 28225286
1 28243730
1 28296982
1 28308695
1 28313920
1 28317725
1 28317945
1 28338096
1 28344598
1 28366763
1 28471392
1 28488569
1 28574674
1 28637456
1 28653861
1 28682663
1 28714469
1 28792226
1 28798823
1 28815579
1 28837032
1 28850483
1 28869890
1 28976717
1 29168878
1 29185976
1 29213201
1 29247952
1 29267139
1 29270414
1 29271960
1 29292812
1 29326185
1 29327697
1 29362208
1 29428267
1 29504605
1 29562029
1 29572960
1 29605312
1 29649057
1 29713110
1 29732829
1 29761461
1 29839399
1 29894474
1 29897204
1 29931639
1 29960237
1 29981856
1 30008765
1 30024025
1 30099616
1 30117411
1 30172713
1 30252127
1 30258021
1 30275603
1 30323957
1 30389927
1 30389997
1 30526140
1 30550238
1 30578016
1 30606832
1 30620151
1 30664964
1 30685104
1 30703194
1 30707681
1 30767588
1 30813914
1 30822948
1 30843617
1 30887177
1 30889115
1 30894339
1 30915285
1 30964801
1 31007530
1 31009538
1 31050451
1 31180769
1 31203665
1 31213057
1 31494883
1 31534198
1 31546687
1 31552041
1 31562803
1 31568655
1 31584832
1 31609761
1 31659505
1 31724051
1 31763424
1 31772538
1 31774386
1 31798434
1 31914995
1 32041089
1 32053121
1 32054880
1 32145602
1 32147752
1 32178195
1 32185507
1 32198591
1 32221241
1 32223809
1 32277530
1 32294404
1 32305030
1 32306230
1 32319574
1 32339564
1 32340082
1 32342798
1 32343107
1 32359403
1 32412238
1 32466544
1 32495530
1 32518900
1 32567664
1 32572790
1 32593001
1 32638691
1 32653891
1 32658410
1 32673467
1 32690035
1 32746819
1 32757397
1 32767563
1 32819009
1 32861645
1 32863615
1 32892238
1 32994366
1 33127134
1 33137589
1 33189786
1 33227861
1 33228292
1 33249561
1 33252249
1 33261157
1 33283493
1 33365577
1 33411311
1 33530108
1 33552682
1 33565534
1 33586167
1 33587773
1 33621240
1 33639483
1 33643063
1 33705124
1 33713866
1 33723971
1 33727218
1 33730639
1 33762463
1 33793066
1 33821916
1 33850248
1 33914634
1 33977645
1 34038628
1 34112633
1 34127655
1 34143077
1 34189428
1 34201263
1 34273777
1 34325260
1 34332580
1 34340913
1 34364394
1 34418978
1 34421748
1 34460079
1 34482674
1 34513886
1 34625441
1 34802351
1 34829998
1 34888305
1 34901205
1 34965062
1 34971833
1 34983709
1 35056928
1 35184308
1 35237673
1 35245236
1 35252606
1 35280622
1 35329879
1 35352031
1 35429715
1 35430678
1 35493963
1 35662906
1 35707626
1 35780592
1 35790553
1 35818191
1 35895324
1 35948794
1 35970506
1 35996785
1 36047010
1 36094496
1 36165358
1 36173335
1 36200565
1 36231191
1 36269386
1 36269663
1 36374086
1 36376267
1 36440861
1 36449974
1 36521868
1 36557849
1 36563514
1 36574028
1 36576592
1 36611133
1 36664655
1 36704512
1 36733408
1 36767993
1 36864499
1 36884796
1 36892557
1 36905747
1 36925342
1 36932610
1 36957082
1 36997684
1 37002399
1 37023601
1 37034586
1 37061785
1 37075532
1 37098727
1 37165816
1 37173609
1 37175532
1 37192378
1 37215298
1 37258676
1 37269510
1 37273626
1 37306771
1 37306958
1 37390714
1 37418328
1 37426829
1 37448515
1 37458056
1 37518542
1 37525273
1 37623396
1 37647399
1 37689954
1 37691025
1 37736210
1 37755097
1 37756183
1 37864181
1 37866600
1 37881170
1 37948530
1 37965519
1 37971732
1 38071673
1 38114306
1 38158719
1 38194110
1 38215459
1 38240978
1 38344302
1 38429760
1 38486417
1 38521091
1 38542961
1 38547211
1 38562384
1 38578504
1 38611880
1 38635056
1 38646830
1 38701377
1 38754771
1 38845390
1 38936051
1 38936302
1 38961997
1 38975516
1 38994860
1 38995272
1 39034787
1 39083451
1 39219132
1 39264024
1 39288573
1 39369581
1 39578065
1 39626112
1 39640566
1 39721542
1 39754974
1 39807592
1 39826823
1 39844256
1 39865461
1 39932654
1 39936159
1 39974211
1 40188846
1 40189760
1 40225515
1 40230958
1 40248341
1 40260503
1 40271692
1 40340098
1 40349603
1 40397532
1 40433368
1 40488862
1 40492224
1 40725584
1 40838422
1 40862881
1 40865150
1 40880502
1 40895424
1 40943513
1 40987005
1 40993720
1 41013438
1 41054683
1 41098690
1 41113227
1 41130607
1 41160854
1 41198954
1 41206534
1 41266449
1 41267264
1 41280973
1 41300936
1 41369299
1 41419939
1 41641748
1 41646533
1 41731275
1 41797954
1 41891951
2 41892417
1 41894519
1 41924242
1 41935531
1 41951113
1 41997244
1 42004815
1 42040695
1 42047381
1 42083951
1 42133457
1 42206266
1 42264333
1 42280090
1 42288645
1 42332312
1 42342499
1 42405255
1 42444202
1 42530606
1 42538233
1 42555586
1 42572355
1 42671892
1 42696108
1 42729127
1 42833939
1 42861625
1 42868516
1 42874227
1 42898480
1 42913351
1 43000424
2 43000427
3 43000429
7 43000432
1 43000435
1 43000437
3 43000439
1 43000440
1 43000441
6 43000442
6 43000443
3 43000444
7 43000445
3 43000446
2 43000450
2 43000451
2 43000454
3 43000455
2 43000457
1 43063741
1 43072596
1 43080298
1 43128524
1 43144250
1 43163742
1 43168167
1 43188709
1 43192442
1 43206592
1 43283495
1 43289655
1 43317276
1 43319373
1 43329170
1 43342681
1 43375381
1 43394312
1 43454519
1 43513293
1 43623999
1 43724062
1 43800869
1 43816883
1 43860327
1 43862531
1 44017972
1 44040827
1 44055353
1 44125750
1 44222744
1 44274510
1 44361665
1 44385901
1 44447881
1 44482779
1 44512641
1 44567910
1 44580570
1 44613469
1 44847903
1 44858874
1 44882978
1 44895662
1 44907238
1 44928606
1 45004714
1 45013637
1 45021747
1 45037696
1 45054381
1 45125656
1 45160733
1 45196556
1 45293753
1 45405258
1 45422439
1 45593462
1 45630223
1 45673658
1 45753052
1 45858725
1 45861238
1 45912368
1 45938272
1 45996094
1 46005964
1 46021779
1 46044768
1 46047609
1 46085894
1 46127552
1 46194721
1 46214825
1 46266699
1 46313169
1 46318096
1 46354996
1 46376671
1 46385858
1 46470383
1 46484145
1 46507728
1 46569971
1 46604664
1 46640729
1 46700795
1 46850807
1 46887366
1 47005370
1 47076440
1 47077586
1 47094651
1 47118887
1 47152728
1 47480841
1 47540880
1 47542606
1 47560501
1 47619450
1 47648914
1 47650387
1 47680116
1 47729225
1 47729386
1 47760921
1 47799261
1 47943315
1 47955564
1 48017322
1 48068047
1 48068054
1 48084911
1 48182586
1 48201397
1 48251679
1 48309163
1 48352993
1 48360244
1 48363878
1 48445757
1 48478050
1 48541080
1 48666506
1 48677395
1 48733194
1 48766898
1 48775323
1 48786163
1 48847294
1 48856403
1 48871208
1 48872547
1 48896058
1 48922031
1 48954624
1 48965000
1 49048776
1 49059548
1 49106232
1 49150463
1 49152549
1 49177247
1 49240582
1 49330260
1 49432600
1 49502030
1 49515195
1 49558228
1 49686966
1 49783912
1 49819719
1 49823297
1 49892938
1 49914018
1 49939095
1 49975595
1 49990889
1 49996578
1 50031396
1 50045053
1 50117422
1 50127963
1 50136068
1 50162597
1 50318609
1 50348446
1 50368617
1 50402613
1 50417536
1 50484581
1 50516065
1 50531308
1 50555025
1 50634885
1 50641989
1 50642017
2 50642279
1 50683550
1 50710562
1 50737978
1 50788944
1 50858378
1 50875751
1 50883627
1 50894490
1 50896964
1 50931302
1 50949087
1 50974016
1 50991770
1 51070696
1 51091358
1 51125948
1 51130180
1 51394278
1 51406714
1 51454346
1 51627250
1 51635505
1 51668392
1 51719602
2 51796610
1 51796612
2 51796614
1 51796619
1 51796620
1 51796624
1 51796627
1 51796632
1 51826920
1 51884626
1 51973595
1 51990508
1 52015493
1 52046286
1 52057496
1 52159840
1 52254165
1 52296493
1 52361020
1 52361538
1 52392404
1 52406788
1 52424782
1 52542179
1 52547497
1 52760868
1 52857391
2 52904585
1 53011344
1 53152951
1 53175660
1 53375602
1 53409401
1 53413500
1 53415084
1 53481791
1 53588715
1 53627930
1 53773100
1 53821897
1 53821912
1 53931552
1 53931882
1 53963934
1 53984208
1 54028762
1 54033502
1 54033541
1 54050698
1 54156833
1 54183011
1 54201249
1 54207862
1 54235670
1 54241953
1 54311841
1 54311842
2 54311843
1 54311844
1 54351480
1 54529647
1 54552744
1 54573224
1 54573766
1 54606385
1 54609063
1 54703071
1 54755313
1 54780998
1 54802380
1 54843390
1 54907389
1 54956838
1 54977647
1 55073215
1 55233839
1 55250900
1 55257362
1 55274513
1 55316384
1 55396859
1 55430179
1 55452308
1 55483937
1 55532409
1 55548483
1 55577483
1 55683881
1 55692402
1 55733140
1 55759073
1 55817637
1 56002913
1 56146117
1 56153880
1 56169082
1 56221210
1 56267477
1 56267530
1 56367243
1 56439893
1 56478441
1 56498208
1 56521146
1 56545126
1 56618827
1 56671666
1 56883416
1 56892192
1 56904397
1 56910673
1 56910745
1 56914609
1 56994501
1 57011568
1 57025782
1 57130966
1 57210734
1 57260302
1 57267888
1 57322670
1 57396097
1 57500656
1 57505135
1 57571333
1 57590488
1 57590500
1 57590519
1 57590592
1 57590601
1 57611972
1 57633160
1 57705437
1 57752208
1 57781346
1 57789601
1 57809698
1 57814864
1 57905213
1 57906695
1 57930448
1 57982810
1 57991056
1 57992375
1 58003715
1 58067272
1 58312646
1 58397028
1 58444272
1 58444566
1 58445842
1 58484067
1 58514989
1 58568578
1 58570201
1 58608551
1 58625556
1 58625616
1 58906881
1 59034598
1 59072670
1 59147319
1 59155950
1 59165698
1 59323363
1 59364508
1 59365330
1 59410972
1 59439085
1 59539707
1 59561771
1 59575114
1 59604968
1 59606978
1 59633487
1 59654395
1 59670440
1 59738119
1 59793226
1 59844497
1 59846983
1 59847168
1 59859800
1 59921003
1 59943878
1 59987341
1 60008668
1 60088702
1 60109604
1 60171927
1 60173217
1 60202696
1 60214769
1 60242061
1 60367860
1 60378796
1 60404223
1 60537839
1 60770072
1 60843594
1 61126718
1 61186581
1 61385011
1 61385032
1 61385038
1 61410582
1 61412657
1 61436068
1 61662286
1 61687810
1 61808937
1 61973711
1 62010707
1 62042165
1 62114360
1 62125070
1 62166949
1 62212326
1 62225051
1 62347947
1 62386724
1 62421879
1 62429753
1 62452262
1 62535151
1 62543618
1 62565275
1 62586711
1 62605742
1 62663978
1 62798559
1 62806622
1 62840759
1 62842419
1 62895894
1 62915836
1 63053408
1 63082061
1 63084481
1 63300327
1 63361900
1 63371148
1 63421560
1 63490994
1 63532974
1 63618837
1 63627676
1 63728739
1 63728743
1 63735083
1 63772707
1 63777908
1 63811732
1 63837513
1 63922278
1 63927146
1 63937559
1 63943556
1 64018070
1 64181620
1 64283201
1 64291112
1 64384640
1 64455962
1 64476382
1 64525915
1 64609666
1 64656378
1 64718073
1 64727682
1 64765631
1 64863508
1 64867434
1 64912139
1 64951919
1 64998002
1 64998101
1 65020760
1 65051404
1 65051461
1 65051478
1 65051502
1 65051526
2 65051538
1 65051556
1 65051566
1 65051571
1 65051590
1 65051630
2 65051663
1 65051664
1 65051693
1 65051722
1 65051723
1 65051741
1 65067630
1 65071946
1 65094680
1 65117747
1 65149967
1 65206179
1 65217202
1 65217622
1 65329647
1 65393123
1 65400935
1 65458041
1 65460114
1 65497626
1 65504879
1 65506538
1 65560238
1 65598999
1 65663860
1 65730764
1 65768298
1 65880263
1 65939006
1 65941030
1 65948935
1 65972437
1 65990004
1 66018013
1 66202884
1 66349195
1 66492215
1 66553714
1 66602250
1 66656303
1 66829626
1 66937984
1 66948192
1 66996481
1 67072573
1 67209161
1 67288182
1 67303278
1 67335780
1 67424366
1 67513316
1 67550646
1 67636626
1 67736787
1 67779267
1 67922483
1 67924484
1 68009649
1 68051720
1 68212214
1 68269263
1 68313297
1 68326297
1 68327296
1 68331213
1 68513480
1 68541441
1 68621014
1 68627508
1 68689929
1 68747420
1 68884991
1 69021084
1 69069837
1 69074248
1 69172594
1 69217229
1 69278773
1 69325641
1 69359339
1 69394734
1 69401695
1 69519063
1 69584016
1 69591153
1 69594970
1 69690385
1 69728957
1 69758750
1 69850453
1 69887955
1 69947505
1 69948747
1 69950308
1 69988131
1 70002801
1 70090895
1 70435726
1 70570332
1 70656241
1 70673075
1 70742627
1 70744789
1 70754746
1 70784055
1 71097414
1 71129848
1 71209615
1 71261778
1 71379760
1 71393770
1 71444929
1 71465677
1 71475123
1 71556662
1 71653491
1 71672066
1 71677475
1 71684080
1 71776413
1 71821008
1 71834882
1 72091958
1 72100664
1 72196417
1 72202689
1 72269532
1 72764567
1 72772551
1 72779885
1 72830974
1 72995187
1 73167746
1 73248554
1 73303109
4 73321292
1 73508207
1 73540840
1 73609288
1 73726945
1 73920351
1 73945702
1 73992177
1 74103763
1 74128311
1 74411541
1 74929083
1 74934035
1 75098171
1 75180625
1 75203894
1 75208657
1 75212761
1 75220793
1 75338059
1 75377409
1 75398671
1 75455106
1 75455113
1 75669182
1 75677496
1 75677577
1 75719854
1 75725804
1 75764755
1 75971591
1 75974803
1 76062913
1 76185497
1 76207202
1 76263205
1 76299364
1 76461260
1 76529959
1 76630311
1 76735476
1 76748398
1 76765789
1 76920644
1 77041915
1 77048696
1 77071341
1 77120393
1 77187980
1 77200546
1 77365764
1 77549084
1 77567069
1 77650123
1 77700860
1 77720065
1 77844724
1 77867485
1 77977779
1 78012576
1 78111681
1 78112621
1 78350816
1 78358490
1 78411066
1 78452159
1 78462744
1 78472211
1 78695048
1 78758691
1 78923402
1 78931227
1 78934628
1 79025148
1 79039325
1 79170137
1 79240293
1 79311959
1 79456763
1 79561526
1 79577451
1 79615021
1 79628456
1 79654713
1 79778409
1 79850325
1 79954900
1 80004891
1 80157688
1 80519345
1 80543516
1 80601108
1 80657547
1 80662999
1 80704025
1 80979308
1 81081269
1 81175188
1 81231881
1 81319915
1 81362934
1 81442346
1 81480968
1 81580216
1 81711101
1 81885036
1 81940312
1 81985194
1 82047565
1 82213685
3 82339030
1 82339031
3 82339032
1 82339033
4 82339034
2 82339038
8 82339039
10 82339040
3 82339041
2 82339042
2 82339043
1 82339046
1 82339047
1 82339048
1 82339049
1 82339050
1 82339054
2 82339055
1 82339056
3 82339057
1 82339058
2 82339060
2 82339061
3 82339063
3 82339064
1 82339066
3 82339067
10 82339068
4 82339071
1 82339072
5 82339073
3 82339074
1 82339076
1 82360343
1 82406248
1 82479326
1 82535057
1 82599974
1 82890401
1 82925094
1 83614448
1 83644008
1 83772934
1 83965666
1 84106997
1 84126235
1 84228097
1 84344843
1 84349249
1 84374043
1 84519112
1 84769401
1 84839223
1 84942886
1 85190309
1 85260552
1 85327755
1 85341890
1 85371964
1 85375272
1 85405806
1 85447187
1 85460149
1 85567983
1 85585247
1 85623480
1 85699146
1 85726776
1 85782291
1 85848038
1 85961640
1 86001534
1 86048482
1 86154652
1 86323178
1 86394122
1 86485522
1 86528362
1 86563912
1 86563914
1 86565943
1 86677949
1 86697618
1 86708277
1 86932568
1 86948803
1 87072289
1 87223379
1 87243985
1 87261991
1 87306345
1 87389274
1 87573960
1 87719027
1 87831603
1 87888109
1 87994415
1 88002754
1 88062826
1 88234037
1 88240836
1 88314459
1 88314961
1 88385251
1 88516005
1 88653851
1 88972678
1 89001416
1 89219531
1 89336092
1 89366207
1 89408785
1 89507511
1 89550178
1 89654919
1 89757263
1 89915333
1 90015375
1 90172423
1 90265758
1 90265774
1 90265783
1 90398653
1 90576585
1 90615153
1 90626051
1 90697799
1 90814145
1 90837846
1 91047445
1 91071244
1 91136764
1 91140071
1 91226552
1 91343511
1 91358351
1 91385255
1 91461660
1 91472268
1 91545314
1 91696758
1 91781035
1 91781137
1 91795365
1 91821749
1 91959876
1 92009994
1 92042197
1 92085984
1 92226036
1 92269300
1 92285294
1 92285452
1 92801774
1 92883482
1 92905422
1 93149801
1 93149802
1 93149806
1 93149807
1 93149811
1 93149812
1 93149813
1 93149817
2 93149819
1 93149822
1 93149823
1 93149840
1 93149843
1 93149849
1 93149949
1 93149950
1 93149951
1 93149954
2 93149957
1 93149958
1 93149968
1 93149969
1 93149973
1 93149980
1 93217946
1 93229334
1 93237737
1 93336371
1 93415188
1 93681726
1 94456449
1 94630222
1 94645332
1 94693628
1 94864553
1 94939350
1 94940366
1 94991074
1 95055117
1 95065080
1 95251744
1 95472955
1 95485226
1 95561820
1 95648228
1 95814217
1 95837064
1 95962539
1 95978766
1 96046002
1 96191664
1 96201007
1 96306366
1 96314213
1 96386300
1 96423405
1 96441723
1 96476488
1 96499662
1 96727532
2 96740699
1 96858446
1 96896925
2 97228307
1 97363131
1 97364722
1 97574799
1 97574952
1 97657716
1 97662187
1 97770029
1 97795293
1 97895621
1 97913576
1 97964782
1 98191481
1 98402383
1 98408341
1 98415662
1 98439937
1 98502402
1 98602203
1 98636102
1 98651753
1 98664679
1 98689470
1 98879485
1 99015869
1 99050668
1 99096985
1 99393480
1 99539548
1 99539783
1 99635310
1 99675418
1 99764545
1 100089738
1 100123671
1 100242387
1 100317134
1 100323543
1 100365724
1 100492230
1 100715139
1 100824499
1 100985212
1 100993666
1 101073371
1 101127065
1 101247639
1 101285269
1 101297237
1 101339745
1 101399926
1 101623711
1 101658765
1 101659057
1 101700229
1 101981674
1 102146563
1 102221688
1 102228964
1 102273926
1 102280666
1 102338896
1 102373962
1 102374035
1 103001276
1 103009471
1 103027336
1 103027348
1 103027351
1 103027356
1 103027357
1 103027359
1 103027364
1 103027368
1 103027375
1 103027384
1 103027392
1 103027395
1 103027396
1 103027490
2 103027492
1 103027495
1 103027503
1 103027504
1 103027507
1 103027508
1 103027510
3 103027518
2 103027521
1 103027522
1 103027523
1 103027524
4 103027525
3 103027526
2 103027531
1 103027532
1 103027536
1 103316464
1 103362281
1 103367060
1 103429137
1 103477167
1 103506304
1 103530073
1 103585853
1 104100779
1 104109011
1 104157494
1 104230139
1 104259318
1 104383202
1 104439490
1 104522536
1 104663056
1 105020750
1 105245226
1 105328758
1 105377852
1 105413684
1 105513573
1 105830479
1 105996406
1 106055344
1 106190863
1 106252234
1 106269308
1 106388997
1 106537977
1 106599375
1 106629167
1 106644909
1 106656224
1 106670365
1 106883283
1 106974452
2 107022503
11 107022506
3 107022507
1 107022508
1 107022516
1 107081882
1 107128512
1 107295112
1 107383519
1 107508877
1 107916714
1 107958042
1 107997227
1 108141749
1 108369554
1 108662206
1 108662334
1 108662335
1 108662358
1 108662366
1 108662370
1 108662390
1 108685265
1 108741326
1 109016633
1 109109858
1 109118229
1 109231941
1 109232158
1 109232223
2 109232324
1 109243052
1 109609722
1 109691496
1 109724282
1 109724368
1 109840977
1 110026493
1 110131836
1 110504050
1 110506311
1 110509546
1 110542673
1 110740260
1 110878500
1 110927960
1 111031033
1 111116749
1 111391781
1 111532801
1 111742813
1 111852056
1 111865739
1 112020287
1 112195709
1 112231993
1 112294549
1 112308604
1 112498825
1 112557964
1 112577611
1 112674800
1 112855417
1 112928782
1 112982444
1 113051002
1 113063909
1 113093018
1 113437801
1 113491399
1 113933605
1 114090186
1 114108757
1 114337110
1 114350294
1 114534541
1 114853409
1 115197805
1 115587174
1 115740086
1 115802482
1 115813233
1 116031608
1 116032387
1 116600781
1 117059838
1 117291657
1 117333713
1 117387365
1 117720855
1 118489334
1 118700813
1 118746757
1 119067075
1 119402363
1 119416253
1 119773905
1 119996531
1 120049350
1 120095453
1 120101219
1 120237446
1 120550278
1 120896311
1 122416258
1 123279397
1 123279492
1 123496480
1 123631260
1 123890109
1 124061444
1 124524664
1 124980777
1 125361426
1 125605559
1 125622746
1 125728714
1 126862135
1 127135287
1 128832839
1 129063231
1 129494946
1 129744368
1 130708404
1 130830535
1 130867784
1 130984341
1 131014686
1 131808946
1 131860723
1 132151722
1 133255128
1 133400250
1 133875179
1 134333735
1 134708354
1 135514441
1 135646499
1 136271641
1 136341746
1 136661008
1 136675207
1 136969647
1 137191705
1 137978644
1 138146139
1 138294803
1 138324007
1 138547195
1 138958015
1 139009824
1 139209917
1 139676084
1 140227469
1 140842736
1 141394184
1 142243232
1 142320966
1 142635838
1 142689202
1 143217343
1 144406649
1 146239170
1 146357644
1 146493603
1 147699267
1 148890740
1 150564036
1 151739124
1 152824987
1 153066238
1 156246583
1 158903345
1 159175019
1 159194415
1 160111219
1 160111428
2 160536452
1 160536711
1 160536805
1 160537064
2 160537255
1 160537263
1 160537265
1 160537275
1 160537307
1 160537312
1 160537314
1 160537324
1 160537325
1 160537341
1 160537342
3 160537344
1 160537352
1 160537356
1 160537359
1 160537372
2 160537394
1 160537396
3 160537399
1 160537403
1 160537404
1 160537405
1 160537407
1 160537413
1 160537414
1 160537416
2 160537417
1 160537418
1 160537419
2 160537426
2 160537428
1 160537430
1 160537435
1 160537444
1 160537445
1 160537450
1 160537452
1 160537454
3 160537455
1 160537456
1 160537458
1 160537460
2 160537462
1 160537638
1 160537660
1 160538181
1 161244094
1 163009476
1 163237312
1 165039406
1 168285201
1 169435746
1 177167233
