1 43
2 44
8 46
14 47
23 48
63 49
146 50
62537 51
91666 52
93072 53
95197 54
100032 55
104577 56
107549 57
99577 58
91960 59
96438 60
91749 61
95821 62
103170 63
99081 64
102720 65
99191 66
101594 67
95366 68
99555 69
94765 70
93329 71
97966 72
103768 73
109974 74
121618 75
122915 76
117069 77
119566 78
113934 79
115557 80
121340 81
127177 82
131480 83
137868 84
145335 85
149651 86
150495 87
147688 88
142861 89
144241 90
145915 91
154676 92
166002 93
170042 94
177324 95
182989 96
184144 97
182007 98
179860 99
174789 100
176207 101
180643 102
190516 103
199947 104
211618 105
216220 106
218414 107
215218 108
210154 109
206086 110
207886 111
209373 112
219199 113
226221 114
238810 115
245928 116
250381 117
249161 118
244609 119
238622 120
231447 121
231024 122
237414 123
246071 124
263516 125
261398 126
276105 127
264889 128
271227 129
262126 130
258845 131
255309 132
249070 133
253217 134
259917 135
270427 136
277431 137
282984 138
281850 139
280660 140
286919 141
275127 142
259654 143
250708 144
254263 145
263094 146
273578 147
279868 148
290673 149
306339 150
322782 151
301727 152
276338 153
260001 154
261312 155
263997 156
275817 157
282753 158
289900 159
286019 160
280402 161
274031 162
276016 163
282090 164
294567 165
313049 166
331957 167
340130 168
326251 169
307298 170
297159 171
288585 172
295705 173
312797 174
339276 175
357636 176
364049 177
352369 178
334792 179
317997 180
307104 181
300707 182
303754 183
307051 184
322579 185
330258 186
338262 187
339728 188
332793 189
324681 190
319834 191
315997 192
316912 193
322861 194
326982 195
329788 196
333866 197
334270 198
332580 199
329575 200
327830 201
331494 202
328287 203
334397 204
336075 205
336632 206
337637 207
335169 208
333332 209
326402 210
326469 211
326150 212
332072 213
328575 214
334277 215
333390 216
333095 217
328943 218
323530 219
320607 220
316739 221
314940 222
314080 223
313281 224
313051 225
313673 226
314190 227
312804 228
309417 229
302657 230
304352 231
301025 232
296971 233
297338 234
296846 235
297632 236
292651 237
291731 238
286054 239
283295 240
280566 241
278193 242
286491 243
269966 244
272503 245
266154 246
264154 247
266080 248
262303 249
262207 250
256515 251
252090 252
250990 253
246614 254
245459 255
240705 256
239191 257
239972 258
235535 259
240383 260
231468 261
230589 262
226228 263
223198 264
220701 265
218870 266
218478 267
215834 268
215518 269
212933 270
212519 271
208636 272
206996 273
203605 274
202274 275
199987 276
200423 277
198405 278
197570 279
197142 280
195487 281
193097 282
190751 283
188582 284
187970 285
184957 286
185958 287
185388 288
185347 289
183232 290
183718 291
181640 292
180620 293
177407 294
176028 295
173430 296
173735 297
174644 298
174833 299
176935 300
176476 301
173091 302
173016 303
168917 304
167188 305
165937 306
165946 307
166036 308
167201 309
168298 310
167266 311
166953 312
166097 313
161364 314
161908 315
158846 316
158779 317
157666 318
159403 319
160365 320
161712 321
158767 322
158267 323
156565 324
155749 325
153959 326
152557 327
152698 328
152509 329
153492 330
154118 331
152881 332
153226 333
151076 334
150539 335
149477 336
148352 337
148622 338
147657 339
147629 340
148023 341
148531 342
149054 343
147930 344
148120 345
146163 346
145610 347
144391 348
144888 349
146657 350
145021 351
145892 352
145858 353
146250 354
144989 355
144428 356
142841 357
142545 358
143905 359
142295 360
144493 361
141190 362
141154 363
140915 364
141139 365
140170 366
137967 367
140105 368
139630 369
138285 370
138705 371
136010 372
138470 373
137279 374
136003 375
141609 376
136189 377
135742 378
135404 379
134325 380
135840 381
135597 382
136542 383
132428 384
132945 385
130172 386
131847 387
129969 388
128857 389
129769 390
127469 391
128196 392
126486 393
125679 394
124870 395
123402 396
123454 397
123523 398
122384 399
121273 400
121056 401
121868 402
121071 403
120420 404
119759 405
118405 406
117943 407
117924 408
117360 409
115883 410
115228 411
115302 412
114746 413
114172 414
113356 415
112322 416
114131 417
111917 418
112265 419
110770 420
109093 421
108413 422
106760 423
108085 424
106222 425
107072 426
105940 427
104549 428
103697 429
102289 430
102415 431
102037 432
101012 433
101545 434
98897 435
99008 436
97756 437
96864 438
95632 439
96775 440
94683 441
94577 442
93488 443
92500 444
92238 445
91701 446
90346 447
90002 448
89113 449
89916 450
88075 451
86982 452
87243 453
86279 454
85705 455
85505 456
84526 457
84421 458
83379 459
82981 460
82300 461
82571 462
81760 463
81184 464
81408 465
79935 466
80011 467
79706 468
79488 469
79585 470
78521 471
78745 472
76661 473
77725 474
77842 475
76796 476
80864 477
75255 478
75704 479
75461 480
74009 481
74652 482
73721 483
73606 484
72945 485
72327 486
72682 487
72426 488
72411 489
71652 490
70406 491
70744 492
69871 493
72926 494
69012 495
68881 496
68781 497
68177 498
68269 499
67546 500
68158 501
66864 502
66120 503
65551 504
66692 505
65696 506
65471 507
64864 508
64187 509
64209 510
63745 511
63829 512
62931 513
62691 514
62930 515
62721 516
62989 517
62019 518
61944 519
61395 520
61388 521
62026 522
61617 523
60500 524
60537 525
60793 526
61412 527
60915 528
59508 529
60171 530
59308 531
60176 532
58948 533
59800 534
59788 535
57869 536
59481 537
58320 538
57792 539
57442 540
57131 541
57476 542
57328 543
57063 544
56686 545
56055 546
56060 547
55618 548
56015 549
55194 550
54967 551
55236 552
54657 553
54823 554
53852 555
53836 556
53310 557
54216 558
53750 559
53386 560
52914 561
52839 562
52794 563
52164 564
52211 565
52079 566
51984 567
52211 568
51262 569
51389 570
50758 571
50327 572
50326 573
50045 574
50246 575
50127 576
49877 577
49599 578
49681 579
49003 580
49618 581
48925 582
49511 583
49743 584
48569 585
48972 586
48309 587
48859 588
48186 589
48060 590
48336 591
47275 592
48332 593
47435 594
47548 595
46267 596
45869 597
46036 598
45528 599
45109 600
44833 601
44516 602
43713 603
43952 604
43711 605
43011 606
43409 607
42801 608
42372 609
41963 610
41512 611
42239 612
41483 613
40675 614
40501 615
41029 616
40217 617
39808 618
39766 619
39315 620
39228 621
39082 622
38853 623
39114 624
38435 625
38312 626
37762 627
37472 628
36861 629
37824 630
37257 631
36708 632
36542 633
36429 634
36550 635
36832 636
35736 637
36680 638
35777 639
35564 640
36175 641
35829 642
36797 643
35428 644
35331 645
34623 646
34782 647
35812 648
33817 649
37424 650
33966 651
34100 652
36404 653
33130 654
34334 655
32574 656
32390 657
33178 658
32787 659
33023 660
32260 661
31864 662
31295 663
31377 664
32043 665
30620 666
30631 667
30640 668
30285 669
29721 670
29594 671
29268 672
29276 673
29752 674
29028 675
28674 676
28531 677
28467 678
28358 679
28398 680
28490 681
28110 682
27850 683
27745 684
27758 685
27799 686
27337 687
26974 688
27287 689
27365 690
27041 691
27139 692
27425 693
27167 694
27092 695
26897 696
26434 697
26900 698
28001 699
27100 700
28248 701
27105 702
27442 703
27010 704
27118 705
26919 706
25957 707
28379 708
26033 709
28043 710
27528 711
25677 712
26943 713
25128 714
25176 715
25165 716
24870 717
25414 718
24423 719
24591 720
24349 721
24140 722
24499 723
23587 724
24070 725
23526 726
23487 727
23441 728
23447 729
23059 730
22780 731
22861 732
22879 733
22603 734
22487 735
22223 736
22385 737
22228 738
22402 739
22364 740
22052 741
21754 742
22059 743
21700 744
21685 745
21446 746
21289 747
21186 748
21593 749
21186 750
20965 751
21186 752
20917 753
20720 754
21021 755
21741 756
21197 757
20953 758
21924 759
20836 760
21405 761
21121 762
20538 763
20466 764
20066 765
21344 766
19898 767
22265 768
20438 769
20380 770
21382 771
20037 772
19877 773
19625 774
19335 775
19495 776
19433 777
18965 778
18505 779
18968 780
18393 781
18505 782
18963 783
18318 784
17886 785
17863 786
17805 787
17702 788
17439 789
17486 790
17181 791
17138 792
17176 793
16905 794
16860 795
16809 796
16355 797
16493 798
16661 799
16407 800
16006 801
16258 802
16143 803
15782 804
16168 805
15742 806
15856 807
15735 808
15717 809
15567 810
15575 811
15629 812
15552 813
15402 814
15503 815
15577 816
15620 817
15715 818
15689 819
15424 820
15714 821
15041 822
15364 823
15487 824
15558 825
17272 826
15724 827
15236 828
15745 829
15126 830
14544 831
16118 832
14439 833
14402 834
14146 835
14104 836
14073 837
14050 838
14236 839
13687 840
13687 841
13663 842
13375 843
13407 844
12934 845
12886 846
12731 847
12989 848
12755 849
12739 850
12529 851
12270 852
12299 853
12419 854
12193 855
12071 856
12064 857
11974 858
11859 859
12076 860
11976 861
11678 862
11619 863
11920 864
11720 865
11683 866
11556 867
11444 868
11335 869
11671 870
11541 871
12069 872
11731 873
11464 874
12381 875
11622 876
12252 877
12203 878
12014 879
11653 880
11613 881
11604 882
11423 883
11899 884
11825 885
12469 886
12554 887
11290 888
11309 889
10786 890
10749 891
10803 892
11265 893
11191 894
10942 895
10665 896
10524 897
10497 898
10474 899
10287 900
10029 901
9952 902
9873 903
9664 904
9615 905
9669 906
9599 907
9497 908
9673 909
9420 910
9507 911
9261 912
9236 913
9255 914
8942 915
9246 916
9174 917
8970 918
9301 919
9143 920
9151 921
8902 922
9070 923
9088 924
8671 925
9356 926
9214 927
8762 928
9081 929
8813 930
8794 931
9382 932
9243 933
9151 934
9204 935
9002 936
9512 937
9146 938
9293 939
8742 940
9038 941
9433 942
10208 943
11810 944
9268 945
8899 946
9494 947
8616 948
8689 949
8710 950
8793 951
8435 952
8218 953
8441 954
8247 955
8166 956
7815 957
7524 958
7753 959
7583 960
7370 961
7341 962
7299 963
7266 964
7737 965
7274 966
7178 967
7120 968
6758 969
6933 970
6922 971
6902 972
6849 973
6774 974
6677 975
6887 976
6769 977
6631 978
6509 979
6554 980
6507 981
6653 982
6765 983
6572 984
6617 985
6388 986
6498 987
6567 988
6535 989
6689 990
6751 991
6387 992
7166 993
7361 994
6855 995
6807 996
6871 997
7460 998
7368 999
7225 1000
4003 1001
3911 1002
3806 1003
3792 1004
3766 1005
3652 1006
3619 1007
3544 1008
3497 1009
3434 1010
3492 1011
3478 1012
3543 1013
3641 1014
4228 1015
3126 1016
3677 1017
3715 1018
3308 1019
3128 1020
3118 1021
2971 1022
2888 1023
2839 1024
2872 1025
2859 1026
2785 1027
2778 1028
2622 1029
2555 1030
2453 1031
2348 1032
2337 1033
2277 1034
2188 1035
2310 1036
2441 1037
2405 1038
2388 1039
2327 1040
2366 1041
2297 1042
2294 1043
2283 1044
2322 1045
2260 1046
2151 1047
2219 1048
2223 1049
2239 1050
2170 1051
2153 1052
2093 1053
2123 1054
2069 1055
2040 1056
2099 1057
1995 1058
2056 1059
2059 1060
1868 1061
1963 1062
1936 1063
1915 1064
1908 1065
1885 1066
1882 1067
1900 1068
1825 1069
1954 1070
1779 1071
1777 1072
1760 1073
1784 1074
1784 1075
1818 1076
1691 1077
1777 1078
1744 1079
1711 1080
1669 1081
1722 1082
1644 1083
1629 1084
1666 1085
1630 1086
1632 1087
1636 1088
1596 1089
1568 1090
1616 1091
1490 1092
1545 1093
1570 1094
1522 1095
1514 1096
1434 1097
1489 1098
1399 1099
1525 1100
1418 1101
1448 1102
1439 1103
1495 1104
1480 1105
1372 1106
1359 1107
1495 1108
1338 1109
1320 1110
1308 1111
1409 1112
1292 1113
1333 1114
1278 1115
1251 1116
1247 1117
1257 1118
1241 1119
1303 1120
1259 1121
1221 1122
1264 1123
1254 1124
1231 1125
1306 1126
1138 1127
1109 1128
1120 1129
1158 1130
1159 1131
1151 1132
1093 1133
1126 1134
1073 1135
1123 1136
1076 1137
1078 1138
1052 1139
1033 1140
1082 1141
1046 1142
1007 1143
1001 1144
1035 1145
1070 1146
967 1147
1063 1148
1024 1149
942 1150
1014 1151
939 1152
975 1153
904 1154
939 1155
932 1156
892 1157
915 1158
947 1159
897 1160
903 1161
831 1162
886 1163
834 1164
867 1165
831 1166
807 1167
791 1168
772 1169
806 1170
781 1171
803 1172
734 1173
778 1174
759 1175
731 1176
716 1177
751 1178
781 1179
748 1180
717 1181
760 1182
767 1183
694 1184
719 1185
740 1186
729 1187
699 1188
718 1189
658 1190
683 1191
647 1192
685 1193
625 1194
664 1195
562 1196
620 1197
624 1198
626 1199
623 1200
594 1201
590 1202
563 1203
608 1204
591 1205
610 1206
572 1207
574 1208
602 1209
535 1210
511 1211
561 1212
561 1213
546 1214
532 1215
509 1216
525 1217
516 1218
510 1219
487 1220
509 1221
487 1222
487 1223
538 1224
510 1225
492 1226
464 1227
474 1228
456 1229
518 1230
461 1231
480 1232
475 1233
469 1234
470 1235
463 1236
433 1237
433 1238
402 1239
416 1240
441 1241
415 1242
412 1243
405 1244
428 1245
387 1246
363 1247
353 1248
429 1249
394 1250
430 1251
361 1252
348 1253
387 1254
379 1255
370 1256
370 1257
396 1258
379 1259
360 1260
354 1261
356 1262
355 1263
327 1264
333 1265
342 1266
341 1267
340 1268
319 1269
313 1270
347 1271
317 1272
292 1273
313 1274
298 1275
311 1276
309 1277
298 1278
314 1279
318 1280
305 1281
252 1282
318 1283
285 1284
288 1285
290 1286
264 1287
275 1288
294 1289
259 1290
268 1291
279 1292
287 1293
279 1294
239 1295
268 1296
255 1297
273 1298
253 1299
265 1300
224 1301
238 1302
272 1303
243 1304
258 1305
224 1306
231 1307
228 1308
231 1309
261 1310
232 1311
236 1312
229 1313
201 1314
233 1315
216 1316
204 1317
226 1318
197 1319
229 1320
241 1321
209 1322
214 1323
186 1324
212 1325
230 1326
194 1327
206 1328
212 1329
193 1330
188 1331
185 1332
194 1333
193 1334
209 1335
197 1336
189 1337
188 1338
170 1339
188 1340
204 1341
191 1342
192 1343
213 1344
182 1345
175 1346
181 1347
166 1348
173 1349
177 1350
151 1351
164 1352
172 1353
169 1354
151 1355
178 1356
154 1357
143 1358
135 1359
161 1360
154 1361
166 1362
151 1363
145 1364
139 1365
132 1366
136 1367
130 1368
144 1369
133 1370
158 1371
143 1372
154 1373
136 1374
115 1375
137 1376
132 1377
140 1378
128 1379
144 1380
132 1381
103 1382
114 1383
121 1384
144 1385
124 1386
118 1387
113 1388
129 1389
135 1390
136 1391
145 1392
126 1393
106 1394
120 1395
127 1396
114 1397
115 1398
113 1399
126 1400
107 1401
96 1402
106 1403
104 1404
121 1405
105 1406
104 1407
114 1408
125 1409
100 1410
109 1411
127 1412
134 1413
108 1414
97 1415
95 1416
95 1417
107 1418
106 1419
107 1420
105 1421
91 1422
96 1423
111 1424
80 1425
95 1426
92 1427
79 1428
80 1429
93 1430
83 1431
107 1432
91 1433
85 1434
86 1435
78 1436
87 1437
74 1438
93 1439
85 1440
85 1441
91 1442
77 1443
86 1444
74 1445
87 1446
73 1447
82 1448
81 1449
77 1450
85 1451
88 1452
83 1453
86 1454
90 1455
95 1456
78 1457
93 1458
87 1459
52 1460
71 1461
79 1462
78 1463
99 1464
75 1465
81 1466
65 1467
71 1468
78 1469
79 1470
74 1471
74 1472
71 1473
71 1474
75 1475
72 1476
69 1477
66 1478
57 1479
64 1480
61 1481
63 1482
56 1483
63 1484
58 1485
63 1486
56 1487
65 1488
62 1489
69 1490
68 1491
63 1492
63 1493
65 1494
63 1495
66 1496
60 1497
61 1498
61 1499
65 1500
60 1501
55 1502
60 1503
59 1504
60 1505
64 1506
71 1507
65 1508
59 1509
69 1510
46 1511
50 1512
58 1513
66 1514
46 1515
59 1516
43 1517
50 1518
50 1519
46 1520
51 1521
49 1522
57 1523
52 1524
45 1525
54 1526
57 1527
52 1528
40 1529
59 1530
56 1531
44 1532
54 1533
47 1534
49 1535
60 1536
59 1537
60 1538
48 1539
48 1540
46 1541
46 1542
56 1543
38 1544
40 1545
56 1546
51 1547
48 1548
40 1549
31 1550
50 1551
42 1552
47 1553
52 1554
41 1555
46 1556
45 1557
38 1558
47 1559
44 1560
43 1561
42 1562
51 1563
53 1564
43 1565
35 1566
54 1567
44 1568
49 1569
46 1570
46 1571
42 1572
39 1573
39 1574
41 1575
33 1576
40 1577
49 1578
44 1579
42 1580
39 1581
43 1582
44 1583
39 1584
39 1585
30 1586
34 1587
39 1588
27 1589
30 1590
46 1591
35 1592
51 1593
35 1594
36 1595
26 1596
40 1597
39 1598
29 1599
37 1600
33 1601
32 1602
37 1603
35 1604
44 1605
26 1606
33 1607
47 1608
35 1609
38 1610
33 1611
37 1612
26 1613
33 1614
38 1615
39 1616
31 1617
35 1618
30 1619
35 1620
31 1621
31 1622
42 1623
44 1624
25 1625
30 1626
24 1627
32 1628
46 1629
30 1630
31 1631
40 1632
39 1633
29 1634
32 1635
37 1636
27 1637
30 1638
36 1639
32 1640
32 1641
26 1642
34 1643
24 1644
25 1645
32 1646
26 1647
26 1648
49 1649
42 1650
32 1651
27 1652
28 1653
38 1654
32 1655
28 1656
30 1657
32 1658
19 1659
37 1660
24 1661
29 1662
29 1663
28 1664
33 1665
35 1666
27 1667
24 1668
31 1669
23 1670
28 1671
29 1672
19 1673
28 1674
30 1675
26 1676
24 1677
28 1678
25 1679
35 1680
33 1681
26 1682
20 1683
27 1684
30 1685
22 1686
21 1687
25 1688
22 1689
27 1690
23 1691
18 1692
22 1693
23 1694
31 1695
28 1696
22 1697
31 1698
30 1699
20 1700
23 1701
23 1702
24 1703
30 1704
21 1705
21 1706
24 1707
19 1708
26 1709
12 1710
22 1711
26 1712
26 1713
12 1714
20 1715
23 1716
24 1717
29 1718
17 1719
23 1720
15 1721
27 1722
16 1723
14 1724
20 1725
19 1726
18 1727
15 1728
19 1729
22 1730
24 1731
16 1732
15 1733
23 1734
17 1735
18 1736
15 1737
16 1738
18 1739
17 1740
21 1741
10 1742
16 1743
22 1744
23 1745
30 1746
22 1747
27 1748
20 1749
18 1750
16 1751
13 1752
20 1753
26 1754
15 1755
17 1756
20 1757
22 1758
17 1759
18 1760
23 1761
18 1762
15 1763
24 1764
15 1765
17 1766
18 1767
21 1768
25 1769
22 1770
22 1771
14 1772
21 1773
16 1774
15 1775
18 1776
27 1777
15 1778
18 1779
27 1780
19 1781
21 1782
16 1783
16 1784
18 1785
18 1786
19 1787
18 1788
15 1789
20 1790
17 1791
17 1792
18 1793
26 1794
16 1795
18 1796
16 1797
18 1798
19 1799
19 1800
15 1801
16 1802
19 1803
25 1804
19 1805
21 1806
13 1807
18 1808
14 1809
12 1810
18 1811
15 1812
15 1813
16 1814
20 1815
16 1816
17 1817
8 1818
13 1819
16 1820
14 1821
7 1822
19 1823
16 1824
8 1825
19 1826
27 1827
14 1828
17 1829
14 1830
12 1831
14 1832
16 1833
16 1834
14 1835
12 1836
10 1837
12 1838
11 1839
19 1840
16 1841
6 1842
10 1843
15 1844
19 1845
17 1846
12 1847
12 1848
14 1849
13 1850
10 1851
13 1852
13 1853
9 1854
21 1855
12 1856
11 1857
8 1858
13 1859
16 1860
18 1861
9 1862
11 1863
10 1864
18 1865
7 1866
14 1867
8 1868
14 1869
13 1870
11 1871
18 1872
18 1873
8 1874
16 1875
8 1876
13 1877
18 1878
15 1879
13 1880
11 1881
13 1882
10 1883
9 1884
16 1885
8 1886
16 1887
7 1888
7 1889
11 1890
10 1891
12 1892
10 1893
6 1894
12 1895
16 1896
14 1897
15 1898
8 1899
10 1900
13 1901
14 1902
14 1903
10 1904
11 1905
6 1906
17 1907
9 1908
12 1909
7 1910
21 1911
14 1912
9 1913
7 1914
12 1915
13 1916
17 1917
8 1918
8 1919
10 1920
9 1921
15 1922
14 1923
8 1924
12 1925
6 1926
9 1927
11 1928
14 1929
13 1930
5 1931
15 1932
14 1933
13 1934
7 1935
7 1936
14 1937
12 1938
8 1939
9 1940
13 1941
8 1942
18 1943
8 1944
8 1945
13 1946
9 1947
3 1948
9 1949
5 1950
4 1951
9 1952
8 1953
10 1954
6 1955
10 1956
10 1957
15 1958
16 1959
6 1960
12 1961
15 1962
5 1963
3 1964
5 1965
9 1966
16 1967
10 1968
8 1969
14 1970
7 1971
12 1972
7 1973
14 1974
7 1975
5 1976
13 1977
10 1978
10 1979
10 1980
12 1981
17 1982
7 1983
8 1984
11 1985
9 1986
11 1987
11 1988
9 1989
6 1990
9 1991
10 1992
10 1993
8 1994
9 1995
10 1996
12 1997
11 1998
6 1999
10 2000
11 2001
5 2002
12 2003
6 2004
10 2005
12 2006
7 2007
11 2008
5 2009
8 2010
7 2011
7 2012
5 2013
13 2014
11 2015
4 2016
13 2017
13 2018
6 2019
14 2020
9 2021
6 2022
6 2023
8 2024
6 2025
11 2026
12 2027
6 2028
6 2029
8 2030
10 2031
8 2032
9 2033
5 2034
10 2035
8 2036
8 2037
7 2038
7 2039
11 2040
10 2041
8 2042
9 2043
5 2044
6 2045
13 2046
3 2047
8 2048
4 2049
11 2050
6 2051
10 2052
9 2053
7 2054
7 2055
3 2056
3 2057
3 2058
12 2059
4 2060
10 2061
10 2062
10 2063
15 2064
10 2065
12 2066
8 2067
4 2068
11 2069
3 2070
12 2071
8 2072
8 2073
4 2074
7 2075
6 2076
11 2077
11 2078
10 2079
6 2080
9 2081
6 2082
5 2083
8 2084
9 2085
4 2086
6 2087
9 2088
9 2089
4 2090
7 2091
5 2092
12 2093
9 2094
9 2095
10 2096
4 2097
11 2098
5 2099
6 2100
8 2101
7 2102
11 2103
9 2104
5 2105
9 2106
8 2107
11 2108
5 2109
6 2110
8 2111
5 2112
8 2113
8 2114
7 2115
8 2116
9 2117
10 2118
4 2119
7 2120
8 2121
4 2122
12 2123
7 2124
3 2125
11 2126
9 2127
12 2128
10 2129
12 2130
13 2131
3 2132
7 2133
3 2134
9 2135
8 2136
3 2137
8 2138
8 2139
4 2140
12 2141
7 2142
5 2143
8 2144
14 2145
5 2146
7 2147
3 2148
4 2149
6 2150
4 2151
12 2152
15 2153
6 2154
6 2155
6 2156
5 2157
5 2158
9 2159
11 2160
9 2161
6 2162
6 2163
4 2164
11 2165
6 2166
9 2167
8 2168
7 2169
12 2170
3 2171
1 2172
15 2173
12 2174
4 2175
7 2176
4 2177
13 2178
8 2179
8 2180
2 2181
8 2182
3 2183
1 2184
7 2185
8 2186
6 2187
5 2188
7 2189
9 2190
6 2191
4 2192
6 2193
8 2194
5 2195
7 2196
3 2197
5 2198
9 2199
8 2200
8 2201
6 2202
6 2203
3 2204
8 2205
4 2206
2 2207
12 2208
4 2209
10 2210
4 2211
3 2212
8 2213
3 2214
7 2215
7 2216
5 2217
7 2218
2 2219
2 2220
6 2221
10 2222
4 2223
2 2224
4 2225
3 2226
2 2227
10 2228
9 2229
7 2230
5 2231
9 2232
8 2233
4 2234
3 2235
10 2236
8 2237
11 2238
5 2239
2 2240
4 2241
4 2242
5 2243
7 2244
4 2245
7 2246
3 2247
6 2248
4 2249
5 2250
5 2251
9 2252
3 2253
9 2254
5 2255
3 2256
10 2257
5 2258
5 2259
11 2260
7 2261
1 2262
3 2263
5 2264
4 2265
5 2266
7 2267
4 2268
10 2269
2 2270
8 2271
3 2272
1 2273
1 2274
2 2275
5 2276
6 2277
2 2278
6 2279
5 2280
6 2281
5 2282
5 2283
3 2284
4 2285
8 2286
6 2287
7 2288
9 2289
7 2290
5 2291
4 2292
4 2293
2 2294
2 2295
6 2296
3 2297
5 2298
1 2299
4 2300
6 2301
8 2302
8 2303
4 2304
4 2305
6 2306
7 2307
7 2308
2 2309
6 2310
4 2311
6 2312
9 2313
3 2314
8 2315
10 2316
6 2317
3 2318
3 2319
2 2320
3 2321
2 2322
7 2323
5 2324
5 2325
12 2326
8 2327
2 2328
6 2329
4 2330
3 2331
3 2332
3 2333
7 2334
5 2335
9 2336
3 2337
4 2338
2 2339
2 2340
1 2341
1 2342
9 2343
3 2344
2 2345
2 2346
4 2347
3 2348
2 2349
2 2350
5 2351
1 2352
2 2353
2 2354
2 2355
6 2356
3 2357
4 2358
3 2359
6 2360
1 2361
3 2362
3 2363
2 2364
9 2365
5 2366
1 2367
6 2368
5 2369
5 2370
2 2371
7 2372
3 2373
1 2374
2 2375
2 2377
4 2378
2 2379
3 2380
5 2381
4 2383
2 2384
1 2385
3 2386
6 2388
2 2389
5 2390
6 2391
3 2392
4 2393
8 2394
3 2395
8 2396
3 2397
3 2398
4 2399
9 2400
5 2401
1 2402
2 2403
3 2404
5 2405
6 2406
5 2407
4 2408
2 2409
6 2410
2 2411
4 2412
3 2414
2 2415
5 2416
2 2417
1 2418
5 2419
6 2420
2 2421
4 2422
1 2423
2 2424
5 2425
1 2426
4 2427
3 2428
2 2429
2 2431
4 2432
6 2433
3 2434
1 2435
9 2436
5 2437
3 2438
2 2439
4 2440
6 2441
6 2442
2 2443
4 2445
6 2446
6 2447
6 2448
1 2449
6 2450
4 2451
6 2452
6 2453
3 2454
1 2456
4 2457
1 2458
3 2459
1 2460
2 2461
3 2462
5 2463
3 2464
4 2465
6 2466
4 2467
2 2468
3 2469
7 2470
3 2472
6 2473
3 2474
3 2475
2 2476
3 2477
4 2478
2 2479
2 2480
5 2481
4 2482
1 2483
1 2484
2 2485
1 2487
2 2488
3 2489
1 2490
1 2491
1 2492
2 2493
4 2494
4 2497
1 2498
1 2499
3 2500
9 2501
1 2502
1 2504
2 2505
3 2506
2 2507
2 2508
3 2509
2 2510
4 2511
5 2512
1 2513
1 2514
2 2515
4 2516
5 2517
2 2518
5 2519
2 2520
3 2521
4 2522
4 2523
7 2524
2 2525
2 2526
1 2527
5 2528
2 2530
4 2531
6 2532
4 2533
1 2534
3 2535
3 2536
2 2537
2 2538
2 2539
3 2540
2 2543
4 2544
5 2545
3 2546
3 2547
4 2548
2 2550
4 2551
3 2552
1 2553
1 2555
2 2556
2 2557
3 2558
3 2562
2 2563
2 2564
3 2565
2 2566
3 2567
3 2568
3 2569
1 2570
3 2571
4 2572
5 2573
1 2574
2 2575
3 2576
2 2577
1 2578
4 2579
5 2581
1 2582
1 2583
3 2584
1 2585
2 2587
3 2588
3 2589
4 2590
4 2591
2 2592
1 2593
4 2594
1 2595
2 2596
4 2597
3 2598
2 2599
2 2600
2 2601
4 2602
3 2603
2 2605
1 2606
3 2608
3 2609
5 2610
3 2612
2 2613
3 2615
3 2616
4 2618
2 2619
2 2620
6 2621
1 2623
2 2624
2 2626
4 2627
1 2628
5 2629
2 2630
1 2631
2 2632
2 2633
1 2634
3 2635
1 2636
5 2637
2 2638
2 2640
1 2641
3 2642
3 2643
1 2644
1 2646
4 2647
2 2648
7 2649
2 2650
3 2651
2 2652
3 2653
3 2654
4 2656
4 2657
3 2658
1 2661
1 2663
1 2664
2 2665
4 2666
1 2667
1 2668
4 2671
2 2673
4 2675
4 2676
4 2677
3 2678
2 2679
2 2680
1 2682
1 2683
1 2684
3 2685
3 2686
5 2687
4 2688
2 2689
2 2690
2 2691
2 2692
3 2693
1 2694
2 2695
2 2696
1 2697
1 2698
1 2699
1 2701
1 2702
3 2703
1 2704
2 2705
1 2706
1 2708
2 2709
5 2710
1 2711
3 2712
2 2713
2 2714
3 2715
1 2717
2 2718
1 2719
1 2720
2 2721
3 2723
3 2724
2 2726
3 2727
2 2728
1 2729
2 2730
4 2733
4 2734
1 2736
1 2738
2 2739
4 2740
1 2741
2 2742
6 2743
3 2745
1 2746
4 2747
1 2749
3 2750
2 2751
1 2752
2 2753
2 2755
3 2756
4 2757
2 2759
5 2761
1 2762
2 2764
4 2765
1 2766
6 2768
3 2770
4 2771
1 2772
1 2773
2 2774
2 2777
1 2778
1 2780
2 2782
4 2783
4 2784
4 2785
1 2786
1 2787
2 2789
3 2790
1 2791
3 2792
1 2793
2 2795
2 2796
2 2799
2 2800
1 2802
4 2803
3 2804
1 2806
5 2807
2 2808
4 2809
5 2810
2 2811
2 2812
3 2813
1 2814
1 2815
3 2817
1 2818
1 2819
4 2820
1 2821
1 2823
1 2825
1 2828
1 2829
1 2831
1 2833
1 2834
1 2835
2 2837
1 2838
1 2839
3 2840
1 2841
1 2842
1 2844
1 2845
4 2847
1 2849
2 2850
1 2851
5 2857
1 2858
1 2859
5 2860
1 2861
3 2863
1 2865
1 2867
5 2871
1 2872
1 2873
2 2874
1 2875
1 2876
1 2878
1 2879
3 2881
1 2885
1 2887
1 2891
1 2892
6 2893
1 2894
6 2895
2 2896
1 2897
1 2898
2 2901
3 2904
1 2905
1 2907
1 2908
1 2915
1 2917
1 2918
1 2919
1 2920
1 2922
2 2923
1 2924
1 2926
1 2927
1 2928
1 2930
1 2932
1 2933
3 2934
4 2936
1 2937
1 2938
1 2941
1 2942
1 2943
1 2944
2 2945
2 2946
1 2948
1 2950
4 2951
1 2952
4 2954
5 2955
1 2956
2 2957
1 2958
6 2959
1 2961
1 2962
2 2963
2 2964
1 2965
1 2967
2 2973
3 2976
1 2977
2 2978
1 2979
3 2981
4 2983
1 2985
1 2986
2 2987
1 2988
1 2990
1 2992
2 2993
2 2995
2 2996
2 2998
1 3000
1 3002
1 3004
2 3005
1 3007
1 3010
1 3012
2 3013
2 3015
4 3019
2 3021
1 3024
2 3025
2 3026
2 3029
1 3030
1 3033
1 3034
2 3036
1 3037
2 3038
1 3039
1 3042
1 3043
3 3044
4 3045
1 3046
1 3047
2 3048
4 3050
1 3051
2 3055
1 3056
3 3058
1 3059
1 3060
2 3061
1 3063
3 3064
3 3065
3 3066
1 3068
4 3069
1 3070
1 3071
1 3072
3 3074
1 3075
2 3076
1 3077
4 3078
1 3080
2 3081
1 3082
1 3083
2 3085
1 3086
1 3088
2 3089
4 3090
1 3091
1 3092
2 3093
1 3094
1 3095
2 3096
3 3097
1 3099
1 3101
1 3103
3 3104
1 3107
1 3108
2 3109
2 3110
1 3111
3 3115
1 3116
2 3118
2 3121
2 3123
1 3124
3 3125
1 3126
2 3127
3 3128
2 3129
3 3130
3 3133
1 3134
1 3135
4 3136
1 3137
2 3138
5 3139
2 3140
1 3145
1 3146
2 3147
2 3148
1 3149
1 3150
2 3151
1 3152
2 3154
2 3155
1 3158
1 3160
1 3161
2 3162
5 3167
2 3168
2 3169
3 3170
2 3173
1 3176
1 3177
3 3178
2 3179
2 3180
2 3181
2 3184
3 3185
1 3186
1 3190
1 3192
2 3194
2 3195
1 3196
2 3198
1 3201
1 3203
1 3205
2 3207
1 3208
1 3209
1 3210
1 3211
2 3212
3 3213
1 3214
1 3216
1 3217
1 3218
1 3219
2 3220
1 3222
2 3223
7 3224
3 3225
1 3226
3 3229
1 3231
1 3232
4 3234
4 3235
1 3237
2 3238
1 3239
2 3240
2 3241
2 3243
2 3245
2 3246
4 3247
2 3248
2 3249
1 3250
1 3251
2 3253
2 3255
3 3256
2 3260
3 3261
1 3266
4 3267
1 3268
2 3269
3 3270
1 3271
3 3272
1 3273
4 3274
1 3276
1 3281
3 3282
1 3283
2 3284
1 3285
1 3286
2 3287
1 3288
2 3289
1 3290
2 3293
5 3294
1 3295
2 3298
1 3306
1 3307
1 3308
1 3311
1 3312
1 3313
2 3314
3 3315
1 3317
1 3318
2 3320
5 3322
2 3324
1 3325
1 3330
1 3331
2 3332
1 3333
1 3334
1 3335
1 3337
1 3338
2 3339
3 3340
4 3342
2 3343
4 3344
1 3347
2 3348
2 3350
1 3351
3 3352
2 3354
1 3356
1 3357
1 3359
2 3360
2 3361
2 3363
1 3364
1 3366
1 3368
3 3369
1 3370
1 3371
2 3373
1 3374
8 3375
2 3377
3 3379
4 3381
1 3382
2 3383
2 3384
1 3386
2 3388
1 3391
1 3392
3 3393
1 3394
1 3398
1 3399
1 3401
1 3403
4 3404
2 3406
1 3408
1 3409
3 3411
1 3413
1 3415
8 3416
2 3418
3 3419
3 3420
1 3421
3 3424
2 3425
3 3426
1 3427
2 3428
1 3430
2 3432
2 3433
2 3436
3 3437
2 3438
2 3439
4 3441
2 3442
1 3444
1 3445
1 3446
1 3447
1 3448
1 3449
1 3450
1 3454
1 3456
7 3457
5 3458
1 3459
1 3460
1 3462
5 3464
1 3465
2 3466
1 3467
3 3468
2 3470
1 3471
3 3472
1 3473
1 3474
1 3475
1 3477
2 3480
6 3484
2 3485
2 3487
1 3488
3 3489
5 3491
2 3492
3 3494
3 3495
1 3496
2 3497
2 3500
1 3501
1 3502
3 3503
1 3504
3 3505
1 3506
1 3510
2 3511
1 3513
3 3514
3 3515
1 3519
1 3520
2 3521
2 3522
1 3524
1 3526
2 3528
1 3529
1 3530
3 3531
1 3532
3 3534
2 3536
1 3538
2 3540
1 3541
3 3542
2 3544
3 3548
1 3549
2 3550
3 3551
1 3552
1 3554
3 3555
2 3556
1 3559
3 3560
3 3561
1 3562
4 3563
3 3565
1 3569
1 3571
1 3576
2 3578
1 3580
1 3581
2 3582
1 3583
1 3585
1 3586
3 3588
1 3589
5 3591
2 3593
2 3594
3 3597
1 3602
2 3603
1 3604
2 3607
1 3608
1 3609
1 3611
2 3613
2 3614
1 3616
4 3617
1 3618
2 3620
2 3623
1 3625
1 3626
2 3628
1 3629
2 3630
1 3631
3 3635
1 3636
5 3637
1 3638
2 3639
1 3641
1 3642
1 3643
1 3645
3 3646
1 3649
1 3651
1 3653
5 3654
2 3659
2 3660
1 3665
2 3666
2 3667
3 3669
1 3673
2 3675
2 3676
1 3677
1 3678
1 3679
4 3680
1 3681
1 3682
2 3684
2 3685
2 3687
1 3690
1 3692
2 3694
1 3695
1 3696
3 3698
2 3701
4 3703
1 3705
2 3706
1 3711
1 3713
1 3715
3 3716
2 3717
1 3718
1 3720
1 3721
2 3723
1 3724
1 3726
2 3728
2 3731
1 3732
2 3734
1 3738
1 3739
1 3742
1 3745
1 3747
4 3748
2 3749
1 3750
2 3751
3 3752
1 3753
2 3754
1 3757
2 3758
2 3759
2 3760
1 3761
3 3762
1 3765
1 3766
2 3770
1 3771
1 3774
3 3776
1 3778
5 3779
1 3781
1 3782
1 3785
2 3786
2 3787
3 3788
1 3789
3 3790
2 3791
1 3792
2 3793
3 3796
4 3797
2 3799
1 3801
1 3805
2 3806
1 3807
1 3810
3 3813
3 3814
1 3815
1 3820
2 3821
1 3822
3 3824
2 3829
1 3834
2 3835
2 3836
2 3837
2 3838
3 3839
2 3841
3 3844
1 3845
1 3847
2 3848
2 3849
1 3853
2 3856
2 3858
1 3859
3 3860
2 3862
1 3863
1 3864
3 3865
1 3867
1 3868
1 3870
2 3873
1 3874
1 3876
1 3879
2 3880
2 3881
1 3883
1 3884
2 3885
2 3886
2 3887
1 3888
1 3892
1 3894
2 3896
1 3900
1 3901
1 3902
2 3904
1 3905
1 3907
1 3908
3 3912
1 3914
1 3916
1 3918
1 3919
1 3920
1 3923
2 3925
1 3926
3 3929
1 3930
1 3933
1 3936
2 3938
3 3942
1 3943
1 3944
1 3946
3 3948
2 3950
3 3951
4 3952
2 3953
2 3956
1 3957
1 3958
1 3959
1 3961
1 3966
3 3967
1 3971
2 3972
1 3974
9 3976
1 3978
3 3979
2 3980
3 3981
3 3982
2 3985
2 3986
1 3987
3 3988
1 3990
1 3991
1 3993
1 3994
1 3995
1 3996
1 3997
2 4000
1 4001
1 4003
2 4004
1 4006
1 4013
3 4014
2 4015
3 4016
2 4018
1 4019
3 4021
1 4023
1 4024
2 4025
1 4027
1 4028
1 4030
6 4031
5 4035
2 4036
1 4037
4 4042
1 4047
1 4049
2 4050
1 4051
1 4052
1 4054
3 4055
1 4056
1 4059
2 4060
3 4062
2 4063
1 4064
2 4065
1 4068
1 4070
1 4071
3 4073
1 4075
1 4076
1 4078
2 4079
1 4080
3 4082
1 4083
2 4086
1 4088
1 4090
1 4091
1 4094
2 4096
1 4097
1 4100
3 4101
2 4102
1 4104
1 4105
3 4108
1 4113
2 4116
1 4118
1 4121
2 4123
1 4124
1 4125
1 4128
3 4129
1 4130
1 4132
1 4135
2 4136
1 4137
2 4139
2 4140
2 4142
4 4146
2 4148
3 4150
2 4153
1 4154
1 4156
1 4157
1 4158
3 4160
2 4161
2 4164
1 4167
1 4171
3 4173
1 4177
2 4179
1 4184
1 4188
1 4192
1 4193
2 4197
2 4198
2 4202
4 4203
1 4206
1 4213
3 4215
1 4221
1 4222
2 4225
1 4226
2 4230
1 4233
1 4238
1 4239
1 4240
1 4245
1 4253
2 4255
1 4257
3 4258
1 4259
1 4260
1 4264
2 4265
2 4266
1 4268
1 4272
1 4276
1 4280
1 4285
2 4286
1 4294
1 4296
1 4302
2 4311
1 4312
1 4315
2 4316
1 4317
1 4324
2 4340
1 4347
1 4358
1 4369
1 4372
2 4382
1 4394
1 4407
1 4411
1 4421
1 4429
3 4432
1 4434
1 4444
1 4445
2 4446
1 4450
1 4452
1 4461
1 4467
1 4475
2 4481
1 4483
1 4485
1 4488
1 4489
1 4492
1 4502
2 4510
3 4518
1 4527
1 4529
2 4536
1 4539
1 4543
1 4544
1 4546
1 4547
2 4553
1 4554
1 4561
1 4570
1 4590
1 4593
2 4597
1 4601
1 4602
1 4607
1 4619
1 4629
1 4638
1 4639
1 4640
2 4644
1 4649
1 4660
2 4663
1 4664
1 4665
1 4671
1 4673
1 4676
2 4679
2 4682
2 4688
1 4689
2 4694
1 4697
2 4698
1 4702
1 4708
1 4715
1 4718
1 4720
1 4722
1 4726
1 4727
1 4729
1 4733
1 4735
2 4741
2 4750
2 4753
1 4761
1 4763
1 4765
2 4766
1 4770
1 4781
1 4786
2 4787
1 4796
1 4798
4 4799
2 4809
2 4810
3 4814
1 4815
2 4820
2 4825
1 4833
1 4835
2 4847
1 4859
2 4867
1 4869
1 4871
1 4873
2 4877
1 4878
1 4879
1 4880
2 4884
1 4890
1 4899
3 4905
1 4906
1 4907
1 4912
1 4913
1 4915
2 4917
2 4919
1 4922
4 4925
1 4927
1 4929
1 4939
2 4942
1 4943
1 4952
5 4959
1 4968
1 4972
1 4974
2 4984
1 4990
1 4995
1 4997
3 4999
2 5001
2 5005
1 5014
1 5015
2 5017
1 5021
2 5024
1 5027
1 5028
1 5031
1 5032
1 5038
1 5039
2 5053
3 5058
1 5059
1 5060
1 5068
1 5071
2 5072
2 5077
1 5083
1 5091
5 5094
3 5101
1 5102
1 5105
1 5108
1 5109
1 5112
1 5115
1 5118
2 5120
2 5122
1 5123
2 5128
1 5129
1 5131
1 5133
2 5136
1 5137
1 5138
1 5140
1 5142
1 5143
1 5144
1 5148
1 5149
2 5152
3 5154
1 5155
1 5160
1 5163
1 5164
1 5165
1 5166
1 5168
1 5169
2 5176
2 5178
1 5181
3 5182
1 5192
1 5196
1 5200
1 5203
3 5206
1 5209
1 5211
2 5212
1 5222
1 5224
1 5226
1 5229
1 5231
2 5232
1 5235
3 5237
1 5242
1 5243
3 5244
1 5245
1 5248
4 5249
2 5250
1 5256
1 5259
1 5265
1 5267
1 5268
1 5269
1 5271
1 5279
4 5280
1 5283
2 5284
1 5292
1 5293
1 5296
2 5300
1 5301
2 5302
1 5303
1 5312
1 5316
1 5318
1 5326
3 5335
1 5337
1 5338
1 5339
1 5344
2 5345
2 5346
2 5347
1 5348
1 5349
1 5352
3 5353
2 5355
1 5358
2 5362
1 5363
4 5371
2 5373
4 5379
1 5380
1 5381
4 5382
1 5384
1 5386
1 5387
2 5390
1 5391
4 5392
1 5397
3 5398
1 5401
1 5405
2 5408
3 5409
3 5410
1 5415
2 5416
3 5417
1 5422
1 5424
1 5425
2 5426
1 5428
2 5430
1 5432
2 5433
1 5439
3 5440
1 5441
1 5444
1 5446
1 5448
2 5454
1 5455
1 5458
1 5463
1 5465
3 5467
2 5469
1 5472
2 5473
1 5478
2 5480
1 5483
1 5484
1 5489
1 5493
1 5494
2 5495
3 5498
1 5499
1 5503
3 5504
1 5513
1 5515
2 5520
2 5521
1 5522
2 5523
2 5525
1 5526
2 5527
1 5532
1 5534
1 5535
1 5539
1 5543
1 5545
3 5550
1 5551
1 5554
1 5557
1 5560
2 5561
1 5562
3 5568
2 5569
1 5571
3 5573
2 5576
1 5577
1 5579
4 5580
3 5581
3 5584
1 5588
1 5589
2 5590
2 5592
6 5598
1 5599
1 5600
1 5603
2 5604
1 5605
7 5607
1 5608
1 5611
2 5612
1 5613
1 5617
1 5620
1 5625
1 5628
2 5629
1 5632
2 5634
4 5636
3 5644
2 5649
1 5650
3 5654
3 5655
1 5656
1 5657
2 5658
2 5661
2 5662
3 5664
1 5666
2 5667
2 5668
1 5674
2 5675
3 5679
1 5680
2 5681
1 5682
1 5684
3 5686
1 5688
2 5690
1 5691
2 5692
5 5693
1 5697
2 5698
1 5702
2 5704
1 5705
1 5706
2 5710
1 5711
2 5712
2 5713
1 5714
1 5717
2 5722
1 5723
5 5724
1 5725
1 5726
2 5729
4 5732
4 5735
1 5739
2 5741
1 5742
1 5744
1 5746
2 5747
1 5748
1 5751
2 5754
2 5755
2 5757
1 5758
2 5759
3 5761
1 5762
2 5763
1 5769
1 5771
3 5772
3 5773
1 5775
2 5776
1 5778
1 5780
2 5781
1 5782
6 5783
3 5784
4 5785
2 5786
3 5787
1 5789
1 5790
1 5793
2 5794
2 5795
4 5798
1 5802
1 5807
2 5808
1 5809
3 5812
1 5813
4 5814
2 5819
3 5821
1 5822
3 5823
2 5831
1 5832
2 5833
1 5836
2 5838
1 5842
4 5846
1 5847
1 5848
2 5849
1 5851
1 5852
5 5853
1 5855
1 5857
3 5859
1 5861
2 5864
1 5867
1 5874
2 5876
1 5878
4 5879
1 5881
3 5885
2 5892
3 5893
1 5894
1 5896
1 5897
1 5898
2 5900
2 5901
3 5904
2 5905
2 5906
1 5907
1 5908
2 5909
1 5911
1 5913
1 5915
1 5917
1 5918
1 5919
1 5920
1 5921
6 5922
2 5924
1 5925
2 5929
2 5930
2 5931
6 5932
1 5933
2 5935
6 5939
1 5940
4 5941
1 5942
1 5944
2 5945
1 5946
2 5947
3 5951
2 5952
1 5953
4 5954
2 5955
5 5957
1 5958
1 5963
1 5964
1 5966
1 5967
2 5972
2 5974
1 5976
1 5977
1 5978
1 5980
1 5981
1 5982
2 5983
2 5986
1 5987
1 5988
1 5989
3 5991
1 5993
2 5994
1 5995
1 5999
1 6001
1 6005
2 6007
2 6008
2 6010
3 6011
1 6012
2 6013
1 6014
1 6015
1 6017
1 6019
1 6020
2 6021
1 6022
4 6026
3 6035
1 6042
1 6043
1 6046
1 6050
1 6053
1 6055
3 6057
1 6060
5 6062
1 6063
1 6065
1 6066
1 6068
1 6077
1 6085
2 6088
2 6099
1 6101
1 6110
3 6117
1 6121
1 6124
1 6138
1 6145
1 6149
1 6150
1 6152
1 6157
1 6165
1 6167
1 6171
1 6173
1 6179
1 6183
2 6188
5 6192
1 6194
1 6198
1 6201
1 6202
1 6207
1 6211
3 6212
3 6215
1 6217
2 6228
1 6231
2 6232
1 6241
1 6242
1 6247
2 6252
1 6256
2 6257
1 6263
2 6264
1 6267
1 6278
1 6280
1 6282
2 6284
1 6285
1 6287
1 6288
2 6289
1 6290
1 6297
1 6304
1 6312
1 6315
1 6318
1 6322
1 6327
2 6330
3 6331
1 6334
1 6336
1 6347
1 6349
1 6352
1 6355
1 6359
2 6368
1 6369
2 6370
4 6373
1 6375
1 6377
2 6378
1 6379
2 6380
2 6382
1 6384
1 6387
2 6388
1 6395
1 6397
2 6399
2 6402
2 6408
1 6409
1 6410
1 6411
1 6412
4 6414
1 6416
1 6417
1 6419
2 6421
5 6425
2 6427
3 6432
3 6433
2 6435
1 6437
1 6438
1 6444
1 6445
3 6448
1 6449
2 6452
1 6455
1 6457
1 6458
1 6459
1 6462
2 6464
1 6465
1 6466
1 6468
2 6470
2 6473
1 6476
1 6478
2 6479
1 6480
1 6482
2 6483
1 6484
1 6485
3 6487
2 6489
1 6490
2 6492
1 6493
2 6494
1 6495
3 6496
1 6497
4 6499
2 6503
2 6504
1 6507
1 6509
1 6512
2 6513
3 6514
1 6515
3 6517
1 6519
1 6520
1 6523
1 6524
1 6525
1 6526
2 6527
2 6529
1 6530
2 6531
2 6532
2 6533
2 6539
1 6542
2 6544
3 6545
2 6546
3 6547
1 6549
1 6554
4 6556
1 6559
1 6561
3 6562
2 6563
1 6564
4 6565
1 6566
2 6567
2 6569
3 6570
8 6571
3 6572
1 6573
3 6574
8 6576
2 6577
2 6578
1 6579
3 6582
4 6585
1 6586
3 6587
1 6588
2 6590
3 6594
3 6595
5 6596
1 6597
5 6598
5 6599
1 6602
3 6603
1 6604
2 6605
2 6606
3 6607
2 6608
1 6609
1 6610
3 6611
1 6613
1 6614
4 6615
2 6616
1 6617
4 6618
4 6619
1 6620
1 6621
2 6622
2 6623
1 6624
3 6625
1 6626
2 6627
2 6628
5 6629
1 6630
3 6631
2 6632
3 6633
2 6634
5 6635
5 6636
4 6637
1 6639
1 6640
4 6641
1 6642
2 6643
1 6644
2 6645
2 6646
4 6647
8 6648
2 6650
4 6651
4 6653
1 6654
3 6655
3 6656
1 6657
1 6658
3 6660
1 6662
2 6664
6 6665
4 6666
5 6667
5 6668
5 6669
2 6670
2 6671
3 6672
1 6673
4 6674
2 6675
1 6676
3 6677
1 6678
4 6679
3 6681
1 6682
2 6683
1 6685
9 6686
1 6687
8 6688
4 6689
1 6690
1 6691
1 6692
6 6693
1 6694
1 6695
3 6696
4 6698
4 6699
3 6700
3 6701
1 6704
2 6705
3 6706
2 6707
2 6708
1 6709
1 6710
4 6711
2 6713
1 6715
5 6716
2 6718
3 6719
2 6720
1 6721
2 6722
2 6723
1 6724
4 6725
3 6726
1 6727
1 6728
2 6731
1 6733
1 6734
6 6735
1 6736
4 6737
1 6738
5 6739
2 6740
2 6742
3 6743
4 6745
4 6746
3 6748
1 6749
1 6751
3 6752
2 6753
2 6754
3 6755
3 6756
1 6757
4 6760
3 6761
1 6762
1 6764
2 6765
1 6766
1 6767
2 6768
2 6769
1 6771
6 6772
4 6773
5 6774
3 6775
1 6776
6 6777
1 6778
3 6779
4 6780
1 6781
1 6782
1 6786
1 6787
1 6788
2 6789
1 6790
4 6791
6 6792
2 6793
3 6794
3 6795
4 6796
1 6797
6 6798
3 6799
3 6800
1 6801
1 6802
3 6803
1 6805
1 6806
2 6807
4 6809
1 6810
1 6813
5 6814
2 6815
5 6816
3 6817
6 6819
1 6820
1 6822
2 6823
2 6824
1 6825
2 6826
4 6827
4 6828
1 6829
5 6830
2 6831
5 6832
1 6833
1 6834
1 6835
1 6836
3 6838
1 6839
3 6841
4 6842
4 6843
2 6844
2 6845
2 6846
8 6847
2 6848
1 6849
1 6850
1 6851
1 6852
4 6853
1 6854
3 6855
3 6856
3 6857
2 6858
1 6860
1 6861
3 6862
2 6863
3 6864
3 6865
9 6866
3 6867
3 6868
3 6869
1 6870
4 6873
4 6874
1 6875
5 6876
1 6878
1 6879
1 6880
1 6882
2 6883
1 6884
2 6885
3 6888
1 6889
2 6890
1 6891
1 6892
1 6893
1 6894
2 6898
1 6899
5 6900
2 6901
3 6902
3 6903
1 6904
3 6905
1 6908
5 6909
3 6910
1 6911
1 6912
1 6913
2 6914
1 6915
2 6916
3 6917
2 6918
1 6919
2 6921
2 6922
3 6925
1 6927
3 6928
2 6929
2 6930
1 6932
2 6933
1 6934
4 6936
2 6937
1 6938
1 6940
2 6942
3 6944
3 6946
1 6948
3 6950
3 6951
4 6952
5 6953
1 6956
3 6958
2 6959
1 6960
1 6964
1 6965
1 6966
2 6968
4 6970
3 6971
5 6972
1 6973
6 6974
1 6977
3 6978
1 6980
5 6982
1 6983
2 6984
2 6986
2 6987
1 6988
1 6989
1 6992
2 6993
3 6994
1 6995
2 6997
4 7000
4 7001
2 7002
1 7003
2 7005
2 7006
3 7007
3 7008
4 7009
2 7010
1 7011
1 7012
1 7014
2 7015
3 7016
1 7017
2 7019
4 7020
2 7021
3 7022
1 7023
2 7025
2 7026
6 7027
3 7028
1 7029
1 7030
4 7031
1 7034
6 7035
1 7036
2 7037
3 7039
4 7040
5 7041
2 7042
2 7043
4 7044
1 7046
1 7047
1 7048
3 7049
2 7050
5 7053
3 7055
3 7056
1 7057
1 7058
6 7059
4 7060
2 7065
4 7066
2 7067
2 7069
4 7070
2 7072
2 7073
2 7074
4 7075
1 7077
1 7078
1 7080
5 7081
1 7082
1 7086
3 7087
2 7089
2 7090
1 7091
2 7094
5 7095
2 7096
2 7099
1 7100
2 7101
1 7103
2 7104
3 7105
2 7106
1 7107
1 7108
2 7111
1 7112
1 7113
2 7115
3 7116
1 7117
4 7118
2 7120
2 7122
1 7123
1 7125
1 7126
4 7127
1 7129
2 7130
4 7132
1 7133
2 7134
2 7135
2 7136
2 7137
1 7138
2 7139
2 7141
1 7143
3 7144
1 7147
2 7149
3 7150
4 7152
1 7153
1 7154
2 7155
2 7157
4 7159
1 7160
1 7161
1 7162
3 7163
1 7164
1 7168
1 7169
1 7170
1 7171
1 7173
1 7175
1 7176
1 7178
1 7179
1 7180
2 7181
1 7183
3 7184
2 7185
2 7186
2 7188
1 7189
1 7190
3 7191
4 7192
1 7194
2 7195
2 7198
3 7199
1 7200
4 7201
1 7205
2 7206
2 7208
1 7209
2 7210
1 7211
2 7212
2 7213
2 7214
3 7215
1 7216
1 7217
1 7218
1 7220
2 7221
1 7224
4 7227
4 7228
2 7229
1 7230
2 7232
1 7233
4 7235
3 7236
6 7237
1 7238
1 7239
1 7240
1 7241
3 7242
2 7244
1 7245
1 7247
1 7250
3 7252
3 7253
2 7255
3 7258
1 7260
3 7261
4 7262
3 7263
3 7264
4 7265
4 7266
2 7267
1 7268
4 7272
2 7273
5 7275
2 7276
3 7277
2 7278
1 7279
2 7280
1 7282
1 7284
1 7285
2 7286
4 7287
1 7289
2 7290
1 7291
1 7292
1 7294
2 7295
1 7296
1 7297
1 7299
5 7300
2 7301
1 7304
2 7305
4 7306
1 7308
3 7309
3 7310
4 7311
1 7313
5 7314
2 7315
2 7316
3 7317
5 7318
2 7319
1 7320
2 7321
3 7322
4 7324
1 7325
2 7326
1 7328
6 7329
2 7330
6 7331
2 7332
1 7335
3 7336
1 7338
3 7342
3 7343
1 7345
2 7346
2 7347
2 7348
1 7349
2 7351
3 7352
3 7353
2 7354
5 7355
6 7357
5 7360
2 7361
1 7362
1 7364
2 7365
1 7366
1 7367
2 7368
2 7369
3 7370
2 7371
3 7372
3 7375
6 7376
2 7377
2 7378
3 7379
1 7380
1 7381
1 7383
3 7385
2 7387
1 7388
3 7390
4 7392
1 7394
1 7395
3 7396
2 7397
2 7399
2 7401
2 7404
1 7406
2 7407
1 7408
2 7409
1 7410
3 7411
3 7412
2 7413
5 7414
1 7415
1 7417
4 7420
1 7421
1 7422
2 7425
2 7426
1 7427
3 7428
2 7429
2 7430
4 7431
1 7434
2 7437
1 7438
3 7441
1 7442
1 7443
3 7444
2 7446
4 7447
5 7450
5 7451
2 7456
1 7458
2 7460
2 7462
2 7463
3 7464
1 7465
2 7466
2 7469
2 7470
1 7471
3 7472
2 7473
6 7475
1 7477
1 7478
1 7479
4 7480
2 7481
1 7482
2 7483
1 7485
2 7486
3 7488
3 7489
1 7490
1 7492
3 7494
1 7495
2 7496
1 7497
3 7498
4 7499
4 7501
4 7502
2 7504
7 7506
2 7507
1 7508
2 7510
1 7511
1 7513
1 7515
3 7516
1 7517
1 7519
4 7520
1 7521
3 7522
1 7524
1 7525
2 7527
1 7528
1 7533
3 7534
1 7538
1 7540
1 7541
3 7542
1 7544
2 7545
1 7546
3 7548
1 7549
1 7550
3 7552
9 7553
3 7556
4 7557
5 7558
2 7559
3 7560
1 7568
3 7569
1 7570
4 7571
4 7572
2 7573
1 7574
1 7575
2 7576
3 7578
1 7582
2 7584
1 7586
3 7588
2 7589
3 7590
1 7591
1 7592
8 7594
2 7595
3 7597
2 7602
2 7604
1 7606
1 7608
2 7609
1 7610
2 7611
1 7613
1 7614
1 7615
2 7616
4 7617
7 7622
2 7623
3 7624
5 7625
4 7627
1 7628
2 7629
1 7630
1 7633
2 7635
1 7636
3 7637
2 7639
1 7645
1 7646
1 7647
1 7650
2 7651
1 7652
1 7653
3 7655
2 7657
4 7658
1 7659
4 7662
2 7663
2 7664
1 7665
2 7666
1 7667
3 7668
3 7669
1 7670
1 7672
1 7674
1 7676
2 7677
1 7678
1 7681
2 7682
2 7684
1 7685
2 7686
4 7691
1 7693
1 7694
2 7695
1 7696
1 7698
3 7699
1 7700
3 7702
1 7704
1 7705
1 7709
4 7711
1 7713
1 7715
1 7716
1 7718
1 7719
1 7720
1 7721
1 7722
1 7723
1 7725
1 7726
1 7727
1 7728
1 7732
1 7733
1 7736
1 7737
2 7739
1 7743
1 7744
1 7745
1 7746
1 7747
2 7749
1 7750
1 7751
2 7755
2 7757
2 7758
2 7760
2 7762
1 7763
2 7769
2 7770
1 7772
1 7773
3 7774
4 7775
1 7776
1 7777
1 7785
1 7786
1 7788
4 7790
2 7791
1 7792
1 7793
1 7796
3 7798
1 7801
1 7802
1 7803
1 7804
2 7805
2 7807
2 7809
1 7815
1 7818
1 7819
2 7823
1 7825
2 7827
1 7830
2 7832
1 7833
1 7835
4 7841
2 7844
2 7850
1 7851
2 7852
1 7854
1 7855
1 7856
1 7859
1 7863
1 7865
1 7866
4 7871
1 7872
1 7874
1 7875
1 7876
1 7877
2 7878
1 7879
2 7882
2 7883
1 7884
1 7886
2 7887
2 7889
1 7892
2 7897
1 7898
2 7899
1 7901
1 7906
1 7908
1 7911
1 7912
1 7916
1 7917
1 7919
2 7921
1 7924
2 7927
1 7928
2 7931
3 7942
1 7946
1 7951
1 7953
2 7957
1 7958
1 7962
2 7965
1 7966
1 7968
1 7969
2 7978
1 7986
1 7987
2 7995
1 8003
1 8007
1 8009
1 8015
1 8017
1 8021
1 8022
1 8023
1 8025
2 8034
1 8038
2 8040
1 8042
1 8043
1 8046
2 8048
1 8059
1 8060
1 8061
3 8064
1 8069
1 8072
2 8076
1 8078
1 8087
1 8093
1 8099
1 8101
1 8103
2 8106
1 8108
2 8109
1 8113
2 8117
1 8120
1 8130
2 8131
1 8136
1 8138
2 8139
1 8148
1 8151
2 8152
1 8155
1 8162
1 8164
1 8169
1 8179
1 8200
1 8206
2 8208
2 8215
1 8218
1 8223
1 8227
1 8228
2 8229
2 8251
1 8252
2 8270
1 8275
1 8279
1 8288
1 8292
1 8295
1 8297
1 8305
1 8313
2 8318
1 8332
1 8344
2 8347
3 8348
1 8351
2 8355
1 8366
1 8384
1 8385
1 8388
1 8401
1 8418
2 8428
1 8431
1 8435
1 8437
1 8446
1 8476
2 8484
1 8505
1 8522
1 8532
1 8534
1 8541
2 8561
2 8590
2 8595
1 8615
1 8621
1 8623
1 8629
1 8634
1 8641
1 8649
1 8652
1 8666
1 8673
1 8675
1 8686
1 8717
1 8721
1 8722
2 8727
3 8737
1 8739
1 8750
1 8753
1 8754
1 8756
1 8778
1 8780
1 8791
2 8794
1 8806
1 8815
1 8819
1 8839
1 8842
2 8853
1 8854
1 8878
1 8888
1 8898
1 8912
1 8920
1 8928
1 8932
1 8941
1 8944
1 8958
2 8961
1 9037
2 9041
1 9050
1 9080
1 9094
1 9153
1 9155
1 9179
1 9185
1 9202
3 9203
1 9205
6 9206
1 9223
1 9228
1 9229
1 9264
1 9292
1 9296
1 9334
2 9335
1 9337
1 9342
1 9370
1 9385
1 9391
1 9397
3 9404
2 9418
1 9421
1 9425
1 9433
1 9456
2 9468
1 9474
1 9489
1 9515
1 9535
1 9556
1 9577
1 9586
2 9589
1 9605
2 9620
1 9627
1 9628
2 9652
1 9654
2 9655
1 9659
1 9660
1 9665
1 9670
1 9672
2 9737
1 9744
1 9762
1 9780
1 9809
1 9821
1 9830
1 9843
1 9850
1 9880
1 9904
1 9922
2 9926
1 9937
1 10017
1 10026
1 10081
1 10160
1 10261
1 10269
1 10279
1 10293
1 10323
1 10351
1 10372
1 10412
1 10418
1 10473
1 10487
1 10498
1 10624
1 10735
1 10743
1 10787
1 10796
1 10805
2 10812
1 10820
2 10919
1 10932
1 10956
2 11017
1 11042
1 11114
2 11193
1 11195
1 11210
2 11229
2 11244
1 11276
1 11334
1 11436
2 11512
1 11768
1 11820
1 11828
1 11838
1 11893
1 11895
3 11966
1 12013
1 12035
1 12104
1 12120
1 12276
1 12297
1 12367
1 12380
2 12403
1 12516
1 12524
1 12550
2 12588
1 12593
1 12647
2 12649
1 12666
1 12682
1 12697
1 12719
1 12890
3 12905
1 12962
1 13088
1 13098
1 13181
1 13189
1 13331
2 13772
1 13817
1 13885
2 13918
1 13923
1 14201
1 14282
1 14472
1 14587
1 14678
1 14686
1 14744
1 14772
1 14848
1 14927
1 14938
1 14957
1 15057
1 15123
1 15183
1 15358
1 15413
1 15454
2 15484
1 15505
1 15551
1 15881
1 15978
2 16178
1 16196
1 16245
1 16263
1 16276
1 16294
1 16351
1 16359
1 16372
1 16406
3 16426
1 16439
1 16488
2 16490
1 16494
3 16526
1 16568
1 16570
1 16615
2 16625
2 16727
3 16800
1 16963
1 16976
1 17130
2 17206
1 17265
1 17309
2 17361
1 17400
1 17401
1 17418
2 17429
1 17584
1 17647
1 17710
1 17730
1 17797
1 17801
1 17842
1 17844
1 17862
2 17903
1 17923
1 17947
3 17951
2 17965
1 17985
1 18006
1 18027
1 18051
1 18062
1 18071
1 18089
2 18101
1 18121
1 18126
1 18129
2 18133
1 18156
2 18160
1 18166
1 18228
1 18240
1 18243
1 18262
2 18322
1 18323
1 18328
1 18371
1 18380
1 18381
1 18396
2 18409
1 18426
1 18443
1 18483
1 18494
1 18512
1 18540
2 18934
1 18984
1 19060
1 19138
1 19146
2 19195
1 19260
1 19374
1 19462
1 19510
2 19624
1 20054
1 20092
2 20114
1 20374
2 20577
1 20591
1 20704
1 20829
2 20987
1 21344
2 21837
1 21885
1 22023
1 22046
1 22075
1 22165
1 22175
1 22177
1 22256
1 22311
1 22329
1 22414
1 22513
1 23105
2 23146
1 23735
1 24046
1 24357
3 24773
1 25002
1 25207
1 25318
1 25376
1 25412
1 25926
1 25942
1 26194
2 26249
1 26960
1 27513
1 27647
1 27810
1 28163
1 28360
1 28521
3 28539
1 28707
1 30038
3 31243
1 31387
1 31657
1 32010
2 32961
1 34373
1 34919
1 35079
2 36955
2 37600
1 37610
2 37667
1 38305
1 38807
1 41638
1 42704
1 43327
1 43557
1 46107
1 46113
1 46143
1 46145
1 46490
4 46631
1 47895
1 48409
1 48918
1 48939
1 49220
2 49306
1 49505
1 50352
1 50885
1 51315
1 54033
1 54083
1 54177
1 54241
1 54297
1 54312
1 54328
1 54403
1 54411
1 54436
1 54441
1 54459
3 54476
1 54491
3 54495
2 54525
2 54540
3 54564
1 54569
2 54592
1 54649
1 54661
2 54662
1 55728
1 55735
1 55753
1 55784
1 57073
2 57618
1 58027
1 58150
1 61332
2 62916
1 63309
1 63445
1 64004
1 67294
1 67321
1 69197
1 70944
1 72461
1 72742
1 76554
1 76720
2 77284
1 78233
1 81389
1 83247
1 83842
2 85916
1 86110
1 93753
1 96209
1 103781
1 108818
1 113701
1 113724
1 116314
1 116527
1 119572
1 120231
1 121826
2 123049
1 132445
1 138041
2 139413
1 139885
1 143222
1 143322
1 143525
1 145127
1 146729
1 148092
1 150011
1 152527
1 152768
2 155354
1 159207
1 162322
1 164118
1 164298
1 170366
1 171462
2 174115
1 177792
1 179073
2 179587
1 179695
1 179707
3 179722
2 179813
1 180177
1 180749
1 188083
2 189046
3 195876
1 205458
1 205891
1 213493
1 214347
1 220039
3 221239
1 221350
1 226920
5 226987
1 226989
1 226990
1 226993
2 226994
3 226995
3 226996
2 226998
1 226999
2 227000
1 227004
1 227005
1 227006
1 227007
1 227010
1 227012
5 227013
3 227015
2 227016
2 227019
1 227027
1 230746
1 232854
1 232896
1 233200
1 246853
1 247133
1 258318
2 259758
1 266505
1 267673
1 268676
1 268774
1 269016
1 273648
1 282000
1 283781
1 293410
1 293444
1 293511
1 293596
2 293607
1 293629
1 293636
1 293637
1 293674
1 293684
1 293687
1 293864
1 293885
1 295285
1 315030
1 315217
1 315243
1 315279
1 315414
1 315420
1 315448
1 315490
3 315505
1 315526
2 324036
1 324249
1 329354
1 330226
1 332960
1 333075
1 334371
1 336544
1 342635
1 344015
1 378237
1 380786
1 381262
1 388365
1 394681
1 395510
1 398550
1 405957
1 406254
2 406306
1 433363
2 452647
1 452872
1 458648
1 476555
1 476664
2 476711
1 476795
1 478695
2 479241
1 479339
1 480518
1 499740
1 500594
1 521118
1 544856
1 558944
1 563752
2 591523
1 596774
1 609821
1 617574
1 628615
1 629283
1 635872
1 641203
1 642701
1 661156
1 681405
1 693743
1 700833
1 704137
2 728752
1 734213
1 737610
1 737863
1 744065
3 745911
1 745927
1 745929
1 745937
1 745944
1 745967
1 745995
1 746033
1 758732
1 760010
1 767544
2 786277
1 808636
1 825943
1 836522
1 848681
1 871430
1 894306
1 896097
1 900849
1 940709
1 972784
1 984855
1 988005
1 1004279
1 1005182
1 1027501
1 1027729
1 1034157
1 1044008
1 1047021
1 1059390
1 1061803
1 1076428
1 1107978
1 1116610
1 1125527
1 1131377
2 1153541
1 1176876
1 1195448
1 1197795
1 1204723
1 1215773
1 1234661
1 1234960
1 1235517
1 1258750
1 1261542
1 1271180
1 1275461
1 1283587
1 1309910
1 1326408
1 1329464
1 1346234
1 1363749
1 1379820
1 1402128
1 1404422
1 1405462
1 1407582
1 1427463
1 1443760
1 1454064
1 1486695
1 1522215
1 1531566
1 1566631
1 1589732
1 1614795
2 1674159
1 1675814
1 1702954
2 1738137
1 1785007
1 1800513
1 1821687
1 1832370
1 1861062
1 1944181
1 1959206
1 1973804
1 1984535
1 1986975
1 2053125
1 2059568
1 2093441
1 2104032
1 2143603
1 2152905
1 2157910
1 2163966
1 2178161
1 2181875
1 2202646
1 2202647
1 2214242
1 2230647
1 2242658
1 2244207
1 2261536
1 2284950
1 2296939
1 2303471
1 2324777
1 2328863
1 2337906
1 2338172
1 2338400
1 2348637
1 2360310
1 2361560
1 2381298
1 2405249
1 2447715
1 2464201
1 2483828
1 2493246
1 2499678
1 2521960
1 2523403
1 2524820
1 2530356
1 2579638
1 2600384
1 2608706
1 2623368
1 2637101
1 2642043
1 2650425
1 2653280
1 2660476
1 2665676
1 2681689
1 2695434
1 2742789
1 2747849
1 2755950
1 2780986
1 2781180
1 2809332
1 2853436
1 2863126
1 2870103
1 2874313
1 2901859
1 2914783
2 2920414
1 2931850
1 2944151
1 2974497
1 3010546
1 3029314
1 3065589
1 3084605
1 3092719
1 3142881
1 3191874
1 3201741
2 3227615
1 3250549
1 3283786
1 3295957
1 3302274
1 3309379
1 3357934
1 3375388
1 3389621
1 3422905
1 3476434
1 3524624
1 3544772
1 3548082
1 3566952
1 3616752
1 3616865
1 3617071
1 3617084
1 3617086
1 3617094
2 3617096
1 3617111
1 3617117
1 3617144
1 3617183
1 3617196
1 3617210
1 3617212
1 3617249
1 3617256
1 3617281
1 3617294
1 3617385
1 3636323
1 3663643
1 3689662
1 3695807
1 3713542
1 3715694
1 3729059
1 3732757
1 3732913
1 3776229
1 3788876
1 3789392
1 3824785
1 3826122
1 3847971
1 3848475
1 3853288
1 3906910
1 3926943
1 3975938
1 3978646
2 4009181
1 4053158
1 4064014
1 4065195
1 4067191
1 4080920
1 4135640
1 4136400
1 4187699
1 4236282
1 4236648
1 4270738
1 4278895
1 4282410
1 4312412
1 4338053
1 4360600
1 4360818
1 4399886
1 4417162
1 4417206
1 4471474
1 4485746
1 4488860
1 4493810
1 4513948
1 4543591
1 4593980
1 4617538
1 4621964
1 4663814
1 4693084
1 4714092
1 4724876
1 4749620
1 4757154
1 4760606
2 4773943
1 4777733
1 4793023
1 4803369
1 4812338
1 4815360
2 4822025
1 4822036
1 4831104
1 4859619
3 4865874
1 4881456
1 4937821
1 4938158
1 4954467
1 4959618
1 4977278
1 4998058
1 4999287
1 5006195
1 5009398
1 5018818
1 5024412
1 5043773
1 5044849
1 5054701
1 5076059
1 5091790
1 5092064
1 5109903
1 5119145
1 5183471
1 5191588
1 5194994
1 5195578
1 5205565
1 5279551
1 5284786
1 5286306
1 5324588
1 5324649
1 5333762
1 5336449
1 5339645
1 5376951
2 5413416
1 5422993
1 5447648
1 5453336
1 5486754
1 5503602
1 5516555
1 5565447
1 5568923
1 5610837
1 5614367
1 5616746
1 5625610
1 5638940
1 5690245
1 5703828
1 5716950
1 5749948
1 5761037
1 5763014
1 5763771
1 5800398
1 5821203
1 5842021
1 5845643
1 5866850
1 5910692
1 5934244
2 5934613
1 5934804
1 5939167
1 5957353
1 6008554
1 6031227
1 6036762
1 6100718
1 6163510
1 6182621
1 6189953
1 6240464
1 6280153
1 6317653
1 6331056
1 6336698
1 6406181
1 6457639
1 6485224
1 6490681
1 6510075
1 6549980
1 6586088
1 6602432
1 6665503
1 6666608
1 6671275
1 6693172
1 6731677
1 6744508
1 6751095
1 6759562
1 6760753
1 6876411
1 6907013
1 6934346
1 6937280
1 6938473
1 6940659
1 6962312
1 6978525
1 6978526
1 6993821
1 7019279
1 7050647
1 7110295
1 7150542
1 7184287
1 7184388
1 7191198
1 7218847
1 7232745
1 7249404
1 7249470
1 7317804
1 7319200
1 7319909
1 7388575
1 7421077
1 7434882
1 7435106
1 7435248
1 7463011
1 7475196
1 7476271
1 7476875
1 7491943
1 7543397
1 7558778
1 7568440
1 7572122
1 7579321
1 7601333
1 7642412
1 7705524
1 7705856
1 7718844
1 7727567
1 7796839
1 7808606
1 7809227
1 7810317
1 7816387
1 7824139
1 7834105
1 7848124
1 7851271
1 7877554
1 7901227
1 7907786
1 7908508
2 7908578
1 7908610
2 7908613
1 7908615
2 7908628
2 7908901
1 7914318
1 7950291
1 7960916
1 7971395
1 7983633
1 7989997
1 8032853
1 8051987
1 8100098
1 8137030
1 8147225
1 8157802
1 8176866
1 8179168
1 8210721
1 8232286
1 8242827
1 8257178
1 8258816
1 8289973
1 8346590
1 8355036
1 8403893
1 8428209
1 8511661
1 8540984
1 8559334
1 8563533
1 8573322
1 8585526
1 8638633
1 8653578
1 8679995
1 8688783
1 8708609
1 8723074
1 8738558
1 8765640
1 8793183
1 8796762
1 8804904
1 8825026
1 8869714
1 8885648
1 8893367
1 8894689
1 8949548
1 8959692
1 9023836
1 9050910
1 9060624
1 9073131
1 9092654
1 9109345
1 9111741
1 9144657
1 9165774
1 9199201
1 9200869
1 9214157
1 9252680
1 9278386
1 9279117
1 9307555
1 9318908
1 9325161
1 9340129
1 9349205
1 9358510
1 9365432
2 9381978
1 9398029
1 9402800
1 9416576
1 9425371
1 9425376
2 9425381
1 9425382
1 9425383
2 9425386
1 9425388
2 9425390
1 9425392
1 9425393
1 9425395
4 9425400
1 9425402
2 9425403
1 9425408
1 9425410
3 9425413
1 9425418
1 9425419
2 9425420
2 9425422
1 9425425
2 9425427
2 9425430
1 9425435
2 9425436
2 9425437
1 9425441
1 9425442
5 9425447
6 9425448
4 9425450
1 9425454
2 9425455
1 9425461
2 9425462
1 9425465
3 9425467
1 9425468
2 9425469
1 9425477
1 9432988
1 9435069
1 9458347
1 9476515
1 9530858
1 9559603
1 9587088
1 9588156
1 9627180
1 9668215
1 9686955
1 9698875
1 9712853
1 9754386
1 9757816
1 9785822
1 9808424
1 9832359
1 9853488
1 9858621
2 9877422
6 9877423
1 9877425
6 9877430
6 9877433
5 9877435
1 9877438
7 9877441
1 9877443
1 9877445
1 9877448
2 9877449
1 9877450
2 9877452
2 9877455
8 9877456
2 9877457
1 9877464
3 9877579
3 9877580
2 9877582
2 9877583
1 9877584
1 9877585
2 9877586
4 9877587
5 9877591
2 9877592
1 9877593
1 9877594
1 9877597
1 9877598
2 9877599
1 9877600
2 9877601
2 9877605
1 9877607
1 9877608
1 9877610
1 9877612
4 9877706
1 9877712
1 9877713
3 9877716
1 9877719
2 9877721
1 9877724
5 9877727
2 9877729
1 9877731
2 9877732
2 9877733
1 9877737
1 9877738
2 9877739
2 9877740
1 9877741
2 9877743
1 9877745
1 9886976
1 9887685
1 9918140
1 9944944
1 9945086
1 10016723
1 10031260
1 10059883
1 10061520
1 10080259
1 10090678
1 10108863
1 10140804
1 10141344
2 10141353
1 10141355
1 10141364
1 10141366
1 10141409
1 10141464
1 10141469
1 10141471
2 10141483
1 10141520
1 10141525
1 10141529
1 10141546
1 10141564
1 10141566
1 10141576
1 10141613
1 10162809
1 10208978
1 10222195
1 10223189
1 10228562
1 10256012
1 10273187
1 10290092
1 10361272
1 10437840
1 10439675
1 10444256
1 10444267
1 10491019
1 10492807
1 10496314
1 10503965
1 10523750
1 10526868
1 10580262
1 10604020
1 10609748
1 10626426
1 10659128
1 10751597
1 10764735
1 10766458
1 10780365
1 10834988
1 10864725
1 10892425
1 10898578
1 10928375
1 10969775
1 10970614
1 11009658
1 11035431
1 11079499
1 11157616
1 11165760
1 11222625
1 11230016
1 11236012
1 11252211
1 11276365
1 11304352
1 11328659
1 11329512
1 11350266
1 11353136
2 11369130
1 11401593
1 11402653
1 11428975
1 11437245
1 11451463
1 11452686
1 11474103
1 11512590
1 11530200
1 11534851
1 11613252
4 11642448
1 11667444
1 11720351
1 11726183
1 11737080
1 11747549
2 11775513
1 11787027
1 11820255
1 11841375
1 11850936
1 11887115
1 11997337
1 12059967
1 12075687
1 12107063
1 12110330
1 12124203
1 12147151
1 12173328
1 12174873
1 12192102
1 12199043
1 12262639
1 12305885
1 12313892
1 12340330
1 12388109
1 12391555
1 12402629
1 12403758
1 12415385
1 12427050
1 12473643
1 12486127
1 12499686
1 12523982
1 12546636
1 12552771
1 12558290
1 12561659
1 12569246
1 12570272
1 12674492
1 12686752
1 12698824
1 12708879
1 12757944
2 12770492
1 12774477
1 12790670
1 12811717
1 12815143
1 12846898
1 12855277
1 12855596
1 12859260
1 12910906
1 12929466
1 13004123
1 13037639
1 13039497
1 13064601
1 13074740
1 13122734
1 13132516
1 13137222
1 13192438
1 13240149
1 13244743
1 13265396
1 13331658
1 13357110
1 13405434
1 13423408
1 13434480
1 13436698
1 13454229
1 13469338
1 13506421
1 13546955
1 13564760
1 13569766
1 13590684
1 13592141
1 13599222
1 13605516
1 13630619
1 13644675
1 13652623
1 13667775
1 13676134
1 13694638
1 13703566
1 13706761
1 13721053
1 13724159
1 13725462
1 13741448
1 13742592
1 13744739
1 13754999
1 13841415
1 13847266
1 13868413
1 13878849
1 13910009
1 13936394
1 13970602
1 13985528
1 14000395
1 14014492
1 14042730
1 14047601
1 14057510
1 14112585
1 14125196
1 14130194
1 14154323
1 14157826
1 14177855
1 14177979
1 14203386
1 14231163
1 14231389
1 14239705
1 14314219
1 14320518
1 14353049
1 14356662
1 14413138
1 14448083
1 14452370
1 14468075
1 14480554
1 14482271
1 14493526
1 14512839
1 14538900
1 14575762
1 14577905
1 14587529
1 14610183
1 14610970
1 14665819
1 14681862
1 14729991
1 14752906
1 14794643
1 14832997
1 14840143
1 14844314
1 14868082
1 14910366
1 14940076
1 14974292
1 14990372
1 15070212
1 15076351
1 15098411
1 15146342
2 15152934
1 15156684
1 15162675
1 15181902
1 15182586
1 15195572
1 15202780
1 15206422
1 15219433
1 15250551
3 15284340
1 15336570
1 15343016
1 15357627
1 15374945
1 15391387
1 15426699
1 15473099
1 15532655
1 15534182
1 15542307
1 15575689
1 15652712
1 15668393
1 15692473
1 15692697
1 15709907
1 15719870
1 15775106
1 15837421
1 15846931
1 15877411
1 15879181
1 15894493
1 15937506
1 15954648
1 15967735
1 15981276
1 16018150
1 16028792
1 16032852
1 16050834
1 16078391
1 16129600
1 16139742
1 16157091
1 16157093
2 16157094
1 16157095
1 16157097
3 16157098
2 16157099
1 16157104
1 16157113
5 16157116
1 16157118
1 16157119
2 16157121
1 16157122
3 16157124
1 16157125
3 16157126
5 16157127
1 16157129
2 16157133
1 16157135
1 16157136
1 16157137
2 16157139
1 16157141
4 16157143
5 16157144
2 16157145
2 16157146
1 16157147
3 16157150
2 16157151
2 16157152
2 16157153
7 16157154
3 16157155
1 16157156
2 16157157
3 16157158
2 16157161
2 16157164
1 16157165
2 16157166
1 16157169
1 16157174
3 16157175
2 16157178
2 16157181
7 16157182
2 16157183
5 16157184
6 16157185
3 16157187
1 16157189
5 16157194
4 16157195
2 16157197
3 16157198
7 16157199
8 16157200
6 16157201
4 16157202
3 16157203
2 16157204
3 16157205
2 16157206
2 16157207
1 16157208
3 16157209
1 16157210
3 16157212
2 16157213
1 16157215
1 16157216
2 16157217
1 16157218
3 16157219
2 16157220
1 16157221
3 16157222
2 16157224
2 16157227
3 16157232
2 16157233
5 16157234
2 16157235
2 16157236
4 16157237
1 16157238
2 16157239
2 16157242
2 16157245
5 16157250
4 16157251
1 16157254
2 16157257
3 16157259
8 16157261
3 16157262
4 16157263
6 16157264
4 16157266
2 16157267
1 16157269
3 16157271
5 16157272
1 16157273
4 16157277
1 16157278
1 16157279
5 16157280
3 16157281
1 16157282
3 16157283
2 16157284
1 16157285
1 16157286
2 16157288
2 16157289
1 16157290
1 16157291
1 16157292
7 16157295
2 16157296
2 16157297
9 16157300
1 16157301
2 16157303
1 16157304
2 16157305
1 16157306
1 16157308
1 16157309
2 16157310
1 16157311
1 16157313
1 16157315
2 16157318
1 16157319
3 16157320
1 16157321
2 16157323
1 16157325
3 16157327
1 16157328
1 16157330
3 16157331
3 16157332
3 16157334
1 16157336
6 16157337
3 16157342
2 16157344
1 16157346
2 16157349
2 16157355
1 16157358
2 16157363
3 16157364
4 16157369
8 16157371
6 16157372
1 16157373
2 16157374
3 16157375
4 16157377
2 16157378
2 16157380
1 16157383
2 16157385
1 16157387
4 16157395
1 16157397
1 16157399
1 16157400
1 16157402
2 16157404
3 16157405
2 16157407
2 16157410
3 16157411
2 16157412
1 16157427
1 16157429
2 16157430
2 16157431
2 16157433
1 16157435
1 16157436
1 16157439
1 16157440
3 16157442
1 16157443
2 16157444
2 16157455
1 16157462
1 16157470
1 16157471
1 16157472
1 16157473
5 16157474
1 16157476
1 16157479
2 16157485
2 16157486
1 16157490
2 16157492
1 16157495
6 16157496
1 16157497
1 16157501
1 16157503
2 16157506
2 16157508
2 16157509
1 16157511
2 16157513
1 16157518
4 16157519
2 16157522
2 16157525
1 16157529
1 16157530
1 16157531
3 16157534
1 16157535
2 16157537
1 16157540
3 16157545
2 16157546
1 16157547
2 16157549
2 16157552
1 16157555
2 16157558
2 16157560
1 16157561
3 16157562
2 16157563
1 16157567
2 16157568
1 16157570
2 16157572
7 16157573
2 16157579
1 16157581
2 16157582
4 16157583
2 16157584
3 16157587
1 16157588
3 16157593
2 16157594
2 16157596
1 16157597
1 16157604
1 16157608
1 16157610
4 16157615
2 16157616
1 16157622
1 16157625
1 16157637
1 16157650
1 16157651
1 16157660
1 16157662
1 16157665
1 16157672
1 16157679
1 16157680
1 16157682
1 16157684
1 16157692
1 16157697
1 16157698
1 16157713
1 16157719
1 16157722
1 16157723
1 16157726
1 16157728
1 16157744
1 16157767
1 16157775
1 16157788
1 16178583
1 16182122
1 16242014
1 16254600
1 16254607
1 16260505
1 16273361
1 16287037
1 16293577
1 16354452
1 16367062
1 16392740
1 16395699
1 16405276
1 16421053
1 16436277
1 16445882
1 16451032
1 16466630
1 16510368
1 16527083
1 16583343
1 16589464
1 16592408
1 16600008
1 16615996
1 16636557
1 16659550
1 16659740
1 16663515
1 16681395
1 16691422
1 16692522
1 16762963
1 16768052
1 16827576
1 16833119
1 16861684
1 16864603
1 16882546
1 16901842
1 16922943
1 16939503
1 16940648
1 16959644
1 16968208
1 16985078
1 17034789
1 17037864
1 17039462
1 17052089
1 17101913
1 17156010
1 17157185
1 17162941
1 17170907
1 17186081
1 17265046
1 17303568
1 17373135
1 17382468
2 17384230
1 17433930
1 17437890
1 17464748
1 17514116
1 17551704
1 17595707
1 17601982
1 17605068
1 17608613
1 17624202
1 17637798
1 17642111
1 17652322
1 17657094
1 17669501
1 17768223
1 17805022
1 17841836
1 17947719
1 17964034
1 18026494
1 18029614
1 18072728
1 18084815
1 18091314
1 18098103
1 18102049
2 18113708
1 18116083
1 18118683
1 18129370
1 18135664
1 18203566
1 18220910
1 18276653
1 18331397
1 18369403
1 18379710
1 18380075
1 18380351
1 18407057
1 18408096
3 18408847
1 18408986
2 18473251
1 18476142
1 18488096
1 18506325
1 18506999
1 18517418
1 18517477
1 18599567
1 18642402
1 18651051
1 18691013
1 18734231
1 18734266
2 18734362
2 18734373
1 18734404
1 18738706
1 18766183
1 18796587
1 18895880
1 18912467
1 18917603
1 18924794
1 18928217
1 18947740
1 18951490
1 18955687
1 19038490
1 19039390
1 19070707
1 19085478
1 19096341
1 19134877
1 19172933
1 19174308
1 19182948
1 19214593
1 19221115
1 19255499
1 19256151
1 19278979
1 19279582
1 19297902
1 19304568
1 19345095
1 19395564
1 19399283
1 19420356
1 19427960
1 19465682
1 19481149
1 19498385
1 19537383
1 19583928
1 19605526
1 19619952
1 19642512
1 19711016
1 19747133
1 19752605
1 19774352
1 19774373
1 19835124
1 19877436
1 19902844
1 19925022
1 19937163
1 19977557
1 19994226
1 20030213
1 20047048
1 20048847
1 20111240
1 20137449
1 20147228
1 20167664
1 20169314
1 20176835
1 20183879
1 20185289
1 20203227
1 20210417
1 20210540
1 20212019
1 20269403
1 20269489
1 20275918
1 20277114
1 20281251
1 20294066
1 20328278
1 20340793
1 20369718
1 20403072
1 20423189
1 20423932
1 20428365
1 20428697
1 20434591
1 20434653
1 20471260
1 20475005
1 20492235
1 20498325
1 20498839
1 20510046
1 20517242
1 20571414
1 20580216
1 20632306
1 20671271
1 20709442
1 20713218
1 20752732
1 20787186
1 20791378
1 20797074
1 20807127
1 20922209
1 20933884
1 20945427
1 20956075
1 20963638
1 20967619
1 20967650
1 21036886
1 21062061
1 21124279
1 21131627
1 21164984
1 21179151
1 21326811
1 21367979
1 21369149
1 21391854
1 21463712
1 21493074
1 21505461
1 21528664
1 21577643
1 21623330
1 21663905
1 21670396
1 21717433
1 21721676
1 21773840
1 21774422
1 21792672
1 21825432
1 21829532
1 21874020
1 21931192
1 21933781
1 22032193
1 22032255
1 22032278
1 22054066
1 22078064
1 22089514
1 22108518
1 22110791
1 22124283
1 22142667
1 22157223
1 22160174
1 22199138
1 22199809
1 22210427
1 22268641
1 22321033
1 22329435
1 22334810
1 22356874
1 22378091
1 22397112
1 22449207
1 22468908
1 22520331
1 22522981
1 22546080
1 22600655
1 22643428
1 22651247
1 22671677
1 22687318
1 22698004
1 22698798
1 22721172
1 22722119
1 22728034
1 22734492
1 22736373
1 22749205
1 22770171
1 22822297
1 22854978
1 22870173
1 22903699
1 22906987
1 22931726
1 22931903
1 22977967
1 23008688
1 23015695
1 23036558
1 23068965
1 23072694
1 23078764
1 23078765
1 23084699
1 23103626
1 23122092
1 23146604
1 23155962
1 23158503
1 23182282
1 23204979
1 23209953
1 23225740
1 23227424
1 23274443
1 23288466
1 23303175
1 23321989
1 23386710
1 23388839
1 23436769
1 23482858
1 23486564
1 23522645
1 23592761
1 23598187
1 23608640
1 23647277
1 23648080
1 23673714
1 23678911
1 23691067
1 23696914
1 23705864
1 23707702
1 23707913
1 23712258
1 23754990
1 23811475
1 23827085
1 23834658
1 23840712
1 23848685
1 23851067
1 23875414
1 23955899
1 24005020
1 24088929
1 24093494
1 24103471
1 24187295
1 24259953
1 24299309
3 24312567
1 24312839
1 24315364
1 24342731
1 24380715
1 24387062
1 24392485
1 24410833
1 24444111
1 24558168
1 24609736
1 24621674
1 24621836
1 24658239
1 24779874
1 24792913
1 24801866
1 24826362
1 24836072
1 24878218
1 24878765
1 24913462
1 24991005
1 25066082
1 25084016
1 25121050
1 25141457
1 25148730
1 25211688
1 25273913
1 25292726
1 25312767
1 25329059
1 25398676
1 25398830
1 25422258
1 25432925
1 25472498
1 25478463
1 25487558
1 25488581
1 25510226
1 25521373
1 25553251
1 25564558
1 25564869
1 25564952
1 25580926
1 25672423
1 25686682
1 25711568
1 25739639
1 25789055
1 25801977
1 25804488
1 25840987
1 25866169
1 25889889
1 25894632
1 25925346
1 25944688
1 25959838
1 26027853
1 26048644
1 26075538
1 26101956
1 26106646
1 26130984
1 26154536
1 26169230
1 26188460
1 26204320
1 26247550
1 26294162
1 26307233
1 26333450
1 26370261
1 26374073
1 26379469
1 26480318
1 26531873
1 26556199
1 26616336
1 26620712
1 26639878
1 26716369
1 26751859
1 26769979
1 26802925
1 26816602
1 26823290
1 26852562
1 26854425
1 26873759
1 26875598
1 26895417
1 26895432
1 26963178
1 26991414
1 27050604
1 27059820
1 27067387
1 27071073
1 27076532
1 27094440
1 27106370
1 27153978
1 27189099
1 27229952
1 27244493
1 27255455
1 27277309
1 27310457
1 27409401
1 27409546
1 27427702
1 27428530
1 27469917
1 27514048
1 27542180
1 27558069
1 27595273
1 27597782
1 27626276
1 27635440
1 27675214
1 27676324
1 27704065
1 27754413
1 27768818
1 27801618
1 27830655
1 27840067
1 27846995
1 27870226
2 27884604
1 27904153
1 27920056
1 27922115
1 27932704
1 27973437
1 27973965
2 28002707
1 28007100
1 28010075
1 28020267
1 28020427
1 28084460
1 28087863
1 28103187
1 28165543
1 28224616
1 28229732
1 28319965
1 28346445
1 28366284
1 28388126
1 28398551
1 28421000
1 28483033
1 28495082
1 28533656
1 28588181
1 28639281
1 28648128
1 28648682
1 28652475
1 28655817
1 28657542
1 28659160
1 28660819
1 28674674
1 28726004
1 28781764
1 28799856
1 28837387
1 28844705
1 28850139
1 28918489
1 28948214
1 29060658
1 29153070
1 29164486
1 29179607
1 29185042
1 29210392
1 29218361
1 29222900
1 29332566
1 29355058
1 29396787
1 29458249
1 29463796
3 29483534
1 29483926
2 29492697
1 29548727
1 29557989
1 29608507
1 29624713
1 29661788
1 29682729
1 29766682
1 29776861
1 29789351
1 29814058
1 29827572
1 29860453
1 29873607
1 29906792
1 29947700
1 29948241
1 29999018
1 30015515
1 30045697
1 30133698
1 30157062
1 30166022
1 30198745
1 30199263
1 30310928
1 30349228
1 30413295
1 30479116
1 30504589
1 30583233
1 30611352
1 30616790
1 30639017
1 30654524
1 30676656
1 30682061
1 30706144
1 30738650
1 30739386
1 30755114
1 30809939
1 30831831
1 30847571
1 30853161
1 30914231
1 30929514
1 30930961
1 30947096
1 31002372
1 31067686
1 31168488
1 31169231
1 31170523
1 31194517
1 31256477
1 31317033
1 31323860
1 31333848
1 31427227
1 31448972
1 31486604
1 31558430
1 31567753
1 31583487
1 31585585
1 31696271
1 31805918
1 31821342
1 31849240
1 31853220
1 31880391
1 31904008
1 31905075
1 31930397
1 31942246
1 31971478
1 31983811
1 31984365
1 31993388
1 32018422
1 32056968
1 32098153
1 32180276
1 32187354
1 32192362
1 32197981
1 32263376
1 32267859
1 32284299
1 32308446
1 32349965
1 32353562
1 32386793
1 32394138
1 32408358
1 32440134
1 32463335
1 32480273
1 32488623
1 32507665
1 32554723
1 32586514
1 32594730
1 32637254
1 32639862
1 32659576
1 32771790
1 32797845
1 32819434
1 32825944
1 32833200
1 32844416
1 32859286
1 32900106
1 32913780
1 32931362
1 32994694
1 33058965
1 33126798
1 33141232
1 33143425
1 33147323
1 33152840
1 33184478
1 33187466
1 33189607
1 33321423
1 33354561
1 33362969
1 33385395
1 33491575
1 33492099
1 33604322
1 33629756
1 33646437
1 33647790
1 33721821
1 33733278
1 33736953
1 33737890
1 33740510
1 33754633
1 33777309
1 33844803
1 33929803
1 33940299
1 33964919
1 33999239
1 34002900
1 34055352
1 34095848
1 34114099
1 34131941
1 34168529
1 34206774
1 34246350
1 34280158
1 34281502
1 34282129
1 34284719
1 34288651
1 34312074
1 34316160
1 34331284
1 34348776
1 34385057
1 34446420
1 34484361
1 34496294
1 34506167
1 34531322
1 34532540
1 34553535
1 34613605
1 34632940
1 34643190
1 34646165
1 34682549
1 34686538
1 34707951
2 34747670
1 34782160
1 34813347
1 34819088
1 34968893
1 34972509
1 34988144
1 35117864
1 35122120
1 35174616
1 35197463
1 35284621
1 35361873
1 35381439
1 35436584
1 35454538
1 35475538
1 35486767
1 35511548
1 35520820
1 35567905
1 35575662
1 35588121
1 35620637
1 35620706
1 35640618
1 35676657
1 35716948
1 35733445
1 35742904
1 35770026
1 35789778
1 35817581
1 35824837
1 35884945
1 35947368
1 36000955
1 36009181
1 36009758
1 36041115
1 36055468
1 36113957
1 36175189
1 36177230
1 36220903
1 36240354
1 36266438
1 36334056
1 36387992
1 36393758
1 36436421
1 36471604
1 36490451
1 36573266
1 36608528
1 36613675
1 36754540
1 36777891
1 36847952
1 36849187
1 36854245
1 36894710
1 36898400
1 36907364
1 36959436
1 36970553
1 36992731
1 37020672
1 37064862
1 37072953
1 37093885
1 37111046
1 37116060
1 37259847
1 37269424
1 37281480
1 37357254
1 37373317
1 37373641
1 37418736
1 37478379
1 37516968
1 37518760
1 37522058
1 37527264
1 37541910
1 37558621
1 37598080
1 37598478
1 37606656
1 37621157
1 37640101
1 37681502
1 37722550
1 37752612
1 37754749
1 37755477
1 37755574
1 37872552
1 37874258
1 37897856
1 37928046
1 38160988
1 38206909
1 38221582
1 38260672
1 38357524
1 38376312
1 38448737
1 38644874
1 38692349
1 38699612
1 38704910
1 38734151
1 38825007
1 38845777
1 38847351
1 38862690
1 38874649
1 38881225
1 38881401
1 38889591
1 38923267
1 39008846
1 39065407
1 39069760
1 39080376
1 39097534
1 39103301
1 39125567
1 39130442
1 39188690
1 39188767
1 39189948
1 39243923
1 39249982
1 39271880
1 39296171
1 39320110
1 39338592
1 39357468
1 39371947
1 39386700
1 39484944
1 39488288
1 39503057
1 39548749
1 39686662
1 39708562
1 39717320
1 39722014
1 39882816
1 39914117
1 39936197
1 39965305
1 40010441
1 40010633
1 40143341
1 40157191
1 40178499
1 40188383
1 40372545
1 40387704
1 40423872
1 40476433
1 40514343
1 40528416
1 40554542
1 40555470
1 40559471
1 40608185
1 40608290
1 40613779
1 40665950
1 40665998
1 40666139
1 40674114
1 40704774
1 40723311
1 40779520
1 40782758
1 40803437
1 40817251
1 40865153
1 40951660
1 40991817
1 41014230
1 41021295
1 41042942
1 41047173
1 41051393
1 41090322
1 41155379
1 41163123
1 41170283
1 41213788
1 41359587
1 41369872
1 41394284
1 41410915
1 41518304
1 41563456
1 41601739
1 41610840
1 41672772
1 41708210
1 41711040
1 41744102
1 41745684
1 41753722
1 41881098
1 41891879
1 41891973
1 41912461
1 41929954
1 42022160
1 42109104
1 42141847
2 42160501
1 42336916
1 42359957
1 42371885
1 42373797
1 42405314
2 42592048
1 42616004
1 42678882
1 42796967
1 42818883
1 42860793
1 42910319
1 42915121
1 42976047
5 43000427
1 43000429
5 43000432
3 43000433
3 43000434
2 43000435
1 43000436
4 43000437
10 43000439
5 43000442
1 43000443
2 43000444
7 43000445
1 43000447
1 43000450
3 43000452
2 43000453
1 43000457
1 43000469
1 43024324
1 43059992
1 43111720
1 43124293
2 43188734
1 43242519
1 43243024
1 43255671
1 43262975
1 43265131
1 43283577
1 43283646
1 43310415
1 43347232
1 43363515
1 43387150
1 43424336
1 43449012
1 43565316
1 43594504
1 43598758
1 43600535
2 43685082
1 43711003
1 43775248
1 43779416
1 43801322
1 43853737
1 43869560
1 43944149
1 43960609
1 43973803
1 43994739
1 44059679
1 44062250
1 44113138
1 44220659
1 44388901
1 44497228
1 44501475
1 44504415
1 44515173
1 44547002
1 44549001
1 44604648
1 44607167
1 44648196
1 44696366
1 44721432
3 44724002
1 44759933
1 44843997
1 44844036
1 44844889
1 44861586
1 44956134
1 44962176
1 44993946
1 45000850
1 45090748
1 45122925
1 45161998
1 45205612
1 45229231
1 45299429
1 45409837
1 45470632
1 45518590
1 45561577
1 45612534
1 45692727
1 45697762
1 45774231
1 45814834
1 45820540
1 45854687
1 45863235
1 45868405
1 45923338
1 45953782
1 45972084
1 45985153
1 46053046
1 46099877
1 46109043
1 46128005
1 46153994
1 46205504
1 46246689
1 46275318
1 46298347
1 46417333
1 46439969
1 46458259
1 46458993
1 46460225
1 46499189
1 46514130
1 46793958
1 46834189
1 46903641
1 46931222
1 46943360
1 46962720
1 47053946
1 47169960
1 47233101
1 47246117
1 47254054
1 47300414
1 47341580
1 47383087
1 47402164
1 47406596
1 47451661
1 47579257
1 47585816
1 47621801
1 47688350
1 47695270
1 47700696
1 47707979
2 47729222
1 47729282
1 47742565
1 47761902
1 47775655
1 47844932
1 47853896
1 47943906
1 47963630
1 48008445
1 48012132
1 48044505
1 48044638
1 48120581
1 48122117
1 48220619
1 48228685
1 48337767
1 48356184
1 48385868
1 48514260
1 48535943
1 48581294
1 48600499
1 48659551
1 48696592
1 48702184
1 48734808
1 48758984
1 48760510
1 48784805
1 48801229
2 48818800
1 48830038
1 48832625
1 48836373
1 48981315
1 49055691
1 49062058
1 49086904
1 49086928
1 49103997
1 49205857
1 49317670
1 49336042
1 49353877
1 49449457
1 49463682
1 49469299
1 49471725
1 49508536
1 49532419
1 49644892
1 49701560
1 49997582
1 50006146
1 50030600
1 50077654
1 50114128
1 50115169
1 50208546
1 50239155
1 50259676
1 50263673
1 50311601
1 50320188
1 50366455
1 50421780
1 50506755
1 50562397
1 50634200
1 50642238
1 50642271
1 50684263
1 50730603
1 50758373
1 50778117
1 50821257
1 50821382
1 50992656
1 51091600
1 51131170
1 51159165
1 51205522
1 51241454
1 51258549
1 51296012
1 51418055
1 51438393
1 51573876
1 51610124
1 51630012
1 51748999
1 51755794
1 51796635
1 51801313
1 51841305
1 51864082
1 52004607
1 52028381
1 52072103
1 52201828
1 52212599
1 52258851
1 52283859
1 52296081
1 52318011
1 52427365
1 52432053
1 52482733
1 52486753
1 52529046
1 52536487
1 52558136
1 52624302
1 52673412
1 52769471
1 52793232
1 52801344
1 52814425
1 52843171
1 52856249
1 52857443
2 52904344
1 52936711
1 52973612
1 52974377
1 52980820
1 52981181
1 52981249
1 53003277
1 53004711
1 53070687
1 53079745
1 53204376
1 53208527
1 53220767
1 53233260
1 53233311
1 53251031
1 53280602
1 53281787
1 53326375
1 53368810
1 53442651
1 53476502
1 53507953
1 53737415
1 53743293
1 53795011
1 53821916
1 53821929
1 53821949
1 53851043
1 53879995
1 53880278
1 53908239
1 53936860
1 53961394
1 53999434
1 54030743
1 54059682
1 54139721
1 54145255
1 54146740
1 54180935
1 54219098
1 54270823
3 54311841
2 54311843
1 54311852
1 54324121
1 54453477
1 54453891
1 54574104
1 54575110
1 54581770
1 54631045
1 54660583
1 54691695
1 54709839
2 54724934
1 54731139
1 54735785
1 54761076
1 54779561
1 54796298
1 54797343
1 54797669
1 54841988
1 54855154
1 54950861
1 55183599
1 55185802
1 55185817
1 55225338
1 55321247
1 55322154
1 55390818
2 55402837
1 55431903
1 55468385
1 55553562
1 55571751
1 55652912
1 55660969
1 55681938
1 55687813
1 55697104
1 55712081
1 55737549
1 55783532
1 55790235
1 55821178
1 55866055
1 55910052
1 55913287
1 55917171
1 55926029
1 55959282
1 55976954
1 55990548
1 56002560
1 56002875
1 56003597
1 56063139
1 56152564
1 56153013
1 56167923
1 56182705
1 56253581
1 56267506
1 56291155
1 56352877
1 56358116
1 56494636
1 56507512
1 56568024
1 56603145
1 56632574
1 56676537
1 56676945
1 56708423
1 56709384
1 56759941
1 56774677
1 56817304
1 56865712
1 56900004
1 56910743
1 56918511
1 57016969
1 57026805
1 57053976
1 57063044
1 57068434
1 57079814
1 57097238
1 57128962
1 57142099
1 57142219
1 57365161
1 57464457
1 57564534
1 57590493
1 57590496
1 57590519
1 57592160
1 57741562
1 57809794
1 57878252
1 57923226
1 58049754
1 58086047
1 58212327
1 58264105
1 58299307
1 58304223
1 58400876
1 58434639
1 58455256
1 58481626
1 58483013
1 58531047
1 58542159
1 58628430
1 58632551
1 58679728
1 58692457
1 58697099
1 58744166
1 58952023
1 58954627
1 58957651
1 59009007
1 59009305
1 59069802
1 59237731
1 59250348
1 59266315
1 59286519
1 59313352
1 59317166
1 59378310
1 59383988
1 59432721
1 59449309
1 59501760
1 59540899
1 59629832
1 59641619
1 59670981
1 59695368
1 59727718
1 59738227
1 59739933
1 59784204
1 59843389
1 59880438
1 59888753
1 59948011
1 59954824
1 59954922
1 59988095
1 60014833
1 60086738
1 60103279
1 60121072
1 60153958
1 60164402
1 60168161
1 60178140
1 60202636
1 60231124
1 60267831
1 60288147
1 60360003
1 60498991
1 60508928
1 60516876
1 60516898
1 60574803
1 60590283
1 60650305
1 60664172
1 60691127
1 60695019
1 60787627
1 60850249
1 60866858
1 60933052
1 61056886
1 61079052
1 61160681
1 61184805
1 61201979
1 61220403
1 61278526
1 61289498
1 61361371
1 61369841
1 61399552
1 61422334
1 61499234
1 61522889
1 61556943
1 61588602
1 61591015
1 61658889
1 61751926
1 61801814
1 62012476
1 62094687
1 62225608
1 62261164
1 62290327
2 62316478
1 62388304
1 62414431
1 62547052
1 62556244
1 63081927
1 63081992
1 63082048
1 63099254
1 63165910
1 63217255
1 63370173
1 63402850
1 63404257
1 63427258
1 63574563
1 63643407
1 63660390
1 63660404
1 63728188
1 63779685
1 63833325
1 63833551
1 63895510
1 63895655
1 63899345
1 63903053
1 63907120
1 63910953
1 63976575
1 63978939
1 63978955
1 64027400
1 64133694
1 64182046
1 64321590
1 64336207
1 64369436
1 64427557
1 64493242
1 64540245
1 64596600
1 64689273
1 64760084
1 64762969
1 64793701
1 64962926
1 64965645
1 65051323
1 65051342
2 65051431
1 65051536
2 65051566
1 65051586
1 65051593
1 65051595
1 65051642
1 65051644
1 65051646
1 65051658
2 65051663
2 65051668
1 65051702
1 65051707
1 65142074
1 65270707
1 65305220
1 65343265
1 65366282
1 65387116
1 65394020
1 65558512
1 65600992
1 65624975
1 65777324
1 65821975
1 65928989
1 65943048
1 65956525
1 66090308
1 66123343
1 66128681
1 66202502
1 66315839
1 66376081
1 66440470
1 66446182
1 66455966
1 66519836
1 66525069
1 66561600
1 66601374
1 66647837
1 66648112
1 66657469
1 66675978
2 66727894
1 66754077
1 66886846
1 66959743
1 66961917
1 66999420
1 67023025
1 67062245
1 67075700
1 67090559
1 67102919
1 67125254
1 67147134
1 67159871
1 67200273
1 67224905
1 67239656
2 67288174
1 67319128
1 67329363
1 67370315
1 67417064
1 67515541
1 67623515
1 67630374
1 67738655
1 67745018
1 67793007
1 67936370
1 67947844
1 68026387
1 68040020
1 68096613
1 68143631
1 68161394
1 68217636
1 68248796
1 68344507
1 68406558
1 68443561
1 68454141
1 68492584
1 68504833
1 68523091
1 68598118
1 68632489
1 69176628
1 69208221
1 69291597
1 69372685
1 69392853
1 69433242
1 69648083
1 69742640
1 69774432
1 69807145
1 69855490
1 69944478
1 69992001
1 69993137
1 70031473
1 70034781
1 70190866
1 70213526
1 70449158
1 70500867
1 70521395
1 70571293
1 70756135
1 70808216
1 70842417
1 70854687
1 70859050
1 70883540
1 70911916
1 70929216
1 70950561
1 70972211
1 71039572
1 71086694
1 71129588
1 71134597
1 71261383
1 71307949
1 71308600
1 71365983
1 71406237
1 71473899
1 71498274
1 71500975
1 71513328
1 71547131
1 71766033
1 71796640
1 71851593
1 71971945
1 72279257
1 72354285
1 72402794
1 72448580
1 72468120
1 72528342
1 72584751
1 72664140
1 72729218
1 72752416
1 72822106
1 72890653
1 72984222
1 72996394
1 73078824
1 73135560
1 73173238
1 73180265
1 73297342
1 73366807
1 73584568
1 73728360
1 73780311
1 73839082
1 73843657
1 73872148
1 73928492
1 74056075
1 74078583
1 74117771
1 74173389
1 74328367
1 74381196
1 74387018
1 74391618
1 74398555
1 74429045
1 74454743
1 74495372
1 74565148
1 74660769
1 74669998
1 74701073
1 74705161
1 74709093
1 74778207
1 74883520
1 74945140
1 75008763
1 75128507
1 75138415
1 75156274
1 75263122
1 75278754
1 75323588
1 75341154
1 75346083
1 75396092
1 75449621
1 75490805
1 75532691
1 75545949
1 75546605
1 75595516
1 75739722
1 75801921
1 75836318
1 75967052
1 75970959
1 76036704
1 76044750
1 76266512
1 76296689
1 76317212
1 76400606
1 76453748
1 76469081
1 76497800
1 76516977
1 76523080
1 76594381
1 76619987
1 76623031
1 76946703
1 76960695
1 76998303
1 77083284
1 77271722
1 77280888
1 77408609
1 77471503
1 77492044
1 77502986
1 77520061
1 77532012
1 77539832
1 77583662
1 77750565
1 77773766
1 77833775
1 77869721
1 77877358
1 77969464
1 78037012
1 78044950
1 78075247
1 78075279
1 78111362
1 78297188
1 78300837
1 78404671
1 78452093
1 78526688
1 78536393
1 78552872
1 78556700
1 78592780
1 78645875
1 78676661
1 78750906
1 78784491
1 78788055
1 78788913
1 78999725
1 79091104
1 79127595
1 79262251
1 79556053
1 79675108
1 79766531
1 79798030
1 79799822
1 79943877
1 79958683
1 80009965
1 80080013
1 80085286
1 80161515
1 80166518
1 80176290
1 80191769
1 80199842
1 80201307
1 80223436
1 80403483
1 80471336
1 80541112
1 80618998
1 80634368
1 80655182
1 80803407
1 81026738
1 81044118
1 81189236
1 81433624
1 81553725
1 81596793
1 81623275
1 81725604
1 81800616
1 82099434
1 82252041
3 82339030
2 82339031
1 82339032
1 82339035
4 82339038
8 82339039
9 82339040
6 82339041
4 82339042
2 82339043
5 82339044
4 82339045
1 82339046
3 82339047
4 82339048
3 82339049
2 82339052
1 82339057
1 82339058
9 82339063
2 82339064
3 82339067
13 82339068
1 82339071
9 82339072
26 82339073
7 82339076
1 82339077
1 82429697
1 82434950
1 82585743
1 82848891
1 82885314
1 82898750
1 82945804
1 82948296
1 83005348
1 83054600
1 83142751
1 83183509
1 83436472
1 83502788
1 83534609
1 83596908
1 83596975
1 83717905
1 83720890
1 83721062
1 83876668
1 83958363
1 84053825
1 84053915
1 84114181
1 84236336
1 84344917
1 84401928
1 84488678
2 84514702
1 84590057
1 84590425
1 84616628
1 84619322
1 84623831
1 84655541
1 84843938
1 85015900
1 85086155
1 85122604
1 85152482
1 85192442
1 85341848
1 85446989
1 85447032
1 85447054
1 85447179
1 85447235
1 85473772
1 85485353
1 85523968
1 85524437
1 85540307
1 85548510
1 85582253
1 85615269
1 85676190
1 85852210
1 85861823
1 85911055
1 86153209
1 86210801
1 86450294
2 86548324
1 86665161
1 86716493
1 86754901
1 86790740
1 86808920
1 86816194
1 86980791
1 86999649
1 87002010
1 87016050
1 87043721
1 87102257
1 87105906
1 87109916
1 87162668
1 87238295
1 87263338
1 87319889
1 87603651
1 87609340
1 87613632
1 87642239
1 87691037
1 87691134
1 87913327
1 88002826
1 88129804
1 88189892
1 88211829
1 88464720
1 88589321
1 88729745
1 88976851
1 89105994
1 89181708
1 89399662
1 89720587
1 89889502
1 89918711
1 90051403
1 90180605
1 90211155
1 90230391
1 90265780
1 90265781
1 90265787
1 90334659
1 90345666
1 90374887
1 90431528
1 90483740
1 90642550
1 90847063
1 90861168
1 90891744
1 90959955
1 91177816
1 91192925
1 91283058
1 91437182
1 91512181
1 91602058
1 91604558
1 91688467
1 91713248
1 91837929
1 91838504
1 91852061
1 92347068
1 92357821
1 92431122
1 92441255
1 92703888
1 92906296
1 92995605
1 93080123
1 93149791
3 93149793
1 93149796
2 93149811
1 93149813
2 93149815
1 93149817
2 93149821
2 93149822
2 93149823
1 93149827
1 93149832
2 93149833
1 93149835
1 93149838
1 93149839
1 93149842
2 93149848
3 93149942
1 93149948
4 93149951
1 93149953
3 93149954
2 93149957
3 93149959
1 93149960
1 93149962
2 93149964
5 93149965
3 93149971
4 93149972
2 93149973
5 93149974
2 93149975
2 93149979
8 93149980
3 93149981
1 93149982
1 93149985
1 93149986
1 93159090
1 93167622
1 93317052
1 93373802
1 93386435
1 93529528
1 93614259
1 93634348
1 93720997
1 93775376
1 93816539
1 93983586
1 94160153
1 94247955
1 94350141
1 94428703
1 94436819
1 94674817
1 94771549
1 94795857
2 94800758
1 94811499
1 94902193
1 94998458
1 95172486
1 95211511
1 95224200
1 95250871
1 95250971
1 95387344
1 95457825
1 95470510
1 95774841
1 95888629
1 95894417
1 95909249
1 95916940
1 95936536
1 95955939
1 95955940
1 95978328
1 96006326
1 96008923
1 96045615
1 96105212
1 96118309
1 96225320
1 96274617
1 96371748
1 96424456
1 96559028
1 96636360
1 96751343
1 96766897
1 96788751
1 97171663
1 97231298
1 97298583
1 97433413
1 97495726
1 97563081
1 97616666
1 97625750
1 97690796
1 97744227
1 98055843
1 98205489
1 98314687
1 98342752
1 98488735
1 98495339
1 98633034
1 98849684
1 98943948
1 99050692
1 99094697
1 99122706
1 99152874
1 99200052
1 99236504
1 99471393
1 99525264
1 99811052
1 99996259
1 100053034
1 100086153
1 100184716
1 100308769
1 100365438
1 100605476
1 100659485
1 100921193
1 101040842
1 101055928
1 101089953
1 101268241
1 101270790
1 101377916
1 101445629
1 101475402
1 101495324
1 101609872
1 101655910
1 101701943
1 101708910
1 101752382
1 101806431
1 101850934
1 101933543
1 101974208
1 101980172
1 102047345
1 102137587
1 102295909
1 102311427
1 102335353
1 102347339
1 102352408
1 102356704
1 102460094
1 102646853
1 102776997
1 102890733
1 102938992
2 103027340
2 103027343
4 103027351
1 103027358
4 103027363
2 103027364
2 103027365
1 103027366
4 103027367
1 103027368
2 103027369
1 103027370
2 103027372
1 103027373
1 103027375
2 103027379
2 103027380
3 103027383
1 103027387
3 103027390
1 103027396
2 103027493
2 103027495
4 103027496
1 103027499
2 103027501
1 103027502
3 103027503
1 103027504
2 103027505
1 103027510
1 103027513
1 103027515
2 103027516
1 103027517
4 103027518
1 103027519
2 103027520
2 103027522
6 103027525
1 103027526
1 103027530
7 103027531
1 103038313
1 103220227
1 103478521
1 103555101
1 103618854
1 103623359
1 103818181
1 103934163
2 104097267
1 104168901
1 104482449
1 104482926
1 104508531
1 104868379
1 105011904
1 105074983
1 105092408
1 105108115
1 105145435
1 105483703
1 105622954
1 105659040
1 105751738
1 105772653
1 105903779
1 106013113
1 106082656
1 106119252
1 106132832
1 106145944
1 106215415
1 106235419
1 106257698
1 106498652
1 106505744
1 106608351
1 106735663
1 106830004
1 106967958
4 107022503
1 107022504
1 107022505
3 107022506
2 107022508
3 107022516
2 107022517
1 107022518
1 107142319
1 107145322
1 107157206
1 107258654
1 107356748
1 107462847
1 107531434
1 107739799
1 107856834
1 108028143
1 108043078
1 108174202
1 108236110
1 108331857
1 108460008
1 108636113
1 108662349
1 108662360
2 108662361
2 108662363
1 108685032
1 108885436
1 108897595
1 108925122
1 109046915
1 109180300
1 109232157
1 109232234
1 109275399
1 109372783
1 109418806
1 109715997
1 109788318
1 109868672
1 109924681
1 109979035
1 109988807
1 110082584
1 110216149
1 110263068
1 110349475
1 110422284
1 110572687
1 110583449
1 110642044
1 110648795
1 110999648
1 111390823
1 111395361
1 111482548
1 111552151
1 111612555
1 111612628
1 111617490
1 111624589
1 111679315
1 111698510
1 111718673
1 112452517
1 112468281
1 112534366
1 112583460
1 112613695
1 112725835
1 112808904
1 112882182
1 113189798
1 113382849
1 113686781
1 113796505
1 113863616
1 114039038
1 114077552
1 114224885
1 114242555
1 114340353
1 114365071
1 114416798
1 114461785
1 114576342
1 114746949
1 115111417
3 115149252
1 115166357
1 115187719
1 115242227
1 115542318
1 115644208
1 115720593
1 116545828
1 116646060
1 116795391
1 116901190
1 116978880
1 117364738
1 117550806
1 117679930
1 117689689
1 117903231
1 118915060
1 119270521
1 119386210
1 119452453
1 119557446
1 119715181
1 119737466
1 119745882
1 119800473
1 119820764
1 120026254
1 120050451
1 120357396
1 120537224
1 120648514
1 120674589
1 120761113
1 120817930
1 120928469
1 120951951
1 121235415
1 121273340
1 121391126
1 121423724
1 121509145
1 122048474
1 123376762
1 123642592
1 123662891
1 123699607
1 123868894
1 124800293
1 124806077
1 124919942
1 125417346
1 125417348
1 125417355
1 125746829
1 126163346
1 126264533
1 126822480
1 127513799
1 127839502
1 128382868
1 128508128
1 128887712
1 129369606
1 130242089
1 130364557
1 130846547
1 130857936
1 131272608
1 131765979
1 131882323
1 131902745
1 132233860
1 132477640
1 132657502
1 132727691
1 132772197
1 132992064
1 134320681
1 135155265
1 135172232
1 135332575
1 135490762
1 135666148
1 136941268
1 137034599
1 137034860
1 137341195
1 137489330
1 137603475
1 137611062
1 137638103
1 137909750
1 137926989
1 138029333
1 138424666
1 139484835
1 139500634
1 139557474
1 140489446
1 140970661
1 141629046
1 142104039
1 142130562
1 142146699
1 142514428
1 143308351
1 143501057
1 144054359
1 144290287
1 144537577
1 144797504
1 145489244
1 145626819
1 146728465
1 146842613
1 147030357
1 147084089
1 147500208
1 147590281
1 149779422
1 150368770
1 150778578
1 151644367
1 152442794
1 152634347
1 157130502
1 157357679
1 159194436
1 160536462
1 160536543
1 160536695
1 160536750
2 160536801
1 160536813
1 160536838
1 160537248
1 160537256
1 160537262
1 160537271
1 160537280
1 160537332
2 160537334
3 160537339
3 160537349
2 160537351
3 160537352
2 160537359
1 160537363
1 160537393
1 160537396
1 160537399
1 160537401
3 160537402
2 160537404
2 160537405
1 160537406
1 160537407
2 160537409
1 160537410
1 160537413
1 160537416
1 160537418
2 160537425
1 160537430
1 160537432
1 160537436
1 160537437
5 160537441
1 160537444
1 160537445
2 160537446
2 160537447
1 160537448
2 160537450
1 160537452
2 160537454
1 160537456
1 160537459
1 160537460
1 160537462
1 160537466
2 160537469
1 160537478
3 160537627
2 160537636
2 160537652
4 160537853
1 160538175
1 160538283
1 162068728
1 162743452
3 169435943
1 170376846
1 172936364
1 188363111
