1 44
2 45
5 46
8 47
31 48
49 49
98 50
46454 51
65519 52
65789 53
68147 54
71533 55
75506 56
77672 57
71112 58
66217 59
67720 60
66368 61
70279 62
76955 63
74102 64
76709 65
74303 66
74175 67
69422 68
71895 69
67946 70
68434 71
72693 72
78040 73
83354 74
91264 75
90650 76
85579 77
85672 78
82012 79
82567 80
87498 81
92236 82
96761 83
103608 84
108919 85
111057 86
111087 87
108193 88
104336 89
104726 90
106177 91
112656 92
124132 93
127020 94
134780 95
137767 96
137680 97
135335 98
134153 99
129527 100
130866 101
135997 102
144455 103
152667 104
163150 105
166882 106
168396 107
165887 108
161534 109
158218 110
159385 111
162078 112
170432 113
178235 114
189498 115
195667 116
199908 117
199028 118
193820 119
187239 120
184258 121
184122 122
191324 123
198491 124
212479 125
215429 126
226080 127
219438 128
220904 129
213011 130
209241 131
206670 132
205268 133
210275 134
219177 135
229764 136
238193 137
243753 138
239044 139
237459 140
240163 141
231166 142
220262 143
215922 144
221641 145
229880 146
240630 147
248001 148
253695 149
267409 150
279580 151
262421 152
239068 153
227014 154
229244 155
233508 156
244328 157
254150 158
257459 159
252626 160
247552 161
240642 162
239887 163
246106 164
260373 165
280228 166
301240 167
308056 168
294587 169
276001 170
264022 171
255913 172
260878 173
277740 174
304013 175
321916 176
326803 177
319621 178
303326 179
286124 180
273185 181
264923 182
266753 183
270263 184
283809 185
292760 186
300378 187
302223 188
296857 189
289061 190
281927 191
277593 192
278135 193
282342 194
287109 195
291655 196
294657 197
295195 198
292462 199
290563 200
289117 201
289802 202
289776 203
293032 204
297809 205
295826 206
296863 207
293711 208
290672 209
285443 210
286170 211
284557 212
290493 213
289796 214
292019 215
290750 216
289997 217
287067 218
281993 219
278075 220
275217 221
273379 222
270970 223
271323 224
272421 225
271862 226
274161 227
268573 228
265971 229
262943 230
260325 231
257919 232
254956 233
252007 234
253431 235
253902 236
250406 237
248313 238
242939 239
241387 240
239140 241
235849 242
238492 243
229675 244
229694 245
225639 246
223117 247
223114 248
220161 249
219017 250
215026 251
211267 252
208618 253
206034 254
205643 255
201454 256
199737 257
199320 258
196412 259
196216 260
191296 261
189275 262
186444 263
183730 264
183116 265
179007 266
179697 267
178321 268
175717 269
174553 270
173231 271
169135 272
168164 273
165228 274
163285 275
162065 276
161410 277
159848 278
159892 279
157650 280
156242 281
153857 282
152495 283
150204 284
149281 285
147640 286
146671 287
145899 288
146812 289
145322 290
144501 291
142156 292
140714 293
139070 294
137494 295
135247 296
135799 297
135238 298
135627 299
135897 300
134631 301
133613 302
131456 303
129837 304
127962 305
125819 306
125980 307
126169 308
127206 309
127849 310
126959 311
126117 312
123804 313
122549 314
121241 315
119258 316
117997 317
118202 318
119288 319
119271 320
120622 321
117886 322
117704 323
116411 324
114119 325
113301 326
113068 327
112187 328
112519 329
112833 330
113125 331
111614 332
111597 333
109479 334
109241 335
107842 336
107508 337
107256 338
106824 339
107032 340
107363 341
107078 342
107122 343
106237 344
105377 345
104185 346
103966 347
103887 348
103172 349
103304 350
102876 351
102885 352
102930 353
102274 354
102786 355
101584 356
100848 357
100104 358
100948 359
100339 360
101020 361
98473 362
98906 363
98411 364
98274 365
97965 366
97569 367
97820 368
97568 369
95667 370
95559 371
95237 372
95008 373
95405 374
94141 375
97948 376
93622 377
93164 378
93292 379
92142 380
93319 381
92149 382
93174 383
90697 384
90726 385
89427 386
90099 387
89277 388
87646 389
88319 390
87454 391
87272 392
86155 393
85993 394
85362 395
84773 396
84077 397
83248 398
83506 399
83257 400
82599 401
83240 402
82017 403
82273 404
81067 405
79827 406
80300 407
79507 408
79491 409
78762 410
78517 411
77524 412
77427 413
76689 414
76114 415
76078 416
76141 417
75013 418
75392 419
74248 420
73351 421
72687 422
71693 423
72472 424
71225 425
71151 426
71422 427
69575 428
69078 429
68580 430
68424 431
68216 432
66973 433
67149 434
66268 435
66051 436
65308 437
64078 438
63744 439
64522 440
62810 441
62055 442
62451 443
61677 444
61596 445
60308 446
60016 447
59538 448
59275 449
58434 450
57918 451
57675 452
57106 453
56706 454
56186 455
55632 456
55313 457
54815 458
54873 459
54364 460
53623 461
53620 462
53174 463
52458 464
52747 465
52033 466
51596 467
51241 468
51494 469
51176 470
51069 471
50646 472
49429 473
49600 474
49802 475
49301 476
51006 477
48080 478
48340 479
47259 480
47021 481
47346 482
46888 483
47102 484
46512 485
46022 486
46455 487
45532 488
45807 489
44949 490
44359 491
44643 492
43801 493
45326 494
43487 495
43540 496
43691 497
43104 498
43022 499
42689 500
42694 501
42327 502
41962 503
41807 504
41846 505
40805 506
40535 507
40912 508
40301 509
40204 510
39957 511
39728 512
39804 513
39028 514
39331 515
39273 516
38970 517
38926 518
38779 519
37984 520
37854 521
38518 522
38181 523
37753 524
37654 525
37694 526
37558 527
37340 528
37753 529
37334 530
36904 531
36585 532
36201 533
37026 534
36582 535
35859 536
36543 537
35521 538
36221 539
35271 540
35225 541
35111 542
35065 543
35218 544
34750 545
34827 546
34325 547
34265 548
34429 549
34236 550
33978 551
33843 552
33632 553
32943 554
33260 555
33257 556
33038 557
33265 558
32683 559
32671 560
32359 561
32231 562
32157 563
31855 564
31687 565
32191 566
31321 567
31227 568
31285 569
31374 570
30934 571
30727 572
30958 573
30415 574
30416 575
30139 576
30521 577
30007 578
30338 579
29497 580
29721 581
29800 582
29705 583
29820 584
29426 585
29531 586
29058 587
29274 588
29022 589
28994 590
28823 591
28679 592
28867 593
28417 594
28879 595
27624 596
28036 597
27410 598
27339 599
26967 600
27259 601
27155 602
26294 603
26396 604
26107 605
25809 606
25922 607
25812 608
25829 609
25297 610
24830 611
25622 612
24696 613
24518 614
24714 615
23894 616
24131 617
23929 618
23810 619
23574 620
23805 621
23214 622
23032 623
23358 624
23099 625
22980 626
22215 627
22236 628
22108 629
22295 630
22323 631
22094 632
22165 633
21738 634
21410 635
21612 636
21588 637
21890 638
21349 639
21211 640
21240 641
21638 642
21416 643
21022 644
20853 645
20463 646
20409 647
21203 648
19832 649
21980 650
20026 651
20183 652
21135 653
19261 654
20125 655
19232 656
19117 657
19184 658
19156 659
19093 660
18691 661
18643 662
18156 663
18346 664
18528 665
17909 666
17786 667
17562 668
17545 669
17556 670
17237 671
17324 672
17103 673
16831 674
17098 675
16851 676
16872 677
16809 678
16546 679
16534 680
16666 681
16284 682
16346 683
15916 684
15969 685
15931 686
15776 687
15976 688
15775 689
15614 690
15536 691
15828 692
15398 693
15622 694
15228 695
15676 696
15299 697
15419 698
15827 699
15312 700
15745 701
15526 702
15544 703
15359 704
15154 705
15248 706
14693 707
15777 708
14695 709
15763 710
15592 711
14322 712
14918 713
14225 714
14267 715
14312 716
14156 717
14236 718
13872 719
13828 720
13742 721
13604 722
13785 723
13434 724
13011 725
13292 726
13126 727
13359 728
12995 729
12804 730
12885 731
12987 732
12818 733
12774 734
12643 735
12498 736
12475 737
12482 738
12373 739
12096 740
12238 741
12015 742
12078 743
12186 744
12068 745
11922 746
11594 747
11945 748
11903 749
11819 750
11638 751
11669 752
11484 753
11383 754
11461 755
11968 756
11685 757
11625 758
12118 759
11661 760
11714 761
11639 762
11171 763
11319 764
11125 765
11801 766
11062 767
12243 768
11316 769
11000 770
11639 771
10913 772
10981 773
10893 774
10591 775
10495 776
10409 777
10286 778
10221 779
10149 780
10021 781
9975 782
10055 783
9791 784
9842 785
9692 786
9659 787
9515 788
9437 789
9453 790
9200 791
9223 792
9242 793
9127 794
8847 795
8965 796
8922 797
8787 798
8811 799
8835 800
8703 801
8507 802
8563 803
8472 804
8504 805
8423 806
8435 807
8448 808
8329 809
8276 810
8286 811
8128 812
8142 813
8357 814
8129 815
8089 816
8109 817
8430 818
8425 819
8117 820
8642 821
7908 822
8118 823
8282 824
8227 825
9090 826
8310 827
8081 828
8305 829
7710 830
7754 831
8321 832
7639 833
7552 834
7536 835
7481 836
7216 837
7559 838
7216 839
7180 840
7113 841
7255 842
6990 843
6666 844
6696 845
6588 846
6683 847
6688 848
6564 849
6638 850
6388 851
6230 852
6448 853
6297 854
6440 855
6405 856
6074 857
6003 858
6249 859
6200 860
6010 861
6011 862
6062 863
5856 864
6013 865
5996 866
5856 867
6041 868
5817 869
5983 870
5929 871
6249 872
5945 873
5825 874
6107 875
5925 876
6328 877
6125 878
6080 879
5903 880
5833 881
5873 882
5947 883
5946 884
6161 885
6193 886
6343 887
5744 888
5578 889
5446 890
5506 891
5362 892
5625 893
5256 894
5587 895
5400 896
5181 897
5212 898
5169 899
5133 900
5007 901
4765 902
4799 903
4838 904
4943 905
4757 906
4604 907
4622 908
4637 909
4557 910
4636 911
4464 912
4546 913
4492 914
4439 915
4481 916
4394 917
4414 918
4365 919
4314 920
4561 921
4402 922
4372 923
4423 924
4385 925
4452 926
4385 927
4343 928
4343 929
4168 930
4263 931
4566 932
4402 933
4486 934
4305 935
4264 936
4504 937
4474 938
4427 939
4172 940
4385 941
4499 942
4787 943
5671 944
4508 945
4234 946
4327 947
4045 948
4256 949
4023 950
3991 951
4034 952
3874 953
4017 954
3782 955
3799 956
3609 957
3533 958
3709 959
3498 960
3516 961
3399 962
3502 963
3285 964
3515 965
3341 966
3264 967
3256 968
3298 969
3298 970
3272 971
3190 972
3189 973
3174 974
3068 975
3123 976
3036 977
3097 978
2993 979
3006 980
3015 981
3012 982
3023 983
2936 984
2954 985
2922 986
3025 987
2966 988
3071 989
3078 990
3054 991
3028 992
3234 993
3414 994
3174 995
3075 996
3133 997
3485 998
3347 999
3321 1000
1858 1001
1756 1002
1676 1003
1606 1004
1672 1005
1596 1006
1497 1007
1635 1008
1610 1009
1557 1010
1529 1011
1537 1012
1540 1013
1583 1014
1874 1015
1443 1016
1574 1017
1633 1018
1507 1019
1392 1020
1428 1021
1338 1022
1331 1023
1236 1024
1271 1025
1214 1026
1222 1027
1214 1028
1156 1029
1135 1030
1034 1031
1056 1032
1039 1033
938 1034
1013 1035
978 1036
1111 1037
1070 1038
1025 1039
1025 1040
1057 1041
1010 1042
1036 1043
989 1044
948 1045
987 1046
932 1047
922 1048
940 1049
932 1050
959 1051
895 1052
874 1053
915 1054
901 1055
907 1056
882 1057
886 1058
855 1059
826 1060
889 1061
849 1062
863 1063
802 1064
831 1065
765 1066
771 1067
844 1068
813 1069
777 1070
776 1071
768 1072
751 1073
741 1074
719 1075
746 1076
725 1077
703 1078
755 1079
758 1080
675 1081
677 1082
736 1083
711 1084
656 1085
653 1086
670 1087
648 1088
641 1089
633 1090
676 1091
659 1092
634 1093
634 1094
673 1095
591 1096
586 1097
584 1098
609 1099
587 1100
639 1101
548 1102
561 1103
556 1104
610 1105
533 1106
544 1107
596 1108
500 1109
521 1110
513 1111
524 1112
538 1113
539 1114
485 1115
502 1116
489 1117
539 1118
503 1119
474 1120
499 1121
465 1122
474 1123
475 1124
476 1125
439 1126
440 1127
484 1128
465 1129
461 1130
426 1131
430 1132
479 1133
442 1134
452 1135
452 1136
393 1137
384 1138
414 1139
396 1140
417 1141
465 1142
382 1143
380 1144
394 1145
377 1146
396 1147
381 1148
354 1149
354 1150
363 1151
331 1152
346 1153
372 1154
342 1155
347 1156
352 1157
351 1158
358 1159
388 1160
324 1161
311 1162
300 1163
324 1164
342 1165
332 1166
295 1167
326 1168
306 1169
268 1170
295 1171
332 1172
302 1173
261 1174
270 1175
301 1176
294 1177
237 1178
281 1179
273 1180
274 1181
241 1182
258 1183
275 1184
259 1185
290 1186
247 1187
236 1188
236 1189
249 1190
244 1191
227 1192
245 1193
236 1194
249 1195
223 1196
219 1197
207 1198
232 1199
246 1200
217 1201
196 1202
227 1203
234 1204
212 1205
221 1206
221 1207
193 1208
193 1209
209 1210
196 1211
178 1212
207 1213
197 1214
169 1215
188 1216
186 1217
184 1218
195 1219
181 1220
197 1221
184 1222
172 1223
161 1224
169 1225
172 1226
179 1227
164 1228
153 1229
143 1230
195 1231
158 1232
152 1233
155 1234
146 1235
145 1236
159 1237
131 1238
137 1239
125 1240
158 1241
120 1242
133 1243
138 1244
138 1245
136 1246
115 1247
133 1248
139 1249
146 1250
116 1251
116 1252
130 1253
131 1254
121 1255
128 1256
121 1257
139 1258
135 1259
130 1260
100 1261
131 1262
124 1263
121 1264
115 1265
92 1266
112 1267
120 1268
100 1269
102 1270
113 1271
106 1272
106 1273
106 1274
107 1275
97 1276
92 1277
111 1278
103 1279
82 1280
78 1281
77 1282
87 1283
97 1284
89 1285
69 1286
74 1287
89 1288
79 1289
80 1290
75 1291
94 1292
88 1293
91 1294
78 1295
79 1296
85 1297
93 1298
75 1299
103 1300
96 1301
68 1302
68 1303
76 1304
97 1305
76 1306
80 1307
75 1308
64 1309
71 1310
74 1311
60 1312
82 1313
91 1314
68 1315
66 1316
67 1317
59 1318
65 1319
60 1320
70 1321
58 1322
61 1323
69 1324
63 1325
64 1326
56 1327
62 1328
64 1329
63 1330
57 1331
70 1332
60 1333
59 1334
61 1335
66 1336
76 1337
51 1338
64 1339
62 1340
69 1341
55 1342
56 1343
54 1344
55 1345
44 1346
52 1347
63 1348
46 1349
44 1350
46 1351
58 1352
58 1353
53 1354
53 1355
39 1356
50 1357
43 1358
56 1359
59 1360
42 1361
56 1362
45 1363
49 1364
35 1365
42 1366
54 1367
52 1368
47 1369
31 1370
45 1371
41 1372
39 1373
37 1374
41 1375
46 1376
35 1377
43 1378
28 1379
41 1380
39 1381
32 1382
26 1383
40 1384
22 1385
40 1386
28 1387
30 1388
32 1389
35 1390
35 1391
34 1392
33 1393
32 1394
35 1395
40 1396
41 1397
36 1398
25 1399
40 1400
36 1401
29 1402
36 1403
34 1404
30 1405
31 1406
25 1407
28 1408
35 1409
29 1410
33 1411
37 1412
29 1413
28 1414
38 1415
29 1416
37 1417
34 1418
34 1419
35 1420
26 1421
19 1422
32 1423
31 1424
27 1425
25 1426
28 1427
32 1428
30 1429
37 1430
28 1431
24 1432
17 1433
19 1434
25 1435
26 1436
20 1437
23 1438
30 1439
32 1440
19 1441
20 1442
27 1443
25 1444
27 1445
18 1446
18 1447
23 1448
21 1449
27 1450
22 1451
24 1452
21 1453
20 1454
23 1455
24 1456
17 1457
19 1458
20 1459
22 1460
21 1461
16 1462
21 1463
19 1464
22 1465
20 1466
19 1467
16 1468
21 1469
21 1470
24 1471
30 1472
20 1473
19 1474
20 1475
23 1476
23 1477
23 1478
22 1479
14 1480
17 1481
24 1482
23 1483
23 1484
21 1485
13 1486
19 1487
13 1488
12 1489
19 1490
9 1491
15 1492
17 1493
23 1494
15 1495
15 1496
22 1497
15 1498
18 1499
11 1500
19 1501
19 1502
10 1503
10 1504
21 1505
19 1506
17 1507
20 1508
15 1509
13 1510
18 1511
16 1512
13 1513
7 1514
17 1515
12 1516
22 1517
6 1518
10 1519
20 1520
20 1521
25 1522
25 1523
16 1524
14 1525
14 1526
18 1527
17 1528
13 1529
22 1530
20 1531
17 1532
24 1533
15 1534
17 1535
13 1536
15 1537
13 1538
11 1539
10 1540
19 1541
8 1542
18 1543
14 1544
13 1545
10 1546
20 1547
18 1548
8 1549
23 1550
14 1551
11 1552
16 1553
14 1554
13 1555
16 1556
12 1557
13 1558
10 1559
10 1560
10 1561
15 1562
16 1563
8 1564
16 1565
9 1566
17 1567
12 1568
7 1569
18 1570
13 1571
9 1572
9 1573
10 1574
14 1575
12 1576
6 1577
13 1578
14 1579
6 1580
12 1581
9 1582
7 1583
8 1584
11 1585
7 1586
12 1587
19 1588
10 1589
13 1590
10 1591
13 1592
6 1593
7 1594
11 1595
12 1596
6 1597
14 1598
10 1599
16 1600
8 1601
13 1602
12 1603
17 1604
10 1605
6 1606
6 1607
11 1608
11 1609
2 1610
5 1611
16 1612
12 1613
12 1614
6 1615
10 1616
9 1617
8 1618
9 1619
11 1620
13 1621
7 1622
14 1623
12 1624
13 1625
10 1626
10 1627
8 1628
7 1629
10 1630
7 1631
6 1632
6 1633
10 1634
10 1635
7 1636
7 1637
10 1638
7 1639
7 1640
6 1641
9 1642
6 1643
10 1644
13 1645
10 1646
6 1647
8 1648
13 1649
7 1650
5 1651
12 1652
11 1653
5 1654
13 1655
8 1656
9 1657
13 1658
14 1659
6 1660
8 1661
8 1662
6 1663
9 1664
5 1665
9 1666
9 1667
8 1668
2 1669
8 1670
3 1671
10 1672
6 1673
10 1674
4 1675
10 1676
7 1677
11 1678
8 1679
6 1680
7 1681
7 1682
8 1683
12 1684
9 1685
11 1686
7 1687
6 1688
6 1689
10 1690
2 1691
9 1692
5 1693
5 1694
8 1695
5 1696
9 1697
11 1698
8 1699
10 1700
8 1701
11 1702
11 1703
5 1704
7 1705
4 1706
4 1707
10 1708
11 1709
10 1710
6 1711
7 1712
8 1713
11 1714
6 1715
8 1716
3 1717
7 1718
5 1719
9 1720
7 1721
6 1722
3 1723
6 1724
8 1725
4 1726
8 1727
4 1728
7 1729
6 1730
6 1731
7 1732
9 1733
7 1734
6 1735
5 1736
6 1737
7 1738
6 1739
7 1740
11 1741
4 1742
5 1743
5 1744
7 1745
4 1746
8 1747
13 1748
6 1749
8 1750
7 1751
3 1752
6 1753
8 1754
7 1755
7 1756
5 1757
3 1758
2 1759
8 1760
4 1761
3 1762
7 1763
5 1764
6 1765
5 1766
8 1767
5 1768
11 1769
5 1770
3 1771
4 1772
8 1773
6 1774
6 1775
6 1776
4 1777
5 1778
4 1779
5 1780
7 1781
4 1782
7 1783
4 1784
7 1785
4 1786
2 1787
6 1788
10 1789
8 1790
5 1791
4 1792
3 1793
6 1794
10 1795
6 1796
7 1797
3 1798
4 1799
2 1800
3 1801
4 1802
3 1803
7 1804
5 1805
3 1806
6 1807
6 1808
3 1809
2 1810
4 1811
9 1812
7 1813
2 1814
4 1815
9 1816
2 1817
7 1818
6 1819
8 1820
2 1821
3 1822
4 1823
8 1824
7 1825
4 1826
2 1827
6 1828
6 1829
6 1830
6 1831
8 1832
3 1833
5 1834
4 1835
3 1836
7 1837
5 1838
6 1839
5 1840
7 1841
12 1842
5 1843
5 1844
5 1845
5 1846
4 1848
5 1849
4 1850
3 1851
6 1852
7 1853
5 1854
4 1855
5 1856
3 1857
4 1858
4 1859
8 1860
8 1861
5 1862
4 1863
2 1864
4 1865
5 1866
2 1867
6 1868
4 1869
3 1870
3 1871
2 1872
6 1873
4 1874
3 1875
3 1876
6 1877
4 1878
3 1879
2 1880
4 1881
2 1882
5 1883
6 1884
5 1885
4 1886
8 1887
1 1888
4 1889
4 1890
5 1891
1 1892
3 1893
4 1894
6 1895
3 1896
4 1897
10 1898
7 1899
3 1900
4 1901
4 1902
4 1903
5 1904
2 1905
3 1906
6 1907
9 1908
6 1909
3 1910
4 1911
3 1912
2 1913
3 1914
6 1915
5 1916
4 1917
4 1918
3 1919
3 1920
2 1921
4 1922
5 1923
6 1924
4 1925
5 1926
4 1927
7 1928
5 1929
5 1930
4 1931
7 1932
6 1933
2 1934
5 1935
5 1936
2 1937
7 1938
2 1939
1 1940
3 1941
2 1942
3 1943
1 1944
5 1945
4 1946
3 1947
3 1948
4 1949
6 1950
4 1951
4 1952
9 1953
1 1954
3 1955
1 1956
5 1957
6 1958
3 1959
4 1960
6 1961
2 1962
3 1963
1 1964
3 1965
4 1966
6 1967
1 1968
3 1969
7 1970
2 1971
2 1972
5 1973
2 1974
7 1975
1 1976
4 1977
8 1978
4 1979
6 1980
4 1981
3 1982
2 1983
3 1984
2 1986
4 1987
4 1988
3 1989
4 1990
2 1991
2 1992
1 1993
4 1995
3 1996
1 1997
4 1998
4 1999
1 2000
5 2001
5 2002
1 2003
2 2004
4 2005
7 2006
5 2007
4 2008
3 2009
5 2010
3 2011
4 2012
7 2013
2 2014
1 2015
6 2016
4 2017
3 2018
2 2019
5 2020
2 2021
2 2022
2 2023
4 2024
7 2025
3 2026
2 2028
3 2029
5 2030
2 2031
3 2032
2 2033
3 2034
3 2035
7 2036
1 2037
2 2039
3 2040
5 2041
6 2042
8 2043
3 2044
2 2045
4 2046
1 2047
5 2048
1 2049
4 2050
4 2051
1 2052
3 2053
3 2054
5 2055
4 2056
3 2057
4 2058
4 2059
4 2060
4 2061
3 2062
2 2063
4 2064
6 2065
2 2066
3 2067
1 2068
5 2069
6 2070
2 2071
3 2072
5 2073
3 2074
2 2075
1 2076
6 2077
3 2078
5 2079
3 2080
5 2081
2 2082
3 2083
5 2084
6 2085
4 2086
4 2087
2 2088
7 2089
2 2090
8 2091
2 2092
1 2093
4 2094
3 2095
2 2096
2 2097
2 2098
5 2099
1 2100
1 2101
3 2102
3 2104
2 2105
4 2106
1 2107
2 2108
2 2109
2 2110
3 2111
4 2112
2 2113
2 2114
1 2115
2 2116
5 2117
4 2118
2 2120
3 2121
7 2122
3 2123
1 2124
6 2125
3 2126
2 2127
6 2128
2 2129
3 2130
7 2131
2 2132
4 2133
2 2134
2 2135
2 2136
3 2137
5 2138
2 2139
8 2140
5 2141
5 2142
7 2143
4 2144
6 2145
7 2146
8 2147
1 2148
1 2149
5 2150
1 2151
7 2152
3 2153
4 2154
4 2155
2 2156
8 2157
4 2158
2 2159
7 2160
6 2161
1 2162
1 2163
3 2164
3 2165
2 2166
3 2167
6 2168
2 2169
7 2170
3 2171
2 2172
1 2173
3 2174
2 2175
4 2176
3 2177
5 2178
3 2179
6 2181
3 2182
4 2183
2 2184
1 2185
4 2186
3 2187
3 2188
2 2189
5 2190
4 2191
3 2192
2 2193
3 2195
1 2196
2 2197
4 2198
3 2199
5 2200
1 2201
2 2202
3 2203
1 2204
4 2205
4 2206
2 2207
1 2208
1 2209
2 2210
1 2211
2 2212
4 2213
1 2215
3 2216
1 2217
1 2218
1 2219
1 2222
1 2225
4 2226
1 2227
3 2228
2 2229
2 2230
1 2231
1 2232
4 2233
2 2234
1 2235
1 2236
1 2237
4 2238
3 2239
2 2240
4 2241
4 2242
4 2243
3 2244
5 2245
1 2246
1 2247
2 2248
3 2250
1 2251
4 2252
2 2253
3 2254
1 2255
4 2256
3 2257
3 2258
6 2259
4 2260
2 2261
3 2262
3 2263
3 2264
3 2265
2 2266
4 2267
2 2268
4 2269
3 2270
3 2271
3 2272
3 2273
3 2274
5 2275
1 2276
3 2277
3 2278
3 2279
4 2280
1 2281
4 2282
2 2283
1 2284
2 2286
3 2287
2 2288
1 2289
2 2290
4 2291
1 2292
6 2293
1 2294
2 2296
4 2297
2 2298
4 2299
2 2300
2 2301
2 2302
1 2303
2 2304
2 2305
2 2306
2 2307
2 2308
3 2309
2 2310
1 2311
3 2314
1 2315
3 2316
7 2317
1 2318
2 2319
2 2320
2 2321
3 2322
1 2323
2 2324
2 2325
1 2326
1 2327
2 2328
2 2329
1 2330
1 2331
2 2332
3 2334
2 2336
1 2337
4 2338
6 2339
2 2340
6 2341
1 2342
2 2343
2 2344
3 2345
3 2346
2 2347
2 2348
2 2349
2 2350
3 2351
1 2352
1 2353
4 2354
2 2355
4 2359
1 2360
2 2361
2 2362
1 2363
1 2364
2 2365
1 2366
2 2367
2 2369
5 2371
1 2373
2 2374
3 2375
3 2376
1 2377
1 2378
5 2379
3 2380
3 2381
2 2382
1 2384
5 2385
2 2386
1 2387
1 2390
2 2393
1 2394
4 2395
1 2396
2 2399
1 2401
2 2402
1 2403
1 2404
1 2405
4 2406
2 2407
1 2408
3 2410
3 2413
4 2414
4 2418
1 2419
1 2420
1 2422
1 2423
1 2424
1 2425
2 2427
2 2428
2 2429
2 2430
3 2431
2 2432
2 2433
1 2434
3 2435
1 2436
4 2437
1 2438
2 2439
1 2440
2 2442
2 2443
1 2444
4 2446
1 2448
1 2449
1 2451
1 2452
3 2453
3 2455
2 2456
1 2457
1 2458
3 2459
1 2460
2 2461
5 2462
3 2463
2 2465
2 2466
2 2467
2 2468
2 2469
2 2473
1 2474
1 2475
2 2476
1 2477
2 2478
1 2479
1 2482
4 2485
2 2486
1 2487
1 2489
1 2490
2 2491
2 2496
1 2497
2 2500
1 2501
2 2502
1 2504
1 2505
3 2506
5 2507
3 2508
1 2509
2 2510
1 2514
2 2515
1 2516
1 2517
3 2518
2 2519
1 2520
3 2521
1 2524
2 2525
1 2526
1 2527
2 2528
2 2529
1 2530
3 2531
2 2533
1 2534
1 2535
2 2536
2 2537
1 2538
3 2539
1 2544
2 2545
2 2546
3 2547
3 2548
1 2551
1 2552
3 2553
4 2554
4 2555
4 2557
1 2558
2 2559
1 2561
2 2562
2 2563
4 2564
2 2565
1 2567
2 2568
1 2570
1 2571
1 2572
1 2573
1 2575
1 2576
2 2577
1 2578
1 2579
2 2580
5 2581
4 2582
2 2584
1 2585
1 2586
3 2587
3 2588
1 2590
1 2594
1 2595
1 2596
2 2597
1 2598
1 2599
1 2600
2 2602
3 2603
1 2604
2 2605
1 2606
2 2607
2 2608
5 2610
1 2612
1 2613
1 2616
1 2619
1 2620
2 2622
1 2623
1 2625
1 2631
1 2633
2 2634
1 2635
2 2636
3 2639
1 2640
1 2641
1 2643
2 2644
2 2645
2 2648
3 2649
1 2652
2 2653
2 2655
2 2656
1 2657
3 2660
1 2661
3 2662
4 2663
3 2664
2 2666
2 2669
2 2670
2 2671
1 2672
3 2673
2 2674
1 2675
1 2676
3 2677
1 2678
1 2683
2 2684
3 2687
1 2688
3 2689
2 2690
3 2691
2 2692
1 2693
2 2694
3 2696
2 2699
2 2701
1 2703
1 2704
1 2706
1 2707
1 2708
2 2709
1 2710
1 2711
1 2712
1 2713
3 2715
2 2717
2 2720
7 2722
2 2723
1 2724
1 2729
1 2731
2 2733
1 2734
4 2735
2 2740
1 2742
2 2745
2 2747
2 2748
2 2751
1 2752
1 2754
1 2756
1 2757
2 2758
3 2759
1 2760
3 2763
1 2766
1 2767
1 2771
1 2772
1 2773
2 2775
1 2778
1 2782
1 2785
4 2786
2 2787
2 2788
3 2790
2 2793
2 2794
2 2795
1 2797
1 2799
2 2800
2 2801
2 2802
2 2803
1 2806
1 2808
2 2809
1 2811
3 2813
1 2815
2 2820
3 2821
2 2822
2 2823
1 2824
1 2827
2 2830
2 2831
1 2832
2 2834
2 2835
1 2837
2 2839
1 2840
1 2841
2 2842
1 2845
1 2848
1 2849
1 2850
1 2856
3 2857
2 2858
2 2860
1 2861
2 2862
2 2863
2 2868
2 2869
1 2870
2 2871
2 2872
1 2874
1 2875
2 2877
2 2878
1 2880
1 2881
2 2882
1 2883
1 2885
2 2887
1 2889
2 2891
2 2893
1 2894
1 2895
1 2896
2 2897
2 2898
2 2900
1 2902
3 2903
1 2911
1 2913
1 2917
1 2918
2 2923
2 2924
3 2926
1 2927
1 2928
1 2930
1 2932
2 2933
1 2939
1 2940
1 2944
1 2945
1 2946
1 2947
1 2948
1 2951
1 2953
2 2956
3 2957
2 2958
2 2959
1 2960
1 2961
1 2964
1 2966
2 2968
1 2969
2 2972
1 2976
2 2977
1 2978
1 2979
1 2980
2 2981
1 2983
2 2984
1 2992
1 2997
6 2998
1 3001
1 3004
3 3006
1 3007
2 3009
1 3010
1 3011
1 3016
2 3018
1 3019
2 3021
2 3022
2 3023
1 3024
1 3027
1 3030
1 3033
2 3035
1 3036
2 3039
1 3040
2 3041
1 3042
5 3043
2 3045
1 3048
1 3050
1 3054
2 3055
1 3056
2 3058
1 3064
1 3066
1 3067
1 3068
1 3069
2 3070
2 3072
1 3077
1 3078
1 3082
1 3083
2 3084
3 3085
3 3086
1 3088
4 3090
2 3091
2 3093
2 3095
1 3097
1 3102
1 3107
1 3108
1 3109
1 3110
2 3113
2 3114
1 3115
2 3116
2 3118
1 3120
1 3121
3 3123
1 3124
1 3127
1 3128
1 3129
1 3130
1 3131
1 3132
2 3134
2 3139
1 3140
1 3141
1 3143
1 3146
2 3153
1 3154
2 3156
2 3160
1 3165
1 3166
1 3168
1 3169
2 3176
1 3179
2 3185
1 3187
3 3189
1 3192
1 3194
2 3195
1 3199
1 3200
1 3203
1 3204
1 3205
1 3209
1 3210
1 3212
2 3213
2 3214
1 3217
1 3219
2 3220
3 3221
2 3222
1 3223
1 3224
1 3225
1 3226
2 3227
1 3228
1 3233
1 3234
1 3235
2 3236
1 3237
2 3239
4 3241
1 3243
1 3244
4 3247
1 3249
1 3250
1 3252
2 3256
2 3257
2 3259
1 3260
1 3261
1 3263
1 3268
1 3270
1 3274
2 3277
1 3278
1 3281
1 3282
3 3283
1 3285
1 3286
1 3287
1 3288
1 3289
3 3290
2 3291
4 3292
2 3293
6 3294
4 3296
1 3298
1 3299
2 3301
3 3302
2 3303
1 3306
2 3307
4 3309
1 3310
2 3311
1 3319
3 3320
3 3321
1 3322
2 3324
1 3328
3 3329
1 3330
3 3335
1 3337
3 3338
1 3339
1 3340
2 3341
1 3342
1 3343
2 3349
1 3350
2 3351
1 3355
1 3359
2 3360
1 3361
1 3363
2 3364
3 3366
1 3367
3 3368
1 3369
1 3372
1 3373
1 3374
1 3376
1 3377
1 3379
3 3383
1 3386
1 3387
1 3388
1 3389
1 3390
1 3397
2 3398
3 3399
2 3400
3 3401
2 3402
1 3403
1 3407
2 3410
1 3411
4 3416
3 3417
1 3418
2 3420
5 3421
2 3424
2 3425
2 3426
4 3427
1 3430
1 3431
6 3432
1 3433
2 3435
1 3437
1 3438
2 3439
1 3440
1 3444
1 3445
1 3448
2 3449
1 3452
1 3453
1 3454
1 3456
1 3457
2 3458
1 3459
1 3467
1 3469
1 3471
1 3472
1 3475
2 3478
1 3482
1 3484
1 3485
1 3486
1 3487
1 3489
1 3490
1 3492
2 3495
1 3496
1 3497
1 3499
1 3501
1 3507
2 3509
1 3511
3 3516
2 3517
1 3518
1 3520
3 3522
1 3525
1 3526
1 3534
4 3535
2 3537
1 3538
1 3540
1 3541
1 3546
2 3547
1 3550
5 3551
1 3554
1 3557
1 3558
1 3562
1 3564
1 3565
2 3567
1 3573
1 3574
1 3575
4 3576
3 3583
1 3590
2 3591
1 3592
2 3593
1 3594
1 3597
1 3598
1 3600
1 3601
1 3602
1 3604
1 3605
1 3606
1 3609
1 3610
1 3612
1 3613
1 3614
2 3616
1 3617
2 3618
2 3623
1 3625
3 3626
3 3627
1 3630
1 3631
1 3634
1 3637
1 3640
1 3643
1 3648
2 3649
1 3650
1 3654
2 3659
1 3661
2 3668
1 3671
1 3673
1 3676
1 3677
1 3678
1 3681
2 3683
1 3684
1 3689
1 3694
1 3696
2 3701
1 3703
3 3705
2 3707
1 3711
1 3712
1 3713
1 3714
1 3716
1 3717
1 3724
2 3725
2 3730
1 3731
1 3733
2 3734
2 3736
1 3737
1 3739
1 3744
1 3746
1 3748
1 3749
1 3754
2 3757
1 3760
1 3762
1 3770
2 3771
1 3773
1 3776
1 3777
1 3782
1 3784
2 3786
2 3787
1 3788
2 3789
4 3790
2 3791
1 3792
2 3794
1 3797
2 3798
1 3799
5 3804
1 3806
4 3808
3 3811
1 3812
2 3814
1 3816
3 3817
1 3821
1 3824
1 3825
1 3828
1 3830
1 3831
3 3834
1 3837
1 3842
1 3843
1 3845
1 3850
1 3851
1 3858
2 3859
1 3860
1 3862
1 3865
2 3868
2 3873
1 3874
1 3878
1 3879
2 3885
2 3886
2 3888
2 3889
1 3898
1 3900
2 3902
4 3903
1 3904
1 3905
1 3907
2 3910
1 3914
1 3915
1 3916
1 3917
1 3919
1 3921
1 3925
1 3927
1 3928
1 3933
2 3934
1 3937
1 3938
1 3941
1 3945
1 3952
3 3953
2 3956
1 3966
1 3967
1 3968
2 3972
3 3976
1 3979
1 3980
1 3981
2 3982
1 3983
3 3986
1 3987
1 3989
1 3999
1 4000
1 4001
1 4006
1 4011
1 4013
1 4014
2 4026
1 4027
2 4030
1 4032
3 4038
2 4042
1 4044
1 4046
1 4047
1 4048
2 4054
1 4059
2 4061
1 4062
1 4071
2 4072
1 4081
1 4083
3 4084
1 4085
1 4086
2 4087
2 4091
1 4094
1 4096
2 4104
1 4109
1 4112
1 4113
1 4114
1 4117
2 4122
1 4123
1 4124
2 4127
2 4128
1 4133
1 4138
2 4139
2 4140
1 4144
2 4147
1 4148
1 4149
1 4151
1 4168
1 4169
1 4191
1 4195
1 4219
2 4221
1 4222
2 4229
1 4230
1 4232
1 4237
1 4239
1 4242
1 4245
1 4256
1 4257
2 4259
1 4262
1 4276
2 4279
1 4290
1 4306
1 4308
1 4310
1 4312
1 4315
2 4316
1 4320
2 4327
2 4328
1 4329
1 4331
2 4334
1 4341
2 4361
1 4364
2 4388
3 4399
1 4407
1 4417
1 4423
1 4429
1 4430
2 4455
1 4482
1 4490
2 4515
1 4519
1 4527
1 4536
1 4544
3 4547
1 4550
1 4552
1 4555
1 4557
2 4561
1 4564
1 4566
1 4568
1 4585
1 4588
2 4591
1 4600
1 4606
1 4611
1 4613
1 4626
2 4627
1 4629
1 4634
1 4645
1 4659
1 4660
1 4661
1 4667
1 4668
1 4670
1 4685
2 4706
2 4707
1 4710
1 4713
1 4716
2 4717
1 4718
1 4729
1 4733
1 4751
1 4752
1 4758
2 4761
1 4762
1 4767
1 4777
1 4785
1 4802
1 4803
1 4817
1 4820
1 4821
3 4826
1 4828
1 4830
1 4835
4 4842
1 4851
2 4852
1 4853
2 4854
2 4856
1 4865
1 4881
1 4894
1 4896
1 4908
1 4910
4 4913
3 4914
1 4916
1 4920
1 4931
1 4936
1 4940
1 4943
1 4951
1 4959
1 4964
1 4973
1 4978
1 4985
1 4992
1 4996
1 5001
1 5003
2 5006
2 5020
1 5021
1 5022
1 5025
1 5030
1 5031
1 5036
1 5037
1 5038
1 5052
1 5054
1 5064
1 5066
1 5069
1 5078
1 5079
1 5080
3 5082
1 5085
1 5090
1 5095
1 5100
1 5116
1 5122
1 5131
1 5142
4 5144
1 5147
1 5151
1 5153
1 5156
1 5157
1 5158
1 5163
1 5164
1 5169
1 5176
1 5182
1 5188
1 5191
1 5194
1 5195
1 5198
1 5200
1 5215
1 5218
2 5220
1 5221
1 5222
1 5226
4 5227
1 5240
1 5249
1 5252
1 5254
2 5256
1 5259
3 5260
2 5263
1 5264
1 5266
1 5268
2 5270
1 5273
1 5274
1 5279
1 5280
1 5281
1 5284
1 5290
2 5291
1 5292
1 5294
1 5297
1 5298
1 5302
1 5305
1 5308
1 5309
1 5312
1 5315
1 5317
1 5318
1 5321
1 5323
1 5324
1 5327
4 5331
1 5335
1 5336
1 5339
1 5343
4 5344
1 5349
1 5351
1 5354
1 5356
1 5357
1 5361
2 5366
1 5368
1 5370
1 5377
1 5381
1 5382
1 5384
1 5391
1 5394
1 5402
1 5406
1 5407
1 5408
1 5412
2 5422
1 5424
1 5430
1 5432
1 5433
1 5438
1 5443
1 5447
1 5449
1 5450
1 5456
1 5458
2 5462
1 5466
2 5475
2 5481
1 5482
1 5483
1 5485
2 5490
1 5493
1 5497
1 5499
1 5502
3 5503
1 5507
2 5511
1 5518
2 5523
2 5524
5 5527
1 5530
2 5534
1 5539
1 5540
1 5543
2 5545
1 5548
1 5549
1 5554
1 5555
2 5557
1 5562
1 5563
2 5564
1 5565
1 5566
2 5571
1 5572
1 5575
2 5578
1 5586
2 5588
1 5593
1 5596
2 5603
1 5611
1 5612
1 5614
1 5615
1 5617
2 5627
1 5628
2 5629
1 5630
2 5632
3 5635
1 5637
1 5640
1 5641
1 5646
1 5647
2 5651
1 5653
1 5656
1 5658
1 5661
1 5664
1 5667
2 5668
1 5669
1 5670
1 5671
1 5672
1 5675
1 5680
2 5681
1 5683
2 5686
1 5688
1 5690
1 5691
2 5692
1 5693
1 5697
1 5698
1 5707
2 5708
1 5710
2 5711
1 5712
1 5713
1 5714
3 5715
2 5717
1 5724
4 5726
1 5727
1 5728
1 5730
2 5735
1 5740
2 5741
1 5742
1 5743
2 5744
1 5748
3 5750
1 5751
1 5752
1 5754
1 5760
1 5761
2 5765
1 5766
1 5768
1 5770
1 5772
1 5773
2 5774
3 5775
1 5776
2 5777
1 5783
2 5784
1 5788
2 5789
1 5790
1 5792
1 5793
1 5796
1 5797
2 5799
3 5800
1 5801
1 5803
2 5806
1 5809
1 5814
1 5820
1 5823
3 5825
1 5826
2 5827
1 5828
3 5832
1 5835
2 5838
2 5842
1 5846
2 5849
3 5850
1 5851
1 5853
1 5858
2 5859
2 5861
2 5862
1 5864
1 5869
1 5872
1 5876
3 5877
1 5881
1 5888
1 5893
1 5896
1 5911
2 5912
2 5916
1 5923
2 5925
2 5928
2 5929
1 5932
1 5934
1 5935
1 5937
1 5938
3 5940
1 5941
2 5943
1 5946
1 5954
2 5955
1 5956
1 5957
1 5962
1 5966
1 5970
2 5971
1 5974
1 5976
2 5981
1 5985
2 5986
1 5987
2 5988
1 5989
1 5991
1 5996
1 5999
1 6001
2 6006
1 6007
1 6008
2 6009
3 6011
1 6019
2 6020
1 6027
1 6036
1 6038
1 6043
2 6046
1 6047
3 6048
1 6054
1 6062
1 6066
1 6067
2 6068
1 6069
1 6070
1 6079
1 6080
1 6082
1 6085
1 6105
1 6107
3 6111
1 6113
1 6130
1 6134
1 6149
1 6151
1 6163
1 6164
1 6176
1 6177
2 6179
2 6182
1 6195
1 6203
2 6204
1 6205
1 6223
1 6227
1 6233
1 6240
1 6242
1 6258
2 6267
1 6274
1 6288
1 6298
1 6304
2 6305
2 6314
1 6317
1 6319
1 6322
1 6325
2 6330
1 6333
1 6334
1 6344
1 6345
2 6347
1 6354
1 6355
1 6356
1 6357
1 6363
1 6367
1 6373
1 6376
1 6383
1 6389
1 6391
1 6395
2 6396
1 6397
1 6398
2 6403
1 6404
1 6405
1 6408
2 6409
1 6414
1 6415
1 6423
3 6425
1 6426
1 6427
1 6429
1 6432
1 6435
1 6436
1 6437
1 6441
1 6444
1 6445
1 6450
2 6453
2 6454
2 6457
1 6459
1 6460
1 6461
1 6462
1 6467
1 6469
2 6471
1 6475
1 6479
1 6484
1 6486
1 6487
1 6488
2 6496
5 6498
1 6500
1 6501
1 6503
1 6509
1 6515
1 6516
2 6520
2 6521
4 6523
1 6525
1 6531
1 6534
1 6535
2 6536
2 6537
4 6539
1 6540
2 6541
1 6543
1 6544
2 6545
2 6547
2 6548
1 6549
1 6550
3 6554
4 6555
1 6556
1 6557
2 6560
1 6561
1 6564
4 6566
1 6567
1 6570
1 6572
1 6573
4 6574
1 6577
1 6578
2 6579
1 6582
1 6584
1 6587
2 6591
1 6592
1 6594
2 6595
1 6597
1 6599
2 6603
1 6605
2 6607
1 6608
1 6609
2 6610
3 6611
1 6613
1 6614
2 6619
1 6620
1 6621
1 6624
1 6625
3 6626
1 6627
3 6628
2 6630
1 6631
5 6633
1 6634
2 6635
1 6636
2 6637
1 6638
3 6639
2 6640
4 6641
2 6642
5 6644
1 6646
2 6647
1 6648
2 6649
2 6650
2 6652
1 6653
1 6654
2 6656
1 6657
1 6658
1 6659
4 6660
1 6661
2 6662
1 6663
1 6665
1 6667
1 6668
2 6669
1 6671
2 6674
2 6675
1 6677
1 6678
5 6679
1 6680
3 6683
1 6684
5 6685
3 6686
1 6687
1 6689
2 6690
2 6691
1 6692
1 6693
1 6694
1 6695
1 6698
2 6700
3 6702
3 6703
1 6704
2 6705
1 6706
1 6708
1 6713
2 6714
1 6716
1 6717
3 6718
5 6720
4 6721
3 6722
2 6724
1 6725
1 6727
1 6728
1 6730
1 6731
1 6732
3 6734
2 6736
5 6738
2 6739
2 6740
3 6741
2 6743
2 6744
1 6745
1 6747
1 6749
1 6750
3 6752
1 6753
1 6757
1 6759
1 6760
4 6763
1 6764
1 6766
3 6767
1 6769
1 6770
1 6771
2 6772
2 6773
1 6774
2 6775
2 6776
2 6777
2 6778
1 6779
1 6780
1 6781
1 6782
2 6784
2 6786
8 6787
1 6788
5 6789
5 6790
2 6791
3 6792
1 6793
2 6798
2 6799
1 6800
1 6801
1 6804
1 6805
1 6806
1 6808
2 6809
1 6810
1 6812
4 6813
2 6814
2 6815
1 6817
1 6819
1 6821
3 6822
3 6823
3 6825
2 6826
4 6828
1 6829
2 6830
4 6831
2 6834
3 6836
3 6837
2 6838
1 6840
1 6842
2 6845
1 6846
1 6847
1 6849
1 6851
2 6853
1 6854
4 6857
1 6858
1 6859
1 6860
2 6862
2 6864
1 6868
1 6869
2 6870
2 6871
1 6873
3 6874
1 6875
1 6876
2 6881
1 6882
1 6883
1 6886
1 6887
1 6888
1 6889
1 6890
1 6891
1 6892
1 6893
3 6894
3 6895
1 6896
3 6897
3 6899
1 6900
2 6901
1 6902
1 6903
1 6904
1 6906
4 6909
1 6910
1 6911
1 6912
4 6914
3 6915
1 6918
1 6919
2 6922
1 6923
2 6925
1 6927
1 6928
1 6929
1 6932
3 6933
1 6934
1 6935
2 6937
1 6938
1 6940
1 6941
1 6943
1 6944
2 6945
1 6951
1 6955
1 6957
2 6960
2 6962
2 6963
1 6964
1 6966
1 6970
1 6971
1 6973
1 6974
2 6975
1 6976
2 6977
1 6978
1 6979
1 6980
2 6981
3 6982
1 6984
7 6986
1 6988
1 6990
1 6992
1 6994
1 6995
2 6996
1 6997
1 6998
1 6999
2 7000
2 7002
1 7003
1 7004
2 7007
3 7008
3 7010
2 7011
2 7012
1 7014
2 7015
2 7017
1 7018
3 7019
5 7020
1 7022
1 7024
2 7025
1 7026
1 7027
1 7030
2 7031
1 7032
1 7035
2 7037
4 7038
1 7039
1 7040
2 7042
1 7044
1 7045
2 7047
3 7048
1 7051
2 7052
1 7053
1 7055
1 7056
1 7057
1 7058
2 7059
1 7060
1 7062
1 7064
1 7065
4 7066
1 7068
1 7069
1 7071
2 7074
1 7075
1 7076
2 7078
3 7079
1 7082
3 7083
3 7084
2 7088
1 7090
2 7093
1 7094
1 7095
2 7096
2 7097
3 7098
2 7099
1 7100
3 7101
1 7102
1 7103
3 7105
1 7106
1 7107
1 7109
1 7113
1 7115
1 7120
1 7121
1 7122
1 7123
1 7124
1 7126
1 7129
1 7131
1 7132
1 7134
4 7135
1 7136
1 7141
1 7144
2 7147
1 7148
2 7152
2 7154
2 7155
1 7156
2 7160
2 7161
1 7165
1 7167
1 7168
3 7170
2 7171
1 7172
3 7173
1 7175
2 7176
1 7180
1 7182
1 7184
1 7185
1 7191
2 7194
1 7196
1 7197
1 7198
3 7199
1 7200
1 7207
2 7211
3 7212
1 7213
1 7214
1 7215
1 7216
5 7219
1 7220
1 7221
2 7222
2 7224
1 7225
1 7228
1 7229
1 7231
1 7232
4 7234
1 7236
1 7237
3 7238
1 7239
1 7240
1 7242
1 7243
1 7244
1 7245
2 7247
2 7248
4 7250
1 7251
2 7252
2 7254
2 7255
1 7261
1 7263
1 7264
3 7265
1 7266
1 7267
4 7268
1 7270
2 7272
1 7273
2 7274
1 7275
2 7276
1 7277
1 7280
1 7282
2 7283
1 7284
2 7285
4 7287
1 7288
2 7289
4 7291
2 7293
1 7299
2 7300
1 7302
1 7303
1 7304
2 7305
1 7306
2 7307
4 7308
2 7309
6 7310
2 7313
3 7314
4 7316
1 7320
1 7321
2 7322
1 7324
1 7326
4 7327
5 7330
1 7331
2 7333
1 7334
3 7335
2 7336
3 7339
1 7340
1 7342
1 7343
2 7344
2 7345
3 7346
2 7347
1 7348
4 7349
3 7351
1 7353
1 7354
5 7356
3 7357
2 7358
1 7359
4 7360
2 7361
1 7362
1 7363
1 7364
2 7365
3 7367
2 7368
1 7369
2 7371
1 7374
1 7375
4 7376
3 7378
2 7381
2 7382
1 7385
1 7389
2 7392
2 7393
1 7394
2 7395
2 7397
1 7398
3 7399
1 7400
2 7403
2 7405
3 7406
1 7407
2 7408
3 7409
1 7411
1 7413
2 7415
1 7419
1 7420
2 7421
1 7422
1 7423
1 7427
1 7430
1 7431
1 7434
2 7435
2 7436
3 7440
1 7441
1 7442
1 7443
1 7444
1 7445
4 7446
1 7448
1 7449
1 7450
1 7451
2 7452
2 7456
1 7458
1 7459
2 7460
2 7462
1 7463
2 7465
3 7467
1 7468
1 7469
1 7472
1 7478
3 7479
1 7481
1 7483
1 7485
2 7486
1 7487
1 7489
1 7494
1 7495
1 7496
1 7498
1 7503
2 7504
1 7506
2 7507
4 7511
1 7515
2 7516
1 7520
3 7521
1 7523
1 7524
1 7525
1 7529
1 7530
1 7531
1 7532
2 7533
1 7534
1 7542
1 7543
2 7544
1 7549
2 7560
1 7562
2 7563
1 7564
4 7568
1 7569
1 7573
1 7576
2 7577
1 7578
1 7582
2 7584
1 7585
1 7587
1 7592
1 7594
1 7595
2 7596
1 7597
2 7600
2 7602
1 7604
1 7605
1 7606
1 7609
2 7611
1 7613
2 7617
1 7618
2 7620
2 7623
1 7625
1 7626
1 7631
1 7633
2 7640
3 7641
1 7643
2 7647
1 7650
2 7652
2 7653
1 7659
1 7661
1 7663
1 7664
1 7669
1 7672
1 7676
1 7677
1 7679
2 7681
1 7687
2 7690
3 7692
1 7694
1 7695
1 7696
1 7701
1 7702
1 7705
1 7711
3 7713
1 7714
1 7716
2 7717
1 7718
1 7721
1 7723
3 7725
1 7730
1 7735
2 7736
1 7737
1 7738
1 7740
1 7742
1 7744
1 7746
1 7750
2 7752
1 7753
2 7754
1 7757
1 7759
1 7765
1 7766
3 7768
1 7769
1 7770
1 7772
1 7774
1 7775
1 7778
1 7779
1 7780
1 7781
1 7782
1 7787
1 7793
3 7796
1 7798
1 7802
1 7803
1 7811
1 7813
1 7815
1 7820
1 7827
1 7829
1 7831
2 7833
1 7835
1 7838
2 7842
1 7848
1 7849
1 7854
1 7860
1 7863
1 7865
1 7868
1 7872
1 7876
1 7877
1 7879
1 7883
2 7886
1 7887
2 7889
1 7893
2 7897
1 7899
2 7910
1 7911
1 7914
1 7917
2 7926
1 7941
1 7943
1 7946
1 7950
1 7953
1 7956
1 7965
2 7971
2 7975
2 7981
1 7987
1 7990
1 7991
1 7996
2 7997
1 8001
1 8009
1 8012
1 8034
1 8044
1 8050
1 8055
1 8063
1 8067
2 8073
1 8077
1 8085
1 8089
1 8090
1 8093
1 8097
1 8102
1 8117
1 8135
1 8139
1 8164
2 8177
3 8182
1 8183
1 8193
1 8195
1 8207
1 8211
1 8218
1 8251
1 8339
1 8341
1 8357
1 8359
1 8388
1 8395
1 8406
1 8409
1 8413
1 8427
1 8435
1 8452
2 8467
1 8481
1 8482
1 8483
1 8515
1 8516
1 8522
2 8544
1 8547
1 8574
1 8582
1 8605
1 8642
1 8664
1 8701
2 8712
1 8744
1 8752
2 8762
1 8773
1 8775
1 8785
1 8815
1 8821
1 8836
1 8841
1 8842
1 8872
1 8875
2 8884
1 8905
1 8918
1 8931
2 8935
1 8954
1 8958
2 8959
1 8971
1 8980
1 8982
1 9101
1 9159
1 9188
1 9205
1 9227
1 9263
1 9310
1 9325
1 9328
1 9352
1 9368
1 9378
1 9385
1 9417
1 9422
1 9458
1 9479
1 9488
1 9511
1 9561
1 9582
2 9589
1 9592
2 9613
1 9685
1 9694
1 9708
1 9732
1 9733
1 9755
2 9766
1 9782
1 9787
1 9798
1 9811
1 9827
1 9858
1 9902
1 9915
1 9930
1 10024
1 10095
1 10131
1 10155
1 10228
1 10304
1 10357
1 10367
1 10370
1 10401
2 10450
1 10453
1 10497
1 10505
1 10563
1 10593
2 10652
1 10822
1 10827
2 10841
1 10858
1 10880
1 11221
1 11233
2 11263
1 11381
1 11478
1 11490
1 11493
1 11508
1 11526
1 11882
1 11894
1 11927
1 11988
1 12039
1 12093
1 12106
1 12231
2 12322
1 12359
1 12429
1 12722
1 12799
1 12899
1 12982
1 12997
1 13098
1 13105
1 13169
1 13209
1 13221
1 13234
1 13336
1 13362
2 13404
1 13456
1 13606
1 13898
1 13904
1 14289
1 14340
1 14428
2 14447
1 14615
1 14776
1 14906
1 14928
1 14938
1 15001
2 15052
1 15055
2 15205
1 15422
1 15430
1 15475
1 15564
1 16156
1 16169
1 16202
1 16296
1 16464
1 16473
1 16677
1 16854
1 17070
1 17225
1 17357
1 17371
1 17387
1 17488
1 17585
1 17608
2 17690
1 17712
1 17720
1 17788
1 17895
1 17902
1 17926
1 17963
1 18014
1 18025
1 18031
1 18038
2 18059
1 18073
1 18107
1 18116
3 18117
1 18128
1 18131
1 18151
1 18153
1 18171
1 18176
1 18187
2 18224
1 18234
1 18238
1 18241
1 18245
1 18254
1 18260
2 18300
1 18333
1 18341
1 18401
1 18415
1 18430
1 18467
1 18468
2 18473
2 18496
1 18500
1 19273
1 19962
1 20035
1 20135
1 20162
1 20249
1 20252
1 20536
3 20742
1 20863
1 21209
1 22296
1 22681
1 23017
2 23924
1 24098
1 24775
1 24840
1 24875
1 24890
1 25025
1 25212
2 26837
3 27013
1 28214
1 29850
1 31075
1 33258
1 35526
1 35590
1 35991
1 37146
1 37584
1 37619
1 37656
1 40807
1 43519
1 45937
1 46082
1 46400
1 48325
1 48781
1 49357
1 49535
1 52501
1 52538
1 53657
1 53782
1 54155
1 54256
1 54313
1 54523
2 54587
1 54598
1 54610
2 54612
1 55725
1 57131
1 57688
2 57964
1 58300
2 61297
2 74416
1 75788
1 78781
1 82231
1 82430
1 84328
1 84906
1 90791
2 94310
1 95034
1 109537
1 121671
1 126371
1 133831
1 136721
1 137949
1 149757
1 149972
1 154719
1 155760
1 159219
1 159379
1 168808
2 172409
1 172469
1 179587
2 179652
1 185588
1 187716
1 187783
1 192166
1 200123
1 201258
1 215608
1 220049
1 224151
1 226060
1 226928
1 226980
1 226982
2 226985
3 226987
1 226993
1 226994
1 226997
2 226998
3 227000
1 227001
2 227008
1 227011
1 227012
3 227015
2 227020
1 227445
1 227688
1 227703
1 227708
1 227713
1 227731
1 230898
3 253025
1 254168
1 259847
1 271092
1 293356
1 293444
1 293447
1 293491
1 293492
1 293507
1 293512
1 293538
1 293545
1 293576
1 293686
1 293746
1 293754
1 293774
1 293786
1 300855
1 314716
1 315293
1 315419
1 315456
1 315479
1 315559
1 315614
1 315619
1 319810
1 334153
1 344214
2 349665
1 357059
1 376462
1 381576
1 389497
1 394761
1 416024
1 436847
1 460781
1 461315
1 476701
1 476901
1 478593
1 478915
1 480179
1 480550
1 480556
1 488846
1 512811
1 538059
1 542940
1 552374
1 558162
1 565027
1 565298
1 571098
1 576665
1 609819
2 609888
1 616591
1 648334
1 651447
1 660632
1 662878
1 681080
1 705158
1 708968
1 739432
1 746200
1 755405
1 775979
1 784188
1 800340
2 823223
1 827981
1 856817
1 862099
1 894302
1 913639
1 934060
1 982385
1 1021021
1 1093623
1 1094080
1 1113382
1 1254923
1 1261112
1 1263276
1 1263481
1 1267685
1 1322358
1 1370417
1 1382313
1 1393991
1 1402672
1 1404929
1 1447273
1 1489301
1 1490244
1 1499513
1 1549937
1 1552141
1 1599693
1 1600034
1 1614463
1 1662552
1 1682524
1 1695996
1 1704068
1 1727105
1 1756458
1 1762484
1 1781710
1 1813262
1 1849894
1 1888002
1 1912060
1 1935941
2 1948833
1 1953504
1 1989932
1 2024287
1 2039141
1 2059767
1 2074910
1 2092336
1 2098880
1 2117546
1 2118653
1 2200783
1 2202630
1 2221168
1 2289350
1 2303178
1 2369231
1 2446119
1 2501675
1 2552932
1 2691430
1 2791984
1 2842704
1 2925467
1 3010533
1 3031768
1 3033919
1 3089154
1 3103074
1 3112303
1 3209681
1 3229140
1 3238487
1 3246717
1 3318259
1 3326288
1 3343643
1 3363474
1 3389610
1 3389796
1 3411580
1 3428583
1 3491617
1 3528055
1 3556459
1 3588761
1 3616743
2 3617101
1 3617154
1 3617361
1 3617447
1 3679939
1 3795567
1 3798607
1 3864508
1 3882178
1 3885154
1 3952125
1 3964431
1 3967814
1 3969723
1 3985069
1 3996655
1 4053094
1 4148885
1 4160389
1 4193495
1 4225036
1 4236256
2 4236306
1 4236591
1 4255832
1 4270466
1 4291127
1 4295375
1 4307299
1 4312569
1 4333717
1 4373185
1 4417030
1 4451052
1 4495798
1 4519913
1 4559225
1 4561725
1 4577604
1 4610357
1 4672520
1 4692445
1 4784184
1 4820145
1 4820711
1 4822357
1 4822359
1 4836776
1 4954242
1 4973724
1 4983072
1 4986493
1 4997750
1 5080446
1 5113846
1 5161121
1 5205613
1 5273441
1 5325973
1 5356884
1 5463420
1 5568389
1 5584163
1 5597710
1 5614396
1 5639122
1 5656463
1 5705571
1 5898611
1 5898950
2 5911066
1 5934795
1 5953275
1 5962773
1 6008545
1 6008634
1 6098982
1 6107166
1 6138650
1 6149773
1 6233215
1 6307890
1 6349563
1 6396660
1 6424691
1 6433147
1 6453850
1 6457497
1 6478472
1 6506165
1 6571660
1 6573046
1 6633747
1 6652143
1 6658685
1 6720508
1 6732649
1 6764018
1 6810734
1 6944121
1 6951391
1 6958306
1 6982495
1 7002550
1 7050481
1 7151466
1 7197350
1 7213847
1 7271511
2 7282647
1 7319764
1 7334995
1 7441186
1 7499908
1 7515492
1 7587673
1 7610789
1 7714521
1 7744940
1 7749362
1 7779017
1 7801254
1 7815488
1 7904238
2 7908277
1 7908564
1 7908589
1 7908657
1 7908745
1 7908749
1 7908886
1 7913388
1 7967003
1 8093827
1 8126720
1 8163565
1 8173373
1 8210475
1 8228125
1 8248199
1 8376409
1 8416407
1 8437316
1 8491293
1 8599218
1 8609191
1 8657108
1 8778989
1 8784895
1 8832546
1 8859362
1 8953854
1 9050965
1 9147787
1 9271934
1 9339114
1 9425379
1 9425408
3 9425410
1 9425415
1 9425420
1 9425422
2 9425436
1 9425437
1 9425440
1 9425443
1 9425445
1 9425447
2 9425448
1 9425449
2 9425455
1 9425456
1 9425465
1 9425469
1 9432060
1 9440054
1 9467279
1 9505917
1 9542173
1 9651203
1 9691908
1 9711322
1 9714318
1 9714358
1 9764355
1 9766558
1 9818633
1 9856128
1 9857516
1 9875870
1 9877423
1 9877427
1 9877431
4 9877433
1 9877439
4 9877441
4 9877444
3 9877450
2 9877451
1 9877454
2 9877456
1 9877464
1 9877573
1 9877579
1 9877580
2 9877586
1 9877587
1 9877590
3 9877591
1 9877599
1 9877601
1 9877603
2 9877606
1 9877708
1 9877716
1 9877722
1 9877728
2 9877732
1 9877733
3 9877737
1 9877739
2 9877742
1 9877747
1 9885144
1 9928047
1 9945023
1 9945079
1 9951440
1 9982041
1 10004720
1 10016746
2 10066173
1 10135383
1 10141307
1 10141397
1 10141408
1 10141446
1 10141519
1 10141522
1 10141551
1 10143172
1 10419933
1 10437593
1 10444256
1 10473208
1 10500280
1 10530538
1 10544659
1 10553875
1 10587356
1 10623007
1 10669302
1 10712620
1 10717243
1 10728796
1 10765969
1 10784944
1 10811125
1 10871490
1 10871686
1 10875635
1 10900688
1 10965108
1 10968028
1 11035312
1 11082370
1 11105325
1 11143974
1 11180476
1 11243828
1 11280366
1 11319001
1 11330438
1 11353849
1 11369397
1 11416443
1 11418191
1 11446719
1 11455004
1 11600777
1 11618557
1 11621286
1 11685105
1 11838978
1 11934397
1 12042540
1 12072150
1 12090036
1 12246332
1 12287790
1 12289938
1 12319184
1 12342491
1 12351551
1 12427897
1 12446452
1 12451737
1 12470428
1 12470874
1 12630238
1 12702890
2 12708854
1 12708890
1 12708944
1 12709057
1 12710543
1 12726883
1 12742469
1 12761299
1 12850441
1 12855296
1 12865413
1 12895098
1 12932280
1 12975829
1 13035241
1 13038498
1 13064673
1 13066561
1 13220828
1 13233934
1 13239687
1 13240923
1 13263919
1 13306263
1 13383178
1 13405598
2 13406067
1 13415038
1 13443477
1 13466710
1 13481549
1 13489266
1 13636908
1 13689003
1 13747700
1 13785033
1 13803423
1 13855121
1 13910007
1 13910024
1 13910995
1 13917036
1 13951450
1 13968309
1 13968443
1 14206073
1 14232996
1 14322379
1 14355689
1 14412494
1 14523068
1 14531130
1 14608876
1 14764008
1 14766788
1 14768686
1 14772316
1 14810530
1 14817718
1 14903347
1 14968927
1 15014702
1 15184636
1 15252477
1 15268627
1 15275858
1 15458356
1 15496796
1 15529934
1 15551860
1 15575886
1 15612465
1 15652981
1 15733435
1 15747055
1 15794719
1 15813002
1 15851502
1 15875178
1 15975675
1 15977650
1 16051054
1 16076555
1 16130842
1 16157092
4 16157093
2 16157094
1 16157095
3 16157096
1 16157097
1 16157098
1 16157103
1 16157104
1 16157106
1 16157108
1 16157110
1 16157111
4 16157113
3 16157114
5 16157115
2 16157116
1 16157117
6 16157122
4 16157124
4 16157125
4 16157127
1 16157128
1 16157129
4 16157130
2 16157131
1 16157132
1 16157134
3 16157137
1 16157138
1 16157139
1 16157140
1 16157143
3 16157144
3 16157145
2 16157147
1 16157148
3 16157151
1 16157152
1 16157153
5 16157154
1 16157155
1 16157164
2 16157165
1 16157166
2 16157168
2 16157171
4 16157172
1 16157173
2 16157175
2 16157176
6 16157177
7 16157180
1 16157181
8 16157182
2 16157184
4 16157186
2 16157187
1 16157188
1 16157189
1 16157190
1 16157191
1 16157193
5 16157194
4 16157195
1 16157196
1 16157197
3 16157199
2 16157200
2 16157202
1 16157204
8 16157205
1 16157207
1 16157208
1 16157210
1 16157212
3 16157213
3 16157215
2 16157217
3 16157219
2 16157220
2 16157221
3 16157222
3 16157223
3 16157227
2 16157229
3 16157232
3 16157236
1 16157238
2 16157239
4 16157240
2 16157241
1 16157242
1 16157243
1 16157244
1 16157245
4 16157246
1 16157247
1 16157251
3 16157252
2 16157253
1 16157254
1 16157256
3 16157258
1 16157259
2 16157262
3 16157265
1 16157266
2 16157267
3 16157268
1 16157271
1 16157272
1 16157273
1 16157275
1 16157276
1 16157277
1 16157278
1 16157279
1 16157280
1 16157281
3 16157284
1 16157285
2 16157286
2 16157289
2 16157290
2 16157291
2 16157292
1 16157293
2 16157294
2 16157295
1 16157296
1 16157297
2 16157300
2 16157301
1 16157303
1 16157304
3 16157309
1 16157311
1 16157315
1 16157316
2 16157317
1 16157320
1 16157326
2 16157327
2 16157330
2 16157331
3 16157332
1 16157333
1 16157334
1 16157335
1 16157336
1 16157337
2 16157342
1 16157344
2 16157346
1 16157347
2 16157353
1 16157356
1 16157358
1 16157359
1 16157360
1 16157364
3 16157371
2 16157373
2 16157375
1 16157382
1 16157392
1 16157393
3 16157394
2 16157395
1 16157400
1 16157402
1 16157408
1 16157410
2 16157411
1 16157415
1 16157418
1 16157421
1 16157422
1 16157426
1 16157428
1 16157433
2 16157434
1 16157444
1 16157455
1 16157456
1 16157458
1 16157466
1 16157474
1 16157476
1 16157477
1 16157481
1 16157484
2 16157487
1 16157490
4 16157491
1 16157492
2 16157493
3 16157498
1 16157499
1 16157500
1 16157502
1 16157505
3 16157508
1 16157515
3 16157519
1 16157521
1 16157528
2 16157529
3 16157531
2 16157534
1 16157535
3 16157536
1 16157538
1 16157545
1 16157546
1 16157547
1 16157548
2 16157555
1 16157556
1 16157565
1 16157566
2 16157568
1 16157571
4 16157578
2 16157579
1 16157582
1 16157583
2 16157584
1 16157585
2 16157587
1 16157588
1 16157593
1 16157594
1 16157609
2 16157611
1 16157634
1 16157651
2 16157658
1 16157667
1 16157670
1 16157679
1 16157681
1 16157684
1 16157693
2 16157698
1 16157718
1 16157738
1 16157743
1 16182098
1 16207133
1 16441886
1 16530173
1 16648675
1 16659745
1 16706224
1 16753415
1 16787095
1 16808972
1 16844377
1 16871944
1 16949279
1 16960088
1 17040882
1 17067837
1 17088612
1 17134958
1 17219874
1 17229615
1 17280648
1 17329192
1 17369766
1 17402880
1 17406520
1 17450897
1 17546335
1 17664664
1 17689896
1 17804332
1 17835185
1 17836367
1 17840431
1 17913765
1 17913918
1 17932900
1 17942396
1 18052360
1 18094941
1 18107017
1 18110447
1 18122646
1 18160511
1 18315661
1 18317701
1 18332934
1 18333870
1 18342675
1 18375714
1 18447158
1 18453110
1 18498301
1 18503614
1 18517034
1 18532492
1 18572989
1 18574672
1 18655806
1 18657164
1 18686070
1 18694019
1 18734378
1 18734387
1 18745442
1 18746121
1 18782512
1 18905385
1 18952983
1 18960486
1 18966892
1 18972205
1 19041963
1 19065771
1 19076855
1 19104801
1 19108448
2 19112852
1 19138143
1 19232603
1 19307071
1 19330618
1 19351246
1 19535632
1 19563676
1 19700699
1 19700970
1 19716218
1 19797315
1 19799738
1 19833768
1 19850089
1 19860906
1 20077081
1 20169016
1 20258754
1 20268913
1 20385891
1 20417479
1 20434673
1 20482619
1 20577090
1 20650580
1 20676782
1 20686302
1 20708622
1 20797074
1 20850289
1 20879741
1 20913947
1 20941719
1 21037084
1 21037155
1 21050195
1 21116334
1 21118305
1 21142472
1 21151656
1 21192240
1 21230813
1 21231463
1 21282277
1 21283306
3 21402885
1 21464158
1 21600372
1 21691694
1 21920070
1 21948021
1 22015516
1 22046595
1 22052520
1 22089519
1 22111460
1 22141888
1 22191105
1 22256340
1 22257180
1 22262644
1 22280805
1 22304845
2 22473042
1 22498939
1 22686069
1 22775866
1 22787463
1 22789379
1 22798592
1 22846426
1 22857021
1 22878627
1 22881936
1 22931899
1 22984708
1 23138055
1 23143624
1 23172106
1 23245302
1 23260262
1 23272557
1 23287495
1 23296676
1 23323338
1 23381791
1 23409196
1 23413089
1 23417244
1 23439301
1 23498194
1 23552883
1 23553359
1 23630301
1 23648349
1 23719965
1 23721898
1 23740096
1 23743091
1 23743211
1 23751455
1 23766820
1 23771211
1 23811554
1 23840637
1 23872034
1 23933589
1 23965404
1 23985085
1 24064440
1 24069964
1 24168971
1 24248082
1 24273004
1 24312617
1 24319856
1 24343732
1 24345820
1 24355010
1 24381511
1 24391589
1 24452898
1 24464128
1 24477714
1 24552075
1 24657860
1 24713125
1 24735082
1 24742436
1 24766128
1 24788421
1 24815012
1 24900160
1 25101741
1 25138329
1 25141475
1 25386553
1 25489153
1 25594573
1 25599417
1 25637673
1 25675947
1 25715797
1 25751051
1 25776156
1 25807815
1 25820442
1 25852123
1 25855678
1 25876564
1 25921317
1 26041001
1 26060951
1 26089102
1 26105080
1 26110630
1 26140282
1 26161581
1 26194834
1 26338712
1 26375510
1 26385330
1 26408449
1 26419486
1 26425429
1 26525147
1 26526579
1 26556719
1 26700376
1 26777260
2 26871406
1 26917556
1 27053563
1 27068302
1 27169293
1 27204805
1 27243594
1 27252082
1 27258785
1 27327353
1 27409091
1 27409413
1 27551374
1 27625675
1 27635194
1 27646807
1 27677103
1 27689046
1 27720092
1 27751560
1 27790804
1 27793500
1 27801611
1 27827922
1 27867980
1 27871450
1 27978840
1 28063644
1 28070196
1 28099467
1 28167593
1 28184894
1 28234568
1 28237566
1 28320619
1 28348350
1 28413161
1 28423440
1 28517801
1 28533262
1 28555808
1 28603412
1 28646608
1 28648127
1 28678286
1 28678357
1 28928542
1 28936518
1 28995510
1 28998689
1 29011907
1 29065663
1 29100677
1 29153007
1 29153478
1 29172872
1 29204195
1 29204740
1 29237354
1 29245452
1 29251929
1 29317098
1 29373611
1 29374364
1 29419423
1 29490237
1 29548629
1 29554048
1 29702413
1 29704182
1 29785965
2 29928145
1 29988064
1 30072806
1 30072842
1 30094976
1 30153964
1 30385712
1 30444942
1 30452297
1 30481847
1 30487245
1 30534405
1 30552890
1 30554410
1 30587018
1 30590215
1 30654556
1 30680474
1 30820019
1 30965757
1 30965773
1 31008314
1 31011062
1 31035990
1 31108652
1 31131746
1 31169158
1 31329622
1 31584594
1 31585852
1 31702333
1 31730754
1 31773610
1 31823422
1 31841715
1 31921255
1 31985608
1 32059082
1 32115547
1 32225761
1 32226891
1 32237572
1 32274599
1 32325671
1 32394242
1 32466150
1 32483248
1 32647507
1 32672324
1 32707492
1 32733687
1 32746017
1 32775204
1 32777258
1 32819815
1 32963483
1 33005791
1 33111501
1 33117936
1 33118865
1 33234111
1 33236492
1 33257954
1 33379105
1 33502472
1 33633733
1 33660341
1 33670239
1 33670260
1 33670785
1 33673171
1 33788553
1 33817603
1 33831148
1 33840661
1 33858205
1 33904960
1 33928351
1 33957849
1 34077532
1 34454117
1 34459696
1 34538339
1 34550025
1 34629220
1 34648353
1 34758786
1 34760287
1 34843479
2 34960953
1 35031454
1 35231208
1 35237758
1 35429252
1 35443403
1 35474634
1 35589080
1 35710082
1 35715258
1 35780324
1 35799239
1 35901499
1 35949016
1 35992452
1 36004745
1 36031703
1 36074299
1 36102720
1 36142253
1 36567458
1 36585466
1 36606808
1 36748913
1 36755450
1 36895918
1 36922469
1 36945495
1 36969275
1 37061473
1 37078458
1 37100032
1 37132494
1 37152810
1 37292666
1 37297900
1 37351001
1 37352184
1 37369631
1 37399114
1 37623218
1 37629616
1 37800774
1 37855652
1 37906785
1 37995129
1 38102968
1 38162201
1 38219134
1 38499461
1 38513605
1 38562838
1 38586871
1 38591295
1 38719768
1 38744719
1 38833544
1 38852581
1 38892553
1 38977334
1 38978294
1 38991759
1 39014483
1 39049814
1 39090230
1 39092149
1 39219134
1 39219557
1 39226895
1 39236621
1 39248103
1 39478435
1 39547183
1 39629310
1 39824185
1 39869560
1 39982738
1 39994339
1 40013872
1 40045141
1 40207574
1 40340157
1 40373690
1 40394923
1 40481699
1 40597267
1 40639036
1 40686438
1 40723188
1 40756681
1 40802040
1 40818991
1 40823196
1 40948159
1 40977710
1 41029928
1 41098723
1 41111681
1 41305375
1 41327737
1 41329761
1 41374389
1 41427558
1 41460170
1 41498452
1 41568922
1 41693721
1 41761372
1 41775831
1 41816367
1 41832909
1 41924617
1 42002244
1 42033711
1 42179866
1 42179871
1 42192344
1 42332169
1 42332232
1 42332250
1 42368905
1 42404757
1 42789853
1 42802202
1 42827198
1 43000427
2 43000428
6 43000429
5 43000430
6 43000432
2 43000433
5 43000434
5 43000435
2 43000436
4 43000437
3 43000439
2 43000441
7 43000442
5 43000443
1 43000444
3 43000445
1 43000446
2 43000447
5 43000450
1 43000451
2 43000452
4 43000453
1 43000454
4 43000455
1 43118957
1 43132156
1 43206615
1 43257435
3 43258152
1 43258156
1 43262983
1 43296055
1 43304690
1 43361764
1 43490177
1 43493133
1 43619436
1 43663463
1 43730603
1 43758804
1 43862985
1 43886880
1 43905153
1 43978616
1 44011725
1 44040733
1 44066797
1 44087379
1 44088654
1 44219197
1 44235042
1 44264758
1 44273983
1 44472288
1 44604594
1 44683058
1 44885981
1 45000811
1 45057976
1 45099960
1 45170954
1 45193565
1 45243875
1 45265526
1 45286429
1 45507612
1 45544074
1 45577529
1 45579525
1 45746673
1 45758174
1 45764760
1 45814959
1 46034967
1 46071223
1 46075644
1 46085984
1 46086019
1 46086311
1 46094917
1 46105691
1 46183979
1 46237559
1 46254665
1 46257018
1 46321850
2 46354614
1 46447124
1 46688489
1 46968228
1 47056583
1 47147934
1 47148053
1 47168918
1 47169403
1 47625986
1 47729173
1 47729195
1 47758660
1 47844706
1 47932575
1 47937092
1 48001899
1 48139716
1 48153365
1 48194777
1 48197495
1 48233924
1 48333871
1 48454049
1 48505728
1 48538806
1 48650650
1 48690240
1 48743612
1 48792249
2 48834523
1 48922067
1 49031292
1 49217321
1 49229486
1 49236047
1 49334841
1 49335153
1 49424916
1 49485598
1 49583271
1 49683464
1 49721590
1 49779513
1 49820320
1 49906907
1 50112765
1 50163943
1 50294210
1 50312562
1 50319811
1 50328277
1 50405424
1 50580606
1 50611069
1 50649812
1 50655437
1 50835222
1 50851807
1 50925277
1 50947590
1 50962779
1 50993004
1 51264391
1 51445131
1 51540956
1 51630559
1 51796604
1 51796611
2 51796621
1 51796622
2 51796624
1 51796631
1 51796635
1 51852434
1 51859070
1 51887527
1 51895290
1 51929008
1 52000699
1 52010617
1 52048325
1 52150127
1 52197757
1 52222434
1 52281978
1 52290040
1 52301652
1 52315059
1 52327252
1 52376230
1 52405619
1 52431389
1 52655040
1 52676479
1 52741997
1 52760303
1 52871686
1 52944067
1 52973810
1 53011345
1 53021908
1 53027680
1 53050361
1 53131857
1 53208383
1 53209120
1 53265552
1 53289897
1 53291043
1 53380313
1 53455012
1 53481469
1 53726875
1 53821893
1 53881300
1 54032399
1 54291478
2 54311847
1 54311850
1 54341948
1 54406618
1 54407224
1 54515669
1 54540151
1 54554994
1 54639812
1 54682641
1 54746004
1 54842694
1 54849426
1 54863855
1 54925587
1 55056884
1 55189348
1 55191859
1 55342070
1 55411964
1 55499659
1 55508467
1 55555140
1 55587116
1 55625300
1 55690845
1 55696077
1 55790220
1 55997643
1 56015697
1 56034652
1 56040827
1 56169285
1 56177740
1 56267439
1 56267477
1 56330028
1 56344579
1 56521146
1 56521187
1 56598255
1 56618963
1 56710000
1 56731541
1 56823047
1 56843352
1 56857189
1 56910834
1 57198768
1 57230542
1 57318375
1 57381110
1 57435912
1 57568830
1 57590441
1 57627061
1 57629653
1 57638918
1 57675654
1 57701888
1 57761470
1 57777949
1 57836826
1 57925153
1 57994323
1 58111060
1 58191758
1 58232574
1 58314494
1 58555448
1 58558803
1 58681151
1 58744003
1 58787540
1 58828079
1 59053050
1 59053485
1 59169835
1 59182024
1 59335923
1 59504731
1 59519171
1 59767214
1 60010678
1 60443595
1 60486328
1 60528989
1 60550302
1 60569114
1 60719868
1 61385033
1 61390946
1 61532190
1 61549741
1 61628018
1 61723101
1 61739496
1 61871322
1 61885512
1 61887264
1 62058011
1 62073030
1 62178610
1 62348636
1 62623910
1 62644779
1 62835168
1 63081961
1 63081969
1 63081979
1 63081989
1 63081999
1 63146376
1 63170302
1 63249853
1 63307203
1 63394239
1 63402078
1 63435271
1 63445471
1 63487378
1 63504186
1 63739966
1 63826074
1 63902668
1 64045809
1 64068198
1 64312037
1 64329164
1 64336193
1 64583221
1 64718344
1 64781225
1 64986825
1 65051354
1 65051511
2 65051566
1 65051593
1 65051595
1 65051644
2 65051646
1 65051648
4 65051664
1 65051679
1 65051689
1 65051693
1 65051695
1 65166248
1 65341893
1 65428495
1 65589735
1 65606394
1 65816399
1 65926338
1 66059588
1 66067516
1 66106747
1 66123421
1 66128386
1 66162428
1 66215903
1 66223597
1 66272160
1 66498151
1 66504545
1 66520069
1 66539020
1 66589704
2 66676006
1 66676038
1 66864471
1 66900351
1 66908620
1 66937301
1 67022245
1 67106062
1 67181908
1 67297229
1 67359362
1 67397757
1 67447724
1 67580863
1 67600846
1 67655099
1 67698221
1 67970702
1 68080789
1 68270128
1 68313282
1 68314257
1 68326628
1 68527434
1 68583194
1 68597920
1 68659122
1 68663496
1 68670043
1 68779795
1 68798941
1 69035936
1 69181467
1 69197625
1 69358169
1 69442371
1 69591984
1 69759108
1 69826736
1 69910706
1 69928402
1 70397267
1 70479083
1 70510336
1 70523216
1 70866543
1 70905306
1 70938537
1 71481310
1 71490836
1 71546987
1 71610073
1 71710361
1 71754485
1 71951821
1 71978694
1 72012688
1 72168624
1 72238474
1 72496724
1 72510276
1 72527515
1 72620009
1 72642815
1 72838553
1 72880541
1 73114924
1 73370352
1 73440481
1 73483021
1 73558609
1 73692245
1 73728527
1 73936415
1 73965921
1 74157665
1 74244596
1 74313514
1 74414052
1 74429129
1 74444747
1 74491643
1 74539498
1 74608460
1 74659934
1 74771890
1 74870087
1 74883367
1 74888660
1 75112678
1 75325392
1 75485003
1 75647217
1 75665879
1 75681314
1 75761079
2 75786923
1 76177334
1 76360450
1 76368099
1 76396419
1 76478924
1 76592942
1 77005575
1 77075355
1 77075363
1 77075728
1 77195321
1 77244295
1 77281974
1 77430713
1 77728095
1 78111354
1 78160031
1 78206454
1 78285984
1 78333261
1 78352052
1 78397231
1 78452079
1 78619493
1 78974899
1 79422459
1 79524571
1 79618848
1 79748411
1 79800358
1 79838460
1 79925508
1 80056142
1 80180883
1 80266177
1 80301960
1 80341172
1 80431566
1 80505660
1 80600916
1 80601072
1 80765433
1 80765611
1 81031203
1 81044053
1 81133027
1 81202971
1 81563729
1 81687402
1 81869995
1 82082849
1 82099750
1 82100263
1 82278285
1 82290153
1 82339015
1 82339030
1 82339031
1 82339032
1 82339037
6 82339038
10 82339039
4 82339040
5 82339041
5 82339042
8 82339043
2 82339044
1 82339045
1 82339046
1 82339048
7 82339049
2 82339050
6 82339053
5 82339054
2 82339058
5 82339059
3 82339061
7 82339062
5 82339063
5 82339064
1 82339065
6 82339067
6 82339068
1 82339069
4 82339071
3 82339072
9 82339073
2 82339074
1 82339076
2 82339077
1 82498206
1 82749199
1 82948300
1 83120246
1 83140947
1 83776878
1 83854195
1 83965741
1 84015482
1 84049722
1 84115306
1 84369857
1 84373827
1 84585668
1 85083625
1 85120710
1 85124118
1 85279560
1 85310682
1 85341673
1 85422074
2 85446834
1 85447005
1 85447022
1 85524048
1 85716816
1 85786474
1 85946380
1 86091784
1 86125855
1 86308534
1 86430389
1 86528370
1 86528376
1 86528456
1 86603268
1 86633874
1 86719508
1 86830433
1 87313959
1 87478131
1 87881626
1 87928991
1 88044978
1 88092004
1 88194105
1 88396675
1 88976707
1 88976732
1 89340925
1 89949284
1 90130348
1 90184475
1 90515845
1 90701584
1 90961046
1 91313704
1 91313732
1 91319968
1 91627689
1 91753446
1 91953917
1 92113510
1 92263247
1 92266005
1 92285330
1 92285422
2 92285448
1 92665068
1 92716212
1 92779762
1 92887746
1 92951418
1 92961156
1 93056283
1 93149551
1 93149803
1 93149813
1 93149816
1 93149820
1 93149821
1 93149823
1 93149829
1 93149833
2 93149942
1 93149943
3 93149944
1 93149963
3 93149972
1 93149973
1 93149980
1 93149981
1 93149987
1 93337126
1 93369277
1 93379595
1 93417170
1 93622279
1 93647195
1 94098700
1 94184492
1 94488068
1 94744881
1 94785990
1 94904779
1 95172561
1 95621933
1 96045624
1 96099606
1 96430898
1 96716373
1 96824125
1 97099055
1 97423422
1 97591028
1 97598397
1 97598628
1 97795259
1 97851359
1 97906898
1 97907528
1 98056316
1 98093512
1 98567218
1 98679121
1 99178850
1 99256074
1 99393477
1 99394239
1 99573947
1 99774943
1 99799142
1 99936849
1 99996301
1 100161666
1 100176434
1 100348513
1 100365804
1 100636257
1 100768910
1 100827453
1 100900195
1 101013660
1 101155684
1 101322831
1 101322997
1 101826875
1 101904192
1 101943808
1 102031777
1 102155220
1 102666135
1 102956445
1 103027341
2 103027343
1 103027351
1 103027361
1 103027362
2 103027364
2 103027365
1 103027368
1 103027369
3 103027370
1 103027381
1 103027384
2 103027385
1 103027391
1 103027395
2 103027396
1 103027401
1 103027499
1 103027513
1 103027514
1 103027515
2 103027516
1 103027517
1 103027520
2 103027523
2 103027525
1 103027532
1 103109664
1 103193036
1 103399505
1 103403421
1 103722844
1 103768411
1 103912019
1 103937371
1 104233981
1 104320080
1 104790623
1 104798681
1 104989799
1 105145402
1 105214708
1 105576100
1 106043141
1 106192386
1 106204232
1 106670363
1 106670424
5 107022506
1 107022507
2 107022508
1 107022513
1 107022516
1 107948138
1 108019491
1 108092947
2 108662324
1 108662329
1 108662345
1 108662377
1 108906216
1 109092752
1 109145088
1 109232202
1 109232235
1 109243050
1 109706442
1 109926441
1 110014278
1 110272852
1 110553070
1 110805056
1 111441332
1 111588707
1 111860399
1 111919937
1 112028458
1 112034927
1 112687692
1 112836594
1 112848355
1 112963618
1 113869282
1 114040920
1 114094405
1 115585182
1 115689812
1 115926670
1 116001611
1 116455765
1 116664113
1 117555038
1 118058021
1 118123161
1 118793397
1 119016158
1 119268845
1 119617701
1 119712213
1 119880702
1 120393463
1 120593406
1 121353999
1 121755023
1 122464031
1 122958091
1 123486450
1 123647763
1 123963871
1 124344488
1 124508513
1 124545666
1 124891140
1 125109212
1 125307206
1 125417373
1 125551560
1 125555605
1 127434622
1 128041698
1 128968956
1 129396271
1 131310745
1 131773871
1 132792271
1 132817373
1 133286097
1 133927428
1 134749637
1 134867541
1 135954950
1 136821077
1 136980119
1 136980120
1 137409829
1 138351835
1 139707399
1 139812929
1 141011882
1 142104059
1 142109984
1 144550517
1 144774010
1 146521250
1 146692781
1 147841381
1 148039920
1 149294360
1 150313573
1 151228587
1 156058844
1 157403384
1 157531205
1 159194415
1 160536429
2 160536748
1 160537236
1 160537311
1 160537317
1 160537318
1 160537320
1 160537334
1 160537347
1 160537355
2 160537389
1 160537393
2 160537394
1 160537402
2 160537404
2 160537407
1 160537409
1 160537414
1 160537418
2 160537424
1 160537425
1 160537438
1 160537442
1 160537443
1 160537445
1 160537451
1 160537452
1 160537456
1 160537457
1 160537458
1 160537462
1 160537849
1 160538146
1 160538193
1 161805686
1 164095526
1 170559640
1 172835129
1 173167238
