10 46
12 47
25 48
60 49
158 50
55911 51
88350 52
91008 53
93394 54
96953 55
101718 56
102550 57
100045 58
93987 59
101407 60
91491 61
94059 62
96394 63
97421 64
101209 65
97865 66
109673 67
99135 68
106885 69
99924 70
94739 71
94803 72
98089 73
103524 74
114058 75
116635 76
109162 77
116155 78
109347 79
110074 80
113120 81
114237 82
114903 83
118425 84
122781 85
126438 86
128345 87
127621 88
125184 89
125198 90
125573 91
128714 92
135008 93
134928 94
140011 95
142396 96
144757 97
144742 98
144360 99
142826 100
142829 101
143471 102
146655 103
151454 104
158081 105
160747 106
161704 107
163458 108
160450 109
162127 110
162527 111
161901 112
169469 113
166974 114
176161 115
179217 116
182536 117
185605 118
187242 119
185030 120
177774 121
177315 122
179708 123
180536 124
197835 125
184978 126
208040 127
192269 128
206558 129
199406 130
196555 131
195064 132
183789 133
185848 134
186927 135
193313 136
199647 137
204090 138
210134 139
208479 140
214617 141
203769 142
191329 143
183429 144
183407 145
187012 146
195264 147
202267 148
213234 149
227116 150
238420 151
228029 152
209845 153
198977 154
197418 155
196394 156
204018 157
208952 158
215219 159
217286 160
217992 161
216153 162
216277 163
221218 164
227062 165
236157 166
245075 167
247468 168
240715 169
228944 170
228127 171
223861 172
230494 173
241305 174
255413 175
264473 176
265035 177
255020 178
244364 179
234256 180
229243 181
232236 182
235769 183
234381 184
249026 185
248752 186
251042 187
249638 188
242799 189
237700 190
236208 191
233924 192
234777 193
239376 194
241126 195
241429 196
243398 197
240527 198
239526 199
236327 200
231512 201
239074 202
231768 203
236327 204
235315 205
234622 206
234955 207
234971 208
234207 209
225487 210
223970 211
222362 212
228151 213
224327 214
225759 215
222739 216
221496 217
218121 218
214948 219
211822 220
209738 221
207088 222
205750 223
206426 224
205273 225
207620 226
205687 227
205323 228
201024 229
197010 230
199257 231
195952 232
193147 233
191590 234
192980 235
196202 236
191897 237
190178 238
183910 239
182000 240
182577 241
180407 242
193652 243
174853 244
177552 245
171838 246
168794 247
173162 248
170442 249
171639 250
163542 251
162464 252
160008 253
156907 254
159554 255
153978 256
153058 257
154406 258
149599 259
157396 260
146347 261
145800 262
142416 263
141936 264
140844 265
139255 266
139150 267
137867 268
137055 269
135026 270
134796 271
131439 272
130302 273
128362 274
127130 275
125865 276
126623 277
126017 278
125903 279
123807 280
123406 281
122366 282
120066 283
118701 284
118762 285
117697 286
117665 287
118374 288
117479 289
117106 290
116018 291
114729 292
113441 293
113372 294
112184 295
110264 296
110844 297
110647 298
111835 299
111785 300
111244 301
110160 302
110781 303
107172 304
106660 305
105491 306
104939 307
105609 308
107209 309
107220 310
105919 311
105618 312
104132 313
102280 314
102987 315
100706 316
101245 317
101104 318
101394 319
102591 320
102229 321
100430 322
100461 323
99628 324
97927 325
96641 326
97779 327
97340 328
97250 329
97695 330
97515 331
97878 332
96968 333
95112 334
95227 335
94250 336
94259 337
93459 338
94034 339
94289 340
93762 341
94349 342
94087 343
92887 344
93961 345
91621 346
92757 347
92151 348
92816 349
94559 350
91615 351
93073 352
92884 353
94357 354
92998 355
91171 356
91290 357
90627 358
93219 359
93413 360
93929 361
90066 362
90234 363
89023 364
89588 365
90137 366
89059 367
91598 368
89103 369
87473 370
89390 371
85606 372
87798 373
88310 374
84890 375
97428 376
86015 377
86229 378
86504 379
84504 380
86916 381
88223 382
91251 383
82288 384
84191 385
80855 386
86917 387
82444 388
78631 389
80187 390
78741 391
79148 392
76822 393
75972 394
75528 395
74246 396
74435 397
74440 398
73356 399
72558 400
72890 401
73464 402
72516 403
71590 404
71575 405
71204 406
69863 407
71246 408
70122 409
70791 410
69941 411
68382 412
68535 413
68005 414
67666 415
67454 416
70094 417
67474 418
69083 419
67131 420
65666 421
64987 422
63499 423
64769 424
63493 425
64111 426
63386 427
62131 428
61932 429
60155 430
61302 431
60626 432
60415 433
60792 434
58944 435
59211 436
57468 437
56541 438
56205 439
56331 440
55583 441
54556 442
56395 443
54362 444
54438 445
53081 446
52653 447
52820 448
52832 449
52283 450
50644 451
50590 452
50091 453
49683 454
49539 455
48844 456
48483 457
48436 458
48431 459
48262 460
47364 461
47389 462
46757 463
46382 464
47508 465
46897 466
46302 467
45720 468
46281 469
47218 470
45902 471
46849 472
44251 473
46103 474
46017 475
45827 476
51337 477
43624 478
45520 479
44396 480
42641 481
44062 482
43301 483
43281 484
42385 485
42285 486
42985 487
41668 488
42767 489
41982 490
41260 491
41597 492
40469 493
46441 494
40468 495
41044 496
39352 497
39482 498
40170 499
39238 500
40154 501
38633 502
38313 503
38509 504
38798 505
38088 506
37356 507
37147 508
36756 509
36401 510
36399 511
36261 512
36077 513
35897 514
36094 515
35651 516
35632 517
34789 518
34694 519
35395 520
35332 521
34933 522
34883 523
34814 524
34888 525
34848 526
35692 527
35085 528
34686 529
34217 530
34389 531
34778 532
33371 533
35719 534
35121 535
33729 536
35895 537
33971 538
33937 539
32587 540
32583 541
33031 542
32863 543
32648 544
32170 545
32309 546
32349 547
31526 548
32289 549
31733 550
30794 551
31300 552
30834 553
31217 554
30516 555
30226 556
30340 557
30193 558
30654 559
30094 560
29850 561
29243 562
29953 563
29577 564
29525 565
29707 566
29238 567
29098 568
28631 569
28714 570
28441 571
28135 572
28697 573
28420 574
28280 575
28151 576
28305 577
28016 578
28661 579
27921 580
28467 581
28116 582
28779 583
28893 584
27886 585
28352 586
28231 587
28676 588
28280 589
27674 590
28577 591
27867 592
29279 593
27637 594
29122 595
26553 596
25838 597
26401 598
26208 599
26102 600
25601 601
26208 602
24570 603
24737 604
24366 605
23768 606
24251 607
23817 608
24054 609
23731 610
22944 611
23256 612
22898 613
22348 614
22338 615
22478 616
22169 617
21688 618
21950 619
21645 620
21286 621
21294 622
21052 623
21710 624
21045 625
20947 626
20712 627
20379 628
20002 629
20344 630
20632 631
20010 632
19764 633
20053 634
19696 635
20595 636
19688 637
21697 638
20122 639
20449 640
21029 641
20007 642
21870 643
20241 644
20566 645
20070 646
19800 647
21435 648
18780 649
24785 650
19596 651
20223 652
23199 653
18521 654
20602 655
18296 656
18148 657
18965 658
18839 659
19054 660
18204 661
18266 662
17464 663
17358 664
18722 665
16408 666
16774 667
16745 668
16512 669
16071 670
16143 671
15679 672
15706 673
15682 674
14955 675
15473 676
15511 677
15197 678
15059 679
15208 680
14895 681
14809 682
15159 683
14715 684
14443 685
15026 686
14668 687
14615 688
14600 689
14620 690
14603 691
14805 692
14614 693
14350 694
14954 695
14996 696
14622 697
14843 698
16556 699
15305 700
16731 701
15785 702
16146 703
15431 704
15466 705
15458 706
14026 707
18175 708
14214 709
18545 710
17699 711
14508 712
15911 713
13468 714
14463 715
13887 716
14268 717
14414 718
13464 719
14046 720
13629 721
13276 722
13567 723
12703 724
12886 725
12866 726
12091 727
12461 728
12263 729
11688 730
12239 731
12069 732
11858 733
11709 734
11737 735
11696 736
11622 737
11559 738
11879 739
11414 740
11707 741
11382 742
11502 743
11251 744
11185 745
10987 746
11007 747
11191 748
11106 749
11309 750
11029 751
10914 752
10761 753
11198 754
11026 755
12585 756
11531 757
11360 758
12630 759
11467 760
12445 761
12102 762
11086 763
11032 764
11075 765
12581 766
10639 767
14376 768
11853 769
11156 770
13558 771
11032 772
11299 773
11047 774
10744 775
10833 776
10791 777
10382 778
10008 779
9962 780
9595 781
9939 782
10572 783
9191 784
9134 785
8968 786
8647 787
8868 788
8741 789
8681 790
8483 791
8611 792
8436 793
8279 794
8242 795
8122 796
8029 797
8205 798
7955 799
7986 800
7900 801
8008 802
7788 803
7746 804
7707 805
7852 806
7779 807
7890 808
7804 809
7734 810
7867 811
7736 812
7998 813
8190 814
8082 815
8053 816
8292 817
8658 818
8358 819
8627 820
9326 821
8094 822
8513 823
8838 824
9019 825
12281 826
9925 827
9171 828
9576 829
8383 830
8420 831
10862 832
8035 833
7857 834
8128 835
8306 836
7848 837
8404 838
7976 839
7466 840
7696 841
7465 842
7141 843
6681 844
6737 845
6480 846
6547 847
6524 848
6340 849
6433 850
6125 851
5934 852
6255 853
6013 854
5982 855
5835 856
6026 857
5949 858
5930 859
6220 860
5868 861
5805 862
5896 863
5639 864
6124 865
5694 866
5901 867
5815 868
5622 869
6167 870
6019 871
7186 872
6055 873
5768 874
7394 875
6115 876
7111 877
7028 878
6634 879
6557 880
6260 881
6550 882
6604 883
7375 884
7672 885
8136 886
8184 887
6532 888
6366 889
5623 890
5815 891
5901 892
6766 893
6234 894
6097 895
5988 896
5488 897
5908 898
5399 899
5219 900
5084 901
4922 902
4778 903
4813 904
4773 905
4623 906
4589 907
4637 908
4478 909
4505 910
4326 911
4389 912
4414 913
4258 914
4300 915
4293 916
4462 917
4370 918
4306 919
4283 920
4331 921
4487 922
4445 923
4676 924
4301 925
4972 926
4558 927
4392 928
4680 929
4393 930
4588 931
5407 932
4978 933
5057 934
5085 935
5192 936
5765 937
5391 938
5449 939
4632 940
5392 941
5679 942
7181 943
9931 944
5842 945
5560 946
6048 947
5001 948
5106 949
5070 950
5042 951
5016 952
4597 953
5047 954
4429 955
4490 956
4189 957
4203 958
4070 959
3736 960
3755 961
3503 962
3544 963
3423 964
4100 965
3487 966
3465 967
3208 968
3280 969
3303 970
3296 971
3275 972
3089 973
3236 974
3127 975
3161 976
3180 977
3134 978
3120 979
3064 980
3058 981
3137 982
3244 983
3328 984
3215 985
3089 986
3185 987
3360 988
3598 989
3536 990
3596 991
3538 992
4233 993
4924 994
3913 995
4076 996
3997 997
5262 998
5192 999
4701 1000
1716 1001
1675 1002
1578 1003
1425 1004
1444 1005
1344 1006
1370 1007
1330 1008
1286 1009
1300 1010
1248 1011
1212 1012
1245 1013
1300 1014
1542 1015
1107 1016
1385 1017
1363 1018
1131 1019
1087 1020
1049 1021
980 1022
1093 1023
1091 1024
1004 1025
997 1026
1013 1027
949 1028
984 1029
877 1030
847 1031
859 1032
797 1033
821 1034
811 1035
843 1036
878 1037
824 1038
890 1039
819 1040
870 1041
845 1042
820 1043
753 1044
786 1045
841 1046
794 1047
798 1048
772 1049
760 1050
778 1051
764 1052
746 1053
709 1054
708 1055
740 1056
725 1057
737 1058
700 1059
696 1060
694 1061
728 1062
642 1063
698 1064
621 1065
663 1066
685 1067
657 1068
602 1069
630 1070
650 1071
642 1072
655 1073
600 1074
623 1075
596 1076
616 1077
591 1078
577 1079
570 1080
582 1081
593 1082
556 1083
596 1084
528 1085
563 1086
564 1087
558 1088
555 1089
551 1090
525 1091
518 1092
523 1093
504 1094
484 1095
500 1096
461 1097
447 1098
490 1099
485 1100
456 1101
494 1102
460 1103
502 1104
463 1105
465 1106
481 1107
422 1108
461 1109
453 1110
448 1111
452 1112
442 1113
431 1114
442 1115
410 1116
393 1117
436 1118
416 1119
442 1120
378 1121
404 1122
386 1123
373 1124
366 1125
390 1126
375 1127
387 1128
349 1129
357 1130
363 1131
327 1132
319 1133
354 1134
336 1135
342 1136
330 1137
355 1138
316 1139
363 1140
340 1141
342 1142
345 1143
313 1144
299 1145
290 1146
287 1147
326 1148
295 1149
289 1150
315 1151
287 1152
273 1153
253 1154
272 1155
268 1156
313 1157
298 1158
279 1159
297 1160
287 1161
228 1162
247 1163
241 1164
216 1165
287 1166
234 1167
252 1168
227 1169
244 1170
251 1171
223 1172
221 1173
239 1174
210 1175
247 1176
219 1177
212 1178
216 1179
194 1180
248 1181
201 1182
198 1183
231 1184
179 1185
206 1186
218 1187
199 1188
206 1189
197 1190
178 1191
206 1192
224 1193
191 1194
202 1195
188 1196
176 1197
187 1198
160 1199
161 1200
172 1201
150 1202
157 1203
175 1204
182 1205
168 1206
160 1207
159 1208
157 1209
158 1210
149 1211
173 1212
168 1213
165 1214
135 1215
133 1216
147 1217
156 1218
158 1219
157 1220
160 1221
136 1222
123 1223
116 1224
117 1225
141 1226
143 1227
128 1228
136 1229
137 1230
135 1231
144 1232
130 1233
125 1234
134 1235
116 1236
120 1237
142 1238
128 1239
121 1240
104 1241
93 1242
106 1243
107 1244
103 1245
119 1246
123 1247
117 1248
108 1249
93 1250
119 1251
100 1252
115 1253
108 1254
101 1255
104 1256
106 1257
110 1258
92 1259
123 1260
83 1261
89 1262
82 1263
90 1264
88 1265
70 1266
79 1267
83 1268
91 1269
94 1270
72 1271
83 1272
87 1273
88 1274
78 1275
75 1276
69 1277
86 1278
71 1279
69 1280
70 1281
76 1282
76 1283
60 1284
68 1285
71 1286
76 1287
67 1288
64 1289
81 1290
92 1291
62 1292
56 1293
63 1294
58 1295
57 1296
60 1297
63 1298
48 1299
50 1300
56 1301
60 1302
69 1303
49 1304
59 1305
42 1306
46 1307
56 1308
54 1309
66 1310
44 1311
50 1312
64 1313
54 1314
60 1315
61 1316
43 1317
42 1318
67 1319
50 1320
64 1321
47 1322
46 1323
52 1324
63 1325
48 1326
44 1327
60 1328
44 1329
52 1330
50 1331
42 1332
47 1333
48 1334
54 1335
43 1336
56 1337
33 1338
48 1339
44 1340
47 1341
46 1342
39 1343
39 1344
45 1345
43 1346
39 1347
44 1348
32 1349
35 1350
37 1351
24 1352
50 1353
34 1354
39 1355
33 1356
34 1357
44 1358
35 1359
31 1360
34 1361
30 1362
35 1363
26 1364
33 1365
35 1366
39 1367
29 1368
23 1369
31 1370
36 1371
38 1372
37 1373
29 1374
44 1375
24 1376
23 1377
28 1378
32 1379
36 1380
27 1381
33 1382
31 1383
24 1384
33 1385
36 1386
28 1387
26 1388
19 1389
19 1390
27 1391
23 1392
30 1393
27 1394
29 1395
28 1396
34 1397
38 1398
33 1399
28 1400
23 1401
24 1402
28 1403
33 1404
19 1405
23 1406
31 1407
25 1408
23 1409
29 1410
16 1411
20 1412
21 1413
20 1414
21 1415
25 1416
27 1417
24 1418
24 1419
17 1420
17 1421
16 1422
26 1423
18 1424
18 1425
19 1426
9 1427
25 1428
21 1429
19 1430
23 1431
15 1432
13 1433
17 1434
13 1435
18 1436
19 1437
30 1438
16 1439
28 1440
19 1441
9 1442
23 1443
18 1444
20 1445
19 1446
16 1447
18 1448
27 1449
8 1450
11 1451
11 1452
17 1453
13 1454
22 1455
22 1456
14 1457
10 1458
14 1459
18 1460
23 1461
17 1462
11 1463
13 1464
19 1465
14 1466
18 1467
12 1468
20 1469
13 1470
12 1471
18 1472
11 1473
16 1474
11 1475
13 1476
19 1477
10 1478
16 1479
14 1480
17 1481
9 1482
10 1483
12 1484
18 1485
12 1486
9 1487
20 1488
19 1489
12 1490
10 1491
9 1492
9 1493
10 1494
14 1495
15 1496
7 1497
20 1498
11 1499
21 1500
13 1501
8 1502
12 1503
16 1504
12 1505
17 1506
10 1507
8 1508
10 1509
17 1510
13 1511
12 1512
10 1513
13 1514
18 1515
8 1516
16 1517
12 1518
12 1519
11 1520
13 1521
7 1522
14 1523
7 1524
10 1525
17 1526
16 1527
16 1528
13 1529
12 1530
6 1531
11 1532
12 1533
14 1534
7 1535
10 1536
9 1537
14 1538
14 1539
11 1540
17 1541
5 1542
4 1543
8 1544
9 1545
15 1546
9 1547
16 1548
9 1549
9 1550
4 1551
18 1552
8 1553
13 1554
9 1555
16 1556
13 1557
6 1558
10 1559
9 1560
7 1561
9 1562
11 1563
10 1564
8 1565
8 1566
11 1567
12 1568
7 1569
13 1570
9 1571
5 1572
6 1573
8 1574
9 1575
14 1576
9 1577
11 1578
10 1579
11 1580
11 1581
3 1582
8 1583
8 1584
10 1585
11 1586
5 1587
6 1588
7 1589
7 1590
11 1591
7 1592
12 1593
10 1594
9 1595
8 1596
7 1597
3 1598
6 1599
10 1600
10 1601
5 1602
5 1603
8 1604
9 1605
7 1606
6 1607
4 1608
4 1609
8 1610
7 1611
14 1612
7 1613
7 1614
10 1615
5 1616
5 1617
6 1618
8 1619
5 1620
13 1621
4 1622
6 1623
7 1624
4 1625
9 1626
5 1627
2 1628
10 1629
12 1630
2 1631
8 1632
7 1633
11 1634
4 1635
7 1636
5 1637
6 1638
7 1639
6 1640
4 1641
10 1642
4 1643
7 1644
5 1645
7 1646
3 1647
3 1648
10 1649
5 1650
7 1651
9 1652
6 1653
7 1654
7 1655
3 1656
13 1657
4 1658
4 1659
9 1660
8 1661
5 1662
7 1663
5 1664
5 1665
9 1666
2 1667
7 1668
5 1669
4 1670
8 1671
7 1672
6 1673
6 1674
6 1675
6 1676
3 1677
8 1678
5 1679
2 1680
4 1681
4 1682
4 1683
2 1684
2 1685
10 1686
7 1687
3 1688
5 1689
7 1690
5 1691
2 1692
6 1693
5 1694
3 1695
4 1696
2 1697
9 1698
4 1699
3 1700
10 1701
4 1702
3 1703
5 1704
2 1705
9 1706
3 1707
7 1708
6 1709
5 1710
3 1711
8 1712
7 1713
3 1714
4 1715
5 1716
6 1717
5 1718
4 1719
8 1720
2 1721
3 1722
3 1723
3 1724
4 1725
8 1726
7 1727
1 1728
8 1729
4 1730
5 1731
6 1732
3 1733
2 1734
5 1735
1 1736
2 1737
12 1738
6 1739
1 1740
8 1741
9 1742
2 1743
6 1744
6 1745
4 1746
3 1747
6 1748
8 1749
2 1750
2 1751
4 1752
6 1753
5 1754
7 1755
7 1756
2 1757
8 1758
2 1759
8 1760
7 1761
1 1762
4 1763
5 1764
4 1765
4 1766
7 1767
2 1768
7 1769
2 1770
4 1771
5 1772
7 1773
5 1774
2 1775
8 1776
5 1777
3 1778
6 1779
4 1780
3 1781
4 1782
4 1783
2 1784
8 1785
3 1786
2 1787
6 1788
2 1789
4 1790
4 1791
8 1792
4 1793
5 1794
4 1795
4 1796
5 1797
4 1798
5 1800
3 1801
1 1802
3 1803
5 1804
3 1805
5 1806
4 1807
2 1808
3 1809
2 1810
4 1811
4 1812
2 1813
2 1814
3 1815
3 1816
2 1817
7 1818
5 1819
5 1820
1 1821
4 1822
5 1823
3 1824
3 1825
1 1826
3 1827
5 1828
6 1829
4 1830
5 1831
2 1832
4 1833
1 1834
3 1835
4 1836
1 1837
4 1838
4 1839
3 1840
2 1841
1 1842
1 1843
4 1844
3 1845
1 1846
6 1847
3 1848
4 1849
7 1850
2 1851
3 1852
6 1853
2 1854
12 1856
10 1857
1 1858
3 1860
4 1861
6 1862
5 1865
2 1866
4 1867
8 1869
1 1870
1 1871
2 1872
2 1873
2 1874
6 1875
6 1876
3 1877
1 1878
2 1879
2 1880
8 1881
3 1882
5 1883
3 1884
1 1885
2 1886
2 1887
2 1889
4 1890
2 1891
6 1892
2 1893
3 1894
7 1895
3 1896
2 1897
5 1898
5 1899
4 1900
2 1901
4 1902
6 1903
5 1904
2 1905
4 1906
4 1907
4 1908
5 1909
4 1910
1 1911
2 1912
3 1913
4 1914
4 1916
3 1917
1 1918
7 1919
2 1920
5 1921
3 1922
5 1923
2 1924
2 1925
7 1926
3 1928
2 1929
3 1930
4 1931
1 1932
9 1933
1 1934
2 1935
1 1936
3 1937
2 1938
1 1939
2 1940
1 1941
3 1942
2 1943
1 1944
2 1946
3 1947
3 1948
5 1949
3 1951
1 1952
2 1953
4 1954
2 1955
2 1956
4 1957
2 1959
1 1960
3 1961
5 1962
3 1963
6 1964
2 1965
2 1966
4 1968
4 1969
2 1970
3 1971
2 1973
2 1974
2 1975
2 1976
1 1977
4 1978
1 1979
3 1980
3 1981
3 1982
1 1983
1 1984
1 1985
3 1986
2 1987
1 1988
6 1990
1 1991
8 1992
3 1993
1 1994
6 1995
3 1996
2 1997
4 1998
5 1999
6 2000
5 2001
2 2002
2 2003
4 2004
6 2005
1 2006
3 2007
3 2008
1 2009
3 2010
3 2011
3 2012
2 2013
7 2014
3 2015
1 2016
1 2018
1 2019
1 2020
3 2021
2 2022
4 2023
4 2024
3 2025
2 2026
1 2027
3 2028
4 2029
4 2030
4 2031
3 2033
1 2034
2 2035
5 2036
3 2037
4 2038
4 2039
3 2041
3 2042
3 2043
4 2044
2 2045
1 2046
3 2047
4 2048
6 2049
1 2050
5 2051
2 2052
1 2053
7 2054
3 2055
5 2056
1 2057
1 2058
4 2059
4 2060
1 2061
2 2062
3 2063
2 2064
4 2065
2 2066
1 2067
5 2068
3 2069
7 2070
5 2071
2 2072
3 2073
3 2074
4 2075
2 2076
2 2077
2 2078
1 2079
2 2080
4 2081
3 2082
1 2083
5 2084
4 2085
2 2086
4 2087
8 2088
4 2089
2 2090
4 2091
4 2092
2 2093
3 2094
3 2095
7 2096
1 2097
5 2098
2 2099
3 2100
2 2101
3 2102
5 2103
1 2104
5 2105
9 2106
1 2107
1 2108
5 2109
3 2110
1 2111
5 2112
5 2113
5 2114
3 2115
6 2116
1 2117
3 2118
5 2119
4 2120
6 2121
2 2122
4 2123
6 2124
5 2125
4 2127
2 2128
3 2129
3 2131
4 2132
2 2133
1 2134
2 2136
1 2137
2 2139
2 2140
4 2141
2 2142
4 2143
3 2144
5 2145
6 2146
1 2147
1 2148
3 2149
2 2150
3 2151
2 2152
1 2153
2 2154
2 2155
6 2156
1 2157
7 2158
1 2159
2 2160
1 2161
5 2163
4 2164
1 2165
4 2167
2 2168
3 2170
3 2172
3 2175
1 2176
5 2178
5 2179
4 2180
2 2181
4 2182
3 2183
5 2184
3 2186
3 2187
4 2188
2 2189
2 2190
2 2191
3 2192
2 2193
5 2194
5 2195
3 2196
6 2197
2 2198
2 2199
2 2200
2 2202
1 2203
1 2204
4 2205
1 2206
3 2207
1 2209
3 2210
2 2211
4 2212
3 2216
2 2217
2 2218
7 2219
2 2220
1 2221
4 2222
6 2223
2 2224
4 2225
1 2226
1 2228
2 2229
2 2230
6 2232
1 2233
4 2234
2 2235
1 2237
3 2238
2 2239
5 2241
2 2243
3 2244
9 2245
2 2246
1 2247
2 2248
1 2249
1 2252
5 2253
2 2254
5 2255
2 2256
4 2258
3 2259
2 2260
3 2261
5 2262
2 2263
2 2265
5 2266
4 2268
1 2269
10 2270
1 2271
2 2272
3 2273
8 2274
7 2275
7 2276
2 2279
4 2280
1 2282
1 2283
1 2284
2 2285
1 2286
4 2287
1 2288
1 2289
2 2291
3 2292
4 2293
4 2297
2 2299
2 2300
1 2301
3 2302
1 2303
1 2304
1 2305
2 2307
3 2308
2 2309
2 2311
3 2312
1 2317
1 2318
2 2319
2 2320
2 2321
2 2322
2 2324
1 2325
1 2326
4 2327
1 2328
4 2329
2 2330
1 2331
2 2332
2 2333
1 2334
2 2336
2 2337
1 2338
2 2339
1 2340
3 2341
1 2342
2 2343
2 2345
5 2346
2 2348
1 2350
1 2351
1 2353
2 2354
3 2355
1 2356
6 2357
1 2358
3 2359
1 2360
3 2361
2 2363
2 2364
4 2365
2 2367
5 2368
1 2369
2 2370
2 2371
4 2372
2 2373
4 2374
2 2375
3 2376
3 2380
5 2382
1 2383
1 2384
3 2385
1 2386
2 2387
3 2388
1 2390
2 2391
3 2392
2 2394
1 2395
2 2396
1 2397
2 2400
1 2402
4 2403
1 2405
4 2409
1 2410
1 2411
1 2414
2 2417
2 2420
1 2421
1 2422
2 2423
3 2424
1 2425
3 2426
2 2427
2 2428
1 2429
1 2430
1 2432
4 2434
2 2436
2 2437
2 2439
1 2440
1 2441
1 2442
1 2443
2 2446
1 2447
1 2448
2 2449
2 2450
2 2451
1 2452
3 2455
1 2456
2 2457
1 2458
1 2459
1 2460
2 2462
1 2463
3 2465
4 2467
5 2468
1 2469
1 2470
4 2471
3 2472
3 2473
1 2475
1 2479
2 2480
4 2482
2 2484
4 2487
1 2488
2 2490
1 2491
1 2492
1 2493
1 2495
1 2496
3 2498
1 2499
1 2500
3 2503
5 2504
2 2505
2 2507
1 2508
1 2510
4 2513
1 2514
1 2515
1 2519
1 2521
1 2522
3 2523
5 2524
1 2527
1 2529
3 2531
1 2532
2 2533
1 2534
1 2535
1 2536
1 2538
1 2540
1 2541
2 2542
1 2544
1 2545
1 2548
5 2550
1 2551
1 2552
3 2553
1 2554
5 2555
1 2556
4 2561
4 2562
3 2563
2 2564
1 2567
1 2569
2 2571
2 2572
1 2573
1 2574
2 2575
3 2576
2 2578
1 2579
1 2580
1 2582
2 2583
2 2584
1 2588
1 2591
1 2592
1 2593
1 2594
1 2596
3 2597
1 2602
2 2603
1 2604
2 2606
2 2609
1 2611
2 2612
2 2613
2 2614
1 2615
5 2616
1 2619
2 2621
2 2622
1 2623
1 2625
2 2626
1 2628
1 2630
2 2631
1 2633
1 2637
1 2638
2 2639
1 2641
2 2642
2 2643
2 2644
1 2645
3 2646
2 2647
1 2649
4 2650
2 2651
1 2653
1 2655
2 2656
2 2657
2 2658
4 2659
2 2660
3 2662
3 2666
1 2667
1 2668
3 2670
1 2672
2 2673
4 2674
1 2675
2 2676
1 2678
1 2680
1 2682
1 2685
1 2686
1 2688
1 2693
1 2694
1 2695
1 2700
1 2705
2 2708
1 2711
1 2712
1 2715
2 2716
1 2717
2 2718
2 2719
2 2720
1 2721
2 2722
2 2726
1 2728
3 2729
5 2730
1 2734
2 2735
3 2738
1 2740
2 2745
1 2746
1 2748
1 2749
1 2751
1 2752
3 2755
2 2757
1 2759
4 2760
1 2763
1 2764
1 2765
2 2766
3 2767
1 2768
1 2770
1 2773
3 2781
2 2782
1 2783
3 2784
2 2785
1 2787
1 2790
1 2791
2 2793
1 2796
2 2797
2 2799
1 2800
2 2802
1 2803
2 2804
4 2805
2 2807
1 2808
2 2809
1 2811
2 2812
1 2814
5 2816
1 2817
1 2818
1 2819
4 2822
1 2823
5 2825
1 2829
1 2830
1 2831
1 2832
2 2834
3 2835
2 2836
1 2840
1 2841
1 2842
3 2843
2 2844
1 2845
2 2852
1 2854
3 2855
2 2857
1 2858
1 2859
4 2860
1 2862
2 2863
1 2864
2 2866
1 2868
1 2869
1 2873
1 2874
1 2876
2 2877
2 2878
2 2879
2 2881
1 2885
1 2893
1 2896
2 2898
1 2900
1 2903
2 2905
2 2906
1 2907
1 2908
1 2909
1 2911
1 2913
1 2918
1 2919
1 2920
1 2921
1 2923
1 2926
1 2930
1 2931
1 2936
1 2938
1 2939
1 2940
2 2941
1 2943
1 2945
1 2953
1 2956
2 2957
1 2960
1 2964
1 2967
2 2968
2 2969
1 2971
1 2974
1 2975
2 2976
2 2980
4 2986
2 2987
3 2989
2 2992
1 2994
2 2995
1 2998
1 2999
1 3000
1 3002
1 3006
3 3009
3 3010
1 3011
1 3012
1 3014
2 3019
1 3020
3 3021
1 3022
1 3027
1 3029
1 3032
1 3033
1 3035
1 3036
1 3037
1 3041
2 3042
1 3043
1 3044
1 3050
2 3053
4 3055
2 3057
2 3058
1 3061
2 3064
2 3066
1 3067
1 3068
3 3069
2 3072
1 3074
1 3076
1 3078
3 3079
1 3083
5 3085
2 3091
1 3093
1 3096
1 3098
1 3099
2 3101
6 3103
1 3109
1 3111
1 3112
2 3113
1 3114
2 3115
4 3122
2 3123
3 3124
1 3126
1 3128
3 3129
2 3134
2 3140
2 3145
4 3146
1 3147
1 3148
1 3149
1 3150
1 3151
1 3153
1 3158
1 3159
2 3160
3 3161
2 3163
2 3165
2 3166
3 3168
2 3172
1 3173
1 3174
2 3175
1 3177
3 3178
1 3179
2 3181
1 3182
1 3186
1 3188
3 3189
2 3190
1 3193
2 3198
1 3200
1 3201
1 3202
1 3205
2 3207
2 3208
2 3209
2 3210
1 3213
1 3214
1 3220
1 3222
1 3223
1 3224
2 3226
3 3228
1 3230
4 3231
1 3232
2 3233
3 3234
3 3235
1 3236
1 3242
1 3243
1 3245
2 3246
2 3247
2 3248
1 3249
1 3250
1 3252
4 3253
3 3254
1 3256
1 3257
1 3259
1 3261
2 3263
1 3264
1 3267
2 3268
3 3270
1 3271
1 3272
2 3273
1 3276
1 3279
1 3280
3 3281
4 3282
1 3283
2 3290
2 3293
2 3294
1 3295
1 3296
3 3300
3 3302
3 3303
1 3305
1 3308
1 3311
3 3312
3 3315
2 3316
1 3317
1 3318
3 3319
2 3320
2 3323
1 3324
4 3325
1 3326
1 3327
2 3329
2 3330
1 3334
3 3335
1 3337
1 3338
1 3340
2 3341
1 3342
2 3343
1 3344
1 3350
1 3352
1 3353
1 3355
1 3357
1 3358
3 3359
1 3362
1 3364
1 3366
2 3368
1 3371
3 3372
1 3373
2 3376
3 3378
2 3379
1 3380
2 3381
1 3384
4 3386
2 3387
1 3388
3 3389
2 3392
1 3393
2 3394
2 3395
1 3396
1 3399
1 3400
1 3402
1 3404
1 3405
1 3409
1 3410
1 3411
1 3412
7 3414
2 3415
4 3417
1 3418
2 3423
1 3424
3 3425
2 3426
1 3428
5 3430
1 3434
3 3436
1 3437
1 3439
4 3446
2 3448
1 3451
1 3452
4 3453
4 3454
1 3457
1 3458
1 3461
1 3462
1 3465
1 3467
1 3468
1 3469
1 3470
1 3471
3 3475
2 3477
1 3478
1 3479
1 3480
2 3484
1 3485
4 3486
2 3487
2 3490
1 3491
1 3492
4 3494
1 3500
1 3501
2 3502
1 3504
4 3505
1 3507
1 3508
1 3511
6 3512
2 3516
2 3517
1 3519
2 3521
1 3523
1 3524
1 3525
2 3526
1 3527
2 3528
1 3529
2 3531
1 3532
2 3533
1 3534
1 3536
2 3537
1 3539
3 3542
1 3543
1 3545
1 3546
2 3547
1 3548
2 3549
4 3550
1 3553
5 3554
2 3556
2 3558
1 3560
1 3562
1 3564
1 3566
3 3568
2 3569
1 3570
2 3571
1 3572
1 3573
4 3574
2 3575
1 3576
1 3578
1 3582
1 3584
1 3585
1 3588
1 3589
1 3590
1 3594
1 3595
3 3598
2 3599
1 3601
2 3602
1 3603
1 3605
1 3607
1 3616
2 3617
1 3618
1 3622
1 3623
1 3624
1 3627
1 3628
1 3631
1 3632
1 3634
1 3637
1 3641
1 3642
2 3644
1 3645
1 3648
1 3650
1 3656
1 3657
1 3658
1 3659
1 3660
1 3664
1 3665
3 3667
1 3669
1 3670
1 3674
1 3679
1 3683
1 3685
1 3686
3 3690
1 3691
2 3692
1 3695
1 3696
1 3697
1 3699
3 3700
1 3704
3 3705
2 3707
1 3708
1 3711
3 3712
1 3716
1 3719
1 3722
2 3727
1 3729
1 3730
1 3735
2 3739
2 3740
2 3742
1 3744
1 3747
1 3748
1 3751
1 3753
1 3754
1 3755
2 3756
2 3758
2 3760
1 3761
1 3766
1 3768
1 3769
1 3771
3 3772
2 3777
5 3778
2 3781
2 3784
1 3785
1 3789
2 3790
2 3799
1 3810
1 3811
5 3812
1 3817
2 3818
1 3819
2 3822
1 3823
1 3824
2 3827
1 3830
3 3832
1 3840
2 3849
1 3850
1 3851
1 3853
1 3860
1 3862
3 3863
1 3864
1 3865
1 3876
2 3880
1 3890
2 3892
1 3896
1 3898
1 3899
2 3900
1 3902
1 3903
1 3904
1 3906
1 3908
1 3910
1 3912
1 3913
1 3918
1 3921
4 3924
1 3925
1 3926
2 3936
2 3937
4 3939
1 3944
1 3945
1 3949
1 3950
1 3957
1 3960
1 3968
2 3976
1 3978
1 3984
2 3985
1 3986
1 3994
2 3997
2 3998
1 3999
1 4002
2 4004
1 4008
2 4009
3 4010
1 4013
1 4016
1 4017
2 4021
1 4022
1 4024
1 4025
1 4026
1 4027
1 4030
1 4032
1 4034
1 4035
1 4036
2 4037
1 4039
1 4050
1 4053
1 4055
2 4061
1 4065
1 4073
1 4076
1 4077
1 4086
2 4087
1 4090
1 4097
2 4098
2 4099
1 4100
1 4101
3 4104
1 4107
1 4113
1 4118
1 4120
1 4121
1 4127
1 4129
1 4134
1 4138
1 4141
1 4145
1 4146
1 4148
1 4153
1 4160
2 4162
1 4164
1 4167
2 4174
1 4175
1 4178
1 4179
1 4180
1 4200
1 4207
1 4209
1 4210
1 4218
1 4222
1 4223
1 4226
1 4230
1 4234
2 4239
1 4242
1 4243
1 4247
1 4249
1 4252
2 4253
1 4266
1 4268
2 4276
1 4277
1 4278
4 4284
1 4286
1 4287
1 4293
3 4298
1 4302
1 4304
1 4307
2 4309
1 4330
1 4331
1 4332
1 4335
1 4339
1 4342
3 4344
1 4345
1 4358
1 4361
1 4363
1 4365
2 4370
1 4376
1 4377
1 4378
1 4385
2 4387
1 4389
1 4390
1 4392
2 4393
3 4394
2 4403
1 4408
1 4411
1 4412
2 4419
1 4421
1 4423
2 4425
1 4431
2 4433
1 4435
2 4436
1 4441
1 4442
2 4448
1 4453
1 4458
1 4459
1 4463
1 4482
2 4483
2 4486
3 4489
1 4493
1 4495
1 4499
1 4504
1 4505
1 4512
1 4516
1 4519
1 4535
2 4541
1 4549
1 4550
2 4553
1 4559
1 4560
1 4572
1 4574
1 4580
1 4584
1 4589
1 4590
1 4596
1 4603
1 4604
1 4606
1 4608
1 4609
1 4610
1 4624
1 4635
2 4636
1 4644
3 4646
1 4647
2 4651
2 4655
1 4660
1 4663
2 4667
1 4670
2 4671
2 4679
1 4681
1 4691
1 4695
1 4696
1 4697
1 4708
1 4709
1 4713
1 4717
1 4718
1 4731
1 4734
2 4737
1 4742
1 4752
1 4755
1 4766
1 4768
1 4783
1 4789
1 4790
1 4792
3 4796
1 4804
1 4808
1 4823
2 4827
2 4832
2 4833
1 4845
1 4848
1 4850
1 4853
2 4854
4 4857
1 4861
1 4863
1 4868
1 4873
2 4876
1 4878
1 4879
1 4888
1 4890
1 4900
1 4902
1 4904
1 4907
1 4908
1 4910
1 4914
1 4923
1 4924
1 4925
1 4936
2 4944
1 4946
1 4949
1 4974
2 4978
2 4984
1 4985
1 4988
1 5000
1 5016
1 5019
3 5020
1 5022
1 5024
1 5028
1 5029
1 5030
1 5032
1 5036
2 5039
3 5041
1 5042
2 5045
1 5050
2 5051
4 5060
1 5064
2 5068
1 5074
1 5079
3 5086
1 5089
2 5091
2 5096
1 5099
1 5100
1 5101
1 5105
3 5107
1 5113
1 5118
1 5125
1 5126
1 5127
1 5142
1 5145
1 5146
1 5148
1 5152
1 5153
1 5160
1 5164
1 5166
2 5169
2 5174
1 5176
1 5182
2 5188
2 5189
2 5193
1 5195
1 5196
2 5197
1 5199
2 5211
2 5214
2 5222
2 5230
1 5231
1 5236
1 5239
2 5243
1 5245
1 5246
2 5250
1 5251
1 5252
1 5256
1 5258
1 5261
1 5270
2 5277
3 5279
2 5286
1 5288
1 5303
1 5310
1 5311
2 5312
1 5320
1 5324
3 5327
3 5333
1 5336
1 5337
2 5338
1 5343
1 5344
1 5346
1 5347
1 5348
1 5349
1 5352
1 5355
1 5366
1 5375
2 5376
1 5380
1 5381
1 5386
1 5387
1 5394
1 5397
2 5398
1 5400
1 5403
2 5406
1 5407
4 5408
3 5417
3 5419
2 5426
1 5428
1 5430
2 5435
1 5437
2 5439
2 5448
1 5455
2 5458
2 5461
2 5463
1 5465
1 5466
1 5468
1 5470
2 5473
1 5474
1 5475
2 5476
2 5479
2 5486
1 5487
1 5489
1 5494
2 5501
1 5502
1 5507
1 5510
1 5515
1 5519
1 5520
3 5524
1 5526
2 5534
1 5541
1 5544
1 5548
1 5549
3 5551
1 5553
1 5558
1 5559
1 5565
2 5566
1 5568
3 5571
2 5575
1 5580
1 5582
2 5585
4 5586
2 5587
1 5589
1 5591
1 5593
2 5594
1 5596
1 5600
1 5607
1 5608
3 5611
1 5612
2 5616
3 5617
1 5618
1 5619
2 5620
3 5624
2 5626
1 5627
1 5634
1 5637
1 5639
2 5642
2 5643
1 5647
2 5648
1 5651
1 5653
1 5654
4 5658
1 5659
2 5662
4 5663
1 5664
1 5665
2 5667
2 5677
1 5680
3 5683
2 5685
1 5687
1 5688
1 5691
1 5692
1 5693
2 5694
3 5695
1 5696
2 5698
1 5701
1 5708
1 5709
1 5713
2 5714
4 5717
1 5720
1 5722
1 5723
1 5725
2 5726
1 5729
1 5732
2 5735
1 5737
1 5743
1 5749
2 5754
4 5755
4 5758
1 5760
1 5763
1 5764
4 5765
1 5766
1 5768
2 5769
1 5773
3 5778
4 5779
1 5783
1 5786
1 5791
1 5792
1 5793
3 5798
1 5800
1 5801
1 5802
3 5804
1 5805
4 5806
3 5807
1 5809
2 5811
1 5815
2 5817
1 5823
2 5825
1 5826
1 5828
2 5836
1 5839
3 5840
1 5844
2 5845
2 5846
1 5847
1 5849
2 5850
1 5851
1 5852
1 5854
2 5856
1 5857
1 5863
1 5864
1 5869
2 5872
3 5874
1 5876
1 5877
1 5878
1 5879
1 5885
1 5886
1 5887
2 5890
1 5893
1 5896
3 5897
2 5899
1 5901
1 5908
3 5913
3 5915
1 5916
1 5917
1 5920
2 5921
1 5922
2 5923
1 5924
1 5925
2 5926
1 5927
1 5929
1 5936
1 5939
1 5941
1 5952
1 5953
1 5956
1 5958
3 5964
1 5967
1 5968
1 5969
2 5980
1 5982
1 5983
1 5984
1 5987
2 5999
2 6002
2 6003
3 6004
1 6005
2 6010
1 6014
2 6015
3 6016
1 6021
1 6026
2 6033
1 6035
1 6036
1 6038
2 6041
2 6047
2 6048
1 6053
1 6064
2 6066
4 6069
1 6070
1 6073
2 6078
1 6080
1 6085
1 6094
1 6099
1 6102
1 6106
1 6108
2 6120
1 6123
1 6124
1 6125
1 6127
1 6143
1 6145
1 6151
1 6153
2 6154
1 6159
2 6170
1 6172
4 6176
1 6179
1 6187
1 6191
2 6195
1 6198
2 6201
1 6211
1 6212
1 6214
1 6216
1 6220
1 6222
1 6230
1 6234
1 6240
1 6241
2 6246
1 6249
1 6251
1 6252
2 6257
1 6262
1 6263
1 6264
2 6266
1 6271
1 6274
1 6276
1 6279
1 6281
2 6284
1 6286
2 6292
1 6301
1 6305
1 6309
1 6312
1 6315
1 6316
3 6318
1 6319
1 6326
5 6332
3 6340
2 6342
1 6348
1 6349
1 6351
2 6353
1 6355
1 6357
1 6359
2 6362
1 6364
1 6367
1 6368
1 6369
1 6370
1 6374
1 6376
1 6379
1 6380
2 6381
1 6383
1 6386
1 6387
2 6388
1 6389
1 6390
2 6391
1 6393
1 6395
1 6397
1 6400
1 6404
3 6409
1 6410
3 6413
1 6415
3 6417
2 6418
2 6421
1 6422
1 6423
1 6424
1 6426
1 6429
3 6430
1 6431
2 6432
3 6433
1 6434
3 6435
2 6436
2 6437
3 6439
2 6440
3 6441
2 6443
3 6444
4 6445
1 6446
3 6447
4 6448
1 6449
1 6451
5 6452
1 6453
1 6455
1 6456
1 6457
2 6460
1 6461
3 6462
3 6463
1 6464
2 6466
1 6470
1 6472
1 6474
1 6476
4 6478
2 6479
1 6480
1 6482
1 6483
3 6484
1 6487
2 6488
1 6489
1 6490
1 6493
1 6495
1 6496
1 6497
1 6499
1 6500
1 6501
1 6502
2 6504
1 6505
1 6507
1 6509
1 6511
1 6512
1 6513
1 6514
4 6516
1 6520
2 6521
2 6524
1 6527
1 6529
1 6530
2 6531
3 6532
1 6533
3 6535
1 6538
1 6541
1 6542
3 6543
1 6545
2 6546
2 6547
2 6548
4 6549
3 6550
2 6552
2 6553
3 6554
3 6555
4 6556
1 6558
4 6559
2 6561
2 6562
1 6564
1 6565
2 6566
2 6567
3 6568
1 6569
2 6571
2 6575
2 6576
2 6577
1 6578
3 6579
1 6581
1 6582
1 6583
1 6584
2 6585
1 6586
1 6587
3 6588
3 6589
1 6590
1 6591
1 6592
1 6594
1 6596
3 6597
1 6598
4 6599
1 6600
1 6601
9 6602
3 6603
3 6605
3 6606
4 6607
2 6608
1 6609
3 6610
4 6612
1 6613
2 6614
3 6615
3 6616
3 6617
2 6618
1 6619
1 6620
2 6621
2 6622
1 6623
4 6624
1 6625
2 6627
2 6628
2 6629
3 6630
5 6631
3 6632
2 6633
4 6634
8 6635
1 6636
1 6637
1 6639
1 6641
4 6642
2 6643
1 6644
2 6645
1 6646
1 6649
1 6650
2 6651
2 6652
4 6653
3 6654
2 6655
3 6656
2 6658
1 6659
5 6660
1 6661
2 6663
3 6664
1 6665
3 6666
2 6667
1 6668
3 6669
1 6670
4 6672
2 6673
4 6674
1 6675
2 6676
2 6677
2 6678
4 6679
7 6681
1 6682
3 6683
2 6684
1 6685
2 6686
2 6687
3 6688
4 6689
4 6690
5 6691
1 6692
2 6693
1 6694
1 6695
1 6696
3 6697
2 6698
1 6699
1 6700
4 6702
2 6703
5 6704
2 6705
3 6706
2 6707
4 6708
4 6709
1 6710
1 6712
1 6714
6 6715
2 6718
4 6721
1 6722
2 6723
1 6724
1 6726
5 6727
1 6728
1 6729
2 6730
1 6731
1 6732
2 6733
2 6734
2 6736
2 6737
6 6738
1 6739
1 6740
5 6744
1 6745
1 6746
6 6747
2 6748
5 6749
3 6750
1 6752
3 6753
3 6754
4 6755
3 6757
2 6758
4 6759
1 6760
2 6761
2 6763
2 6764
1 6767
4 6772
1 6773
2 6775
3 6776
4 6777
5 6778
3 6779
2 6780
2 6781
2 6783
2 6784
2 6786
2 6787
4 6788
1 6789
4 6790
2 6791
3 6794
1 6795
2 6796
2 6797
2 6798
1 6799
4 6801
5 6803
1 6804
1 6806
1 6807
1 6808
3 6809
2 6810
3 6811
4 6812
1 6813
2 6814
2 6815
2 6816
1 6817
3 6818
3 6819
1 6820
2 6821
2 6822
1 6823
1 6824
2 6825
2 6826
2 6829
5 6831
2 6832
2 6834
2 6835
1 6836
2 6838
5 6839
3 6840
4 6841
1 6842
3 6843
1 6844
5 6845
1 6847
2 6848
4 6850
3 6852
1 6853
3 6854
5 6855
4 6856
2 6857
3 6858
3 6859
2 6860
2 6861
1 6862
3 6863
1 6864
2 6865
3 6866
2 6867
3 6868
3 6870
1 6871
2 6872
2 6873
2 6874
2 6875
2 6876
1 6877
1 6878
4 6880
7 6882
1 6883
1 6884
2 6885
5 6886
4 6889
1 6892
1 6894
3 6895
1 6897
2 6898
6 6899
3 6900
2 6901
3 6902
3 6903
1 6904
4 6905
3 6906
3 6907
1 6908
1 6909
2 6911
1 6912
1 6913
3 6914
3 6915
1 6916
3 6917
4 6918
1 6919
1 6922
1 6923
2 6924
1 6926
2 6927
2 6928
3 6933
2 6934
6 6935
1 6936
1 6937
4 6938
2 6939
2 6940
2 6941
1 6942
2 6943
2 6945
3 6946
2 6947
4 6948
2 6949
1 6951
1 6952
1 6953
1 6955
1 6959
3 6960
5 6961
2 6962
4 6964
4 6965
3 6966
1 6968
3 6969
4 6970
4 6971
3 6972
3 6974
2 6976
1 6978
3 6980
3 6983
4 6984
1 6986
4 6989
1 6990
1 6991
1 6993
1 6994
1 6995
2 6996
1 6997
1 6999
1 7000
2 7002
3 7004
5 7005
2 7006
1 7008
1 7010
1 7013
2 7014
3 7016
2 7018
6 7019
1 7020
2 7021
2 7022
1 7024
4 7025
1 7026
3 7027
2 7028
1 7029
1 7030
4 7031
2 7032
1 7034
3 7036
2 7037
1 7039
3 7041
2 7045
2 7050
1 7052
2 7054
4 7055
6 7057
3 7058
2 7059
1 7061
1 7062
2 7064
1 7065
2 7066
1 7067
1 7068
2 7069
1 7070
1 7071
1 7075
2 7076
2 7078
1 7079
2 7080
2 7081
4 7082
3 7084
3 7085
2 7087
1 7088
2 7090
3 7091
1 7092
2 7096
2 7097
2 7099
2 7100
1 7101
1 7105
2 7106
4 7108
2 7109
1 7110
1 7111
2 7114
1 7115
1 7117
1 7118
2 7119
2 7120
1 7122
2 7123
4 7124
1 7125
2 7128
1 7129
1 7132
2 7133
1 7134
3 7135
1 7138
1 7140
1 7141
2 7143
3 7145
1 7147
5 7148
3 7155
3 7157
1 7158
1 7159
1 7160
2 7161
3 7162
1 7166
1 7167
3 7168
1 7169
1 7172
1 7175
1 7176
1 7178
1 7180
1 7181
1 7182
1 7183
3 7184
1 7188
2 7189
1 7190
2 7193
1 7194
1 7195
1 7196
2 7197
2 7198
2 7199
2 7200
1 7202
1 7203
1 7205
3 7206
3 7208
1 7209
2 7210
1 7211
1 7213
1 7214
1 7216
2 7218
4 7220
1 7222
3 7223
1 7224
1 7225
1 7226
2 7227
1 7228
2 7230
1 7231
1 7233
1 7236
1 7237
1 7238
2 7240
3 7242
1 7243
3 7244
1 7245
1 7248
1 7249
2 7250
2 7251
1 7253
3 7254
2 7255
1 7257
3 7258
4 7260
1 7261
3 7262
1 7263
1 7264
4 7265
1 7266
1 7268
1 7269
1 7270
2 7273
2 7278
1 7279
2 7280
1 7281
3 7282
3 7284
1 7285
2 7286
3 7287
1 7288
2 7289
4 7290
2 7291
4 7292
3 7295
1 7298
1 7299
1 7301
1 7302
4 7303
1 7304
3 7305
1 7306
1 7307
1 7314
5 7316
2 7317
4 7318
3 7319
3 7320
1 7322
1 7323
1 7325
1 7326
2 7327
1 7329
1 7330
2 7331
3 7332
1 7333
4 7334
1 7335
4 7336
5 7337
1 7340
2 7342
1 7343
1 7345
3 7346
2 7347
1 7348
1 7349
3 7350
3 7352
1 7353
1 7354
1 7355
3 7356
1 7357
1 7358
1 7359
2 7360
5 7362
4 7363
1 7364
2 7365
2 7366
2 7367
1 7368
1 7369
2 7370
4 7371
3 7372
1 7373
3 7374
1 7376
3 7377
1 7378
1 7379
2 7380
1 7381
2 7383
3 7385
1 7386
2 7387
1 7388
4 7390
2 7391
5 7392
6 7394
2 7395
1 7396
1 7399
2 7400
1 7401
1 7402
2 7404
1 7405
1 7406
4 7409
1 7410
2 7411
1 7414
4 7415
1 7416
2 7418
2 7420
2 7422
1 7423
2 7425
2 7426
3 7428
1 7429
1 7430
1 7431
5 7432
2 7433
1 7434
4 7435
2 7436
3 7437
3 7438
1 7440
2 7442
3 7443
1 7444
1 7445
3 7446
1 7447
1 7449
3 7452
2 7454
2 7455
4 7456
1 7457
1 7459
2 7460
1 7461
1 7465
1 7466
1 7467
1 7471
1 7472
1 7473
2 7475
1 7476
4 7477
1 7479
1 7480
2 7481
2 7482
5 7483
2 7484
1 7485
2 7490
2 7492
2 7493
1 7494
2 7495
1 7497
2 7498
1 7499
1 7500
3 7501
1 7502
2 7503
1 7504
3 7505
1 7506
2 7507
1 7508
3 7509
2 7510
1 7512
3 7518
1 7520
1 7521
1 7524
1 7525
3 7526
3 7528
2 7530
1 7532
1 7533
1 7534
2 7536
2 7537
2 7539
1 7541
1 7543
1 7546
1 7547
3 7548
2 7549
3 7550
1 7551
2 7553
1 7555
2 7556
1 7557
2 7558
1 7561
1 7562
1 7563
2 7564
1 7565
1 7567
1 7568
1 7571
1 7572
1 7573
2 7574
1 7575
2 7576
3 7577
3 7578
2 7580
3 7581
1 7582
2 7585
2 7587
1 7588
1 7589
3 7590
2 7592
1 7593
1 7594
2 7598
1 7601
2 7603
1 7606
2 7607
1 7608
3 7609
1 7611
2 7612
2 7614
3 7615
2 7616
1 7618
3 7622
1 7623
1 7626
2 7627
3 7628
2 7630
4 7631
1 7634
3 7637
2 7639
1 7642
2 7645
1 7646
2 7647
3 7651
1 7655
2 7656
1 7657
1 7659
2 7661
2 7662
1 7672
1 7674
3 7677
1 7678
2 7680
1 7681
1 7682
1 7683
1 7685
2 7688
1 7692
1 7693
2 7694
2 7695
2 7699
1 7701
2 7704
2 7710
3 7714
1 7716
1 7718
2 7720
1 7722
1 7723
1 7726
1 7730
1 7732
1 7735
1 7736
1 7737
3 7738
3 7739
2 7741
2 7742
1 7743
1 7744
1 7746
1 7749
1 7751
1 7756
2 7763
1 7764
2 7768
1 7772
1 7773
3 7776
2 7780
1 7781
3 7784
3 7787
1 7790
1 7795
1 7805
1 7807
1 7808
2 7812
1 7813
1 7814
1 7818
2 7819
1 7821
1 7822
2 7823
1 7826
1 7829
1 7837
1 7839
1 7842
2 7852
1 7853
2 7855
1 7858
1 7863
1 7868
1 7871
3 7872
1 7873
1 7877
1 7883
1 7885
1 7892
1 7893
1 7894
1 7897
1 7901
2 7903
1 7907
1 7908
1 7910
1 7915
2 7921
1 7922
1 7923
2 7925
2 7937
1 7945
1 7952
2 7955
1 7957
1 7958
1 7960
1 7965
1 7971
1 7974
1 7977
1 7979
1 7981
1 7983
1 7989
1 7991
1 7999
1 8000
1 8001
1 8002
1 8012
1 8014
1 8017
2 8035
1 8042
1 8044
1 8055
1 8056
3 8066
1 8070
1 8072
1 8076
3 8083
1 8084
1 8087
1 8090
1 8094
1 8100
1 8142
2 8152
1 8153
1 8154
1 8155
1 8156
1 8167
1 8180
1 8186
2 8192
1 8206
2 8210
1 8227
1 8230
1 8241
1 8244
1 8265
2 8268
1 8274
1 8279
1 8301
1 8315
1 8323
2 8325
1 8331
1 8337
1 8352
1 8359
1 8379
1 8389
1 8404
1 8434
1 8466
1 8486
1 8496
2 8500
1 8518
1 8521
2 8530
1 8531
4 8534
1 8542
2 8571
1 8605
1 8626
1 8630
1 8645
1 8653
1 8657
1 8665
1 8671
2 8673
1 8684
2 8721
1 8722
1 8749
1 8763
1 8792
1 8802
1 8814
2 8815
1 8816
1 8821
1 8828
1 8832
2 8846
1 8848
2 8874
1 8877
1 8888
1 8897
1 8906
1 8938
1 8949
1 8959
1 8965
1 8985
1 8988
1 8990
1 9022
2 9028
1 9031
1 9033
1 9131
1 9136
1 9143
1 9148
2 9162
1 9174
1 9182
2 9199
1 9203
1 9222
1 9250
2 9272
1 9280
1 9286
1 9287
1 9298
1 9300
1 9303
1 9306
1 9324
1 9338
1 9361
2 9369
2 9375
1 9377
1 9401
1 9432
1 9451
2 9455
1 9459
1 9480
3 9484
1 9489
2 9493
1 9497
1 9501
1 9505
1 9507
1 9533
2 9535
1 9538
1 9554
1 9556
1 9568
1 9582
1 9608
1 9612
2 9626
1 9647
1 9669
1 9677
1 9690
1 9692
1 9703
1 9705
2 9750
1 9818
1 9827
1 9852
1 9854
1 9940
1 9966
1 9996
1 10002
1 10007
2 10049
1 10069
1 10109
1 10110
1 10124
1 10144
1 10157
1 10165
1 10284
1 10286
1 10294
1 10304
1 10349
1 10429
1 10471
1 10499
1 10508
1 10544
1 10599
1 10654
1 10707
1 10759
1 10831
1 10832
1 10877
1 10882
1 10922
1 10950
1 10982
1 11043
1 11093
1 11104
1 11124
1 11137
1 11166
1 11205
1 11255
1 11272
1 11394
1 11447
1 11523
1 11528
1 11645
1 11830
1 11882
1 11904
1 11931
1 12096
1 12141
1 12148
2 12208
1 12316
1 12328
1 12512
1 12525
2 12608
1 12626
1 12653
1 12736
1 12755
1 12759
1 12849
1 12897
1 12930
3 12950
1 12974
1 13008
2 13010
1 13148
1 13212
1 13286
1 13382
1 13408
1 13483
1 13503
1 13511
1 13652
1 13681
3 13729
1 13756
1 13850
2 13857
2 13882
1 13935
1 13957
1 13970
1 14125
1 14212
1 14392
2 14393
1 14407
1 14820
1 14838
1 14853
1 14897
1 14935
1 15014
1 15031
1 15034
1 15117
1 15184
1 15226
1 15229
1 15273
1 15328
1 15421
1 15423
1 15428
1 15431
1 15448
1 15453
1 15482
1 15500
1 15553
1 15557
2 15638
1 15678
1 15814
1 15925
1 16091
1 16189
1 16228
1 16229
1 16239
1 16466
1 16505
1 16698
1 16710
1 16877
1 16920
1 16986
1 17004
1 17138
1 17411
1 17413
1 17665
1 17710
1 17723
1 17763
1 17834
1 17861
1 17947
1 17979
2 17982
1 18048
1 18063
1 18071
1 18072
1 18073
1 18074
1 18107
1 18152
1 18187
1 18240
2 18286
1 18353
1 18419
1 18460
1 18469
1 18474
1 18716
1 18953
1 19136
1 19145
1 19198
2 19305
1 19358
1 19468
1 19636
1 20150
1 20209
1 20235
1 20246
1 20662
1 20757
1 20877
1 20906
1 21327
1 21766
2 21981
1 22087
1 22149
1 22157
1 22164
1 22169
1 22183
1 22303
1 22358
1 22414
1 22509
1 22658
1 22768
1 22851
1 22889
1 22901
2 22947
1 23314
1 24767
1 24984
1 25160
1 25171
1 25404
1 25891
1 25952
1 25962
1 26152
1 26397
1 26481
1 26485
1 26647
1 27782
1 28003
1 28148
1 28155
1 28158
2 28315
1 30984
1 31409
1 31576
1 31781
1 31945
1 32056
1 32398
1 32651
1 33124
3 33129
1 33182
1 33217
1 33218
1 33521
1 33624
1 34067
1 34212
1 35680
1 35692
1 35733
1 35750
1 38601
1 38804
1 40040
1 41143
1 41287
1 42488
1 43198
1 46107
1 46116
3 46129
1 46179
1 46351
1 46529
1 46702
1 46986
3 47756
1 47781
1 47855
1 48699
2 48972
2 49061
1 49293
1 49412
1 50268
1 50417
1 52424
1 53038
2 53681
2 53785
1 54181
1 54254
1 54300
1 54371
1 54405
1 54418
1 54442
1 55058
1 55700
2 55708
1 57349
1 58035
1 58049
1 58083
1 58095
1 58125
1 58295
1 58768
1 62743
1 66118
1 67941
1 71452
1 75406
1 77218
1 78229
1 79732
1 80487
2 90484
1 92598
2 93731
1 94752
1 95052
1 95942
1 97754
1 103813
1 106464
1 112715
1 118243
2 120417
1 124352
1 128183
1 137586
1 137942
1 144036
1 146757
1 146851
1 152056
1 154671
1 154989
2 177758
1 179433
1 179532
1 183958
1 185454
1 196040
1 203504
1 210039
1 214750
1 217523
1 219878
1 226928
1 226941
1 226983
1 226985
1 226986
1 226987
1 226988
1 226991
1 226992
1 226995
1 226999
1 227000
2 227004
1 227011
1 227013
1 227014
1 227015
2 227022
1 227028
1 227694
1 228915
1 229221
1 229632
1 230677
1 232361
1 250615
2 251201
1 252089
1 253593
1 259351
1 264218
1 264518
1 269159
1 269349
2 275782
1 279819
1 290092
1 293439
2 293491
1 293504
1 293541
2 293598
1 293614
1 293711
1 297072
2 298370
2 303234
1 313801
1 315222
1 315264
1 315322
1 315405
1 315460
1 315486
1 315499
2 315510
1 315511
2 315513
1 315516
1 315539
1 315558
1 316525
1 320126
1 324369
1 333865
1 339249
1 348553
1 383222
1 395973
1 410339
1 411554
1 440014
1 443720
1 458118
1 459781
1 460911
2 476517
1 479426
1 479913
1 507348
1 521770
1 544134
1 570441
1 598860
1 603789
1 609908
1 616774
1 648628
3 648634
2 650860
1 671457
1 684495
1 724847
1 725875
1 732271
1 745847
1 746160
1 770052
1 785734
1 817787
1 822101
1 834492
1 849594
1 851526
2 886607
1 955510
1 970320
1 1006951
1 1018282
2 1047514
2 1051154
2 1080088
1 1098822
2 1107911
2 1114790
1 1128910
1 1135057
2 1143665
1 1160343
1 1209997
1 1231025
1 1231374
1 1279402
1 1290571
1 1292338
1 1319986
1 1344375
1 1454095
1 1482477
1 1524725
1 1549250
1 1574897
1 1637500
1 1651110
1 1682298
1 1685098
1 1748480
1 1755776
1 1860969
1 1876464
1 1889809
1 1935940
1 1976490
1 2006868
1 2025398
2 2059655
1 2059705
1 2059764
1 2106274
1 2126343
1 2128002
3 2162117
1 2176446
1 2209686
1 2217305
1 2292755
1 2303011
1 2372765
1 2390576
1 2429196
1 2436957
1 2484366
1 2539067
1 2584826
1 2712391
1 2726088
1 2751865
1 2770581
1 2778338
1 2894161
1 2903868
1 2905713
1 2932764
1 2988077
1 3033220
1 3230904
1 3320182
1 3324492
1 3366584
1 3375773
1 3384466
1 3443692
1 3507239
1 3527897
1 3546323
2 3574423
1 3580855
1 3598324
1 3616824
1 3617019
1 3617091
1 3617105
1 3617231
1 3617300
1 3618366
1 3621563
1 3688406
1 3689069
1 3725414
1 3754307
1 3763525
1 3783930
1 3794660
1 3816258
1 3882679
1 3923095
1 3992439
1 4046510
1 4056791
1 4129079
1 4150371
1 4236226
1 4244033
1 4260127
1 4261523
1 4312209
1 4336046
1 4408393
1 4427663
1 4448625
1 4485938
1 4489667
1 4489973
1 4550106
1 4558547
1 4608302
1 4621126
1 4630605
1 4639766
1 4641527
1 4650185
1 4696641
1 4756490
1 4763841
1 4792407
1 4799291
1 4822037
1 4832440
1 4929030
1 4941785
1 4990090
1 5062936
1 5080474
1 5081678
1 5131178
1 5160724
1 5182094
1 5235315
1 5264793
2 5284103
1 5339104
1 5398787
1 5399871
1 5418904
1 5443644
2 5445823
1 5524930
1 5529395
1 5549805
1 5555786
1 5559863
1 5661796
1 5748976
1 5757024
1 5790693
1 5793450
1 5861096
1 5866839
1 5953498
1 5970383
1 5976567
1 5985744
1 5996217
1 6118915
1 6124846
1 6186235
1 6193325
1 6222540
1 6232113
1 6333198
1 6495072
1 6535240
1 6568450
1 6601185
1 6621182
2 6633683
1 6683218
1 6810542
1 6860032
1 6995259
2 7010818
1 7067778
1 7071549
1 7072883
1 7083095
1 7085785
1 7136789
1 7139890
1 7211821
1 7224697
1 7241039
1 7319417
1 7323828
1 7331197
1 7378997
1 7426454
1 7454831
1 7560496
1 7637930
1 7663185
1 7664271
1 7754072
1 7778419
1 7807072
1 7816202
1 7820414
1 7826671
2 7845458
1 7901236
1 7903511
1 7908145
1 7908695
1 7908969
1 7942659
1 7958856
1 8004946
1 8217906
1 8332782
1 8348159
1 8419641
1 8426416
1 8446223
1 8453370
1 8488001
1 8488130
1 8515215
1 8528984
1 8547911
1 8563694
1 8563724
1 8603127
1 8617253
1 8647227
1 8694635
1 8749660
1 8814960
1 8820041
1 8820056
2 8820330
1 8820506
1 8872138
1 8877796
1 8891185
1 8911298
1 8931779
1 8947044
1 8953277
1 8964739
1 9014131
1 9038414
1 9050960
1 9056885
1 9120259
2 9192465
1 9196858
1 9254190
1 9321143
1 9336368
1 9388022
1 9403471
1 9404036
4 9425371
2 9425376
1 9425380
3 9425381
1 9425382
3 9425383
1 9425384
4 9425385
2 9425386
3 9425390
2 9425392
2 9425393
2 9425394
1 9425398
4 9425400
1 9425401
1 9425402
1 9425403
2 9425406
1 9425407
3 9425408
3 9425410
2 9425411
1 9425412
2 9425413
2 9425414
1 9425415
2 9425418
1 9425419
6 9425420
1 9425422
1 9425423
2 9425427
1 9425433
2 9425436
3 9425437
3 9425438
5 9425439
3 9425441
1 9425446
4 9425448
1 9425450
1 9425451
1 9425452
1 9425453
1 9425454
4 9425455
2 9425463
3 9425465
1 9425466
4 9425467
1 9425468
1 9425469
1 9425470
1 9425472
3 9425474
1 9425476
1 9425481
1 9425485
1 9522455
1 9536852
1 9608127
1 9629695
1 9630672
1 9654308
1 9721036
1 9723122
1 9732109
1 9733942
1 9749042
1 9768086
1 9785426
3 9877423
3 9877425
3 9877430
1 9877432
4 9877433
11 9877435
9 9877441
3 9877442
1 9877443
7 9877444
4 9877446
1 9877449
4 9877450
4 9877451
1 9877454
2 9877455
9 9877456
1 9877457
2 9877462
2 9877464
1 9877468
1 9877469
3 9877573
1 9877575
1 9877579
1 9877580
2 9877581
5 9877582
2 9877585
6 9877586
10 9877587
7 9877591
4 9877592
1 9877593
2 9877594
1 9877595
1 9877597
1 9877599
1 9877600
5 9877601
3 9877603
2 9877605
1 9877606
1 9877607
3 9877608
1 9877609
2 9877615
2 9877705
2 9877706
3 9877708
1 9877713
3 9877715
1 9877716
1 9877717
3 9877718
3 9877719
1 9877726
1 9877727
3 9877729
2 9877731
8 9877732
1 9877733
2 9877734
2 9877735
3 9877737
1 9877739
1 9877741
6 9877743
1 9877744
1 9910014
1 9937541
1 9941686
1 9964732
1 9975856
1 10010656
1 10043874
1 10046940
1 10061082
1 10111303
1 10141232
1 10141356
1 10141393
1 10141398
1 10141437
1 10141447
1 10141467
1 10141472
1 10141490
1 10141496
1 10141519
1 10141523
2 10141534
1 10141543
2 10141569
1 10141577
1 10141582
1 10141610
1 10145105
1 10241309
1 10242945
1 10293042
1 10333541
1 10351052
1 10423709
1 10469258
1 10532945
1 10577497
1 10612545
1 10630204
1 10635625
1 10657180
1 10659889
1 10700806
1 10711805
1 10872870
1 10919923
1 11300980
1 11345106
1 11393326
1 11402866
1 11468420
1 11551622
1 11569266
1 11622787
1 11635776
1 11719411
1 11732220
1 11737231
1 11774296
1 11895701
1 11927301
1 12033715
1 12127239
2 12204145
1 12377693
1 12388233
1 12453066
1 12551817
1 12552204
1 12552941
1 12582416
1 12644968
1 12662493
1 12668662
1 12698525
1 12778491
1 12890917
1 12906332
1 13013748
1 13082094
1 13114643
1 13130342
1 13150742
1 13182020
1 13239523
1 13309258
2 13350627
1 13350837
1 13412459
1 13572423
1 13642684
1 13649682
1 13777924
1 13901398
1 13910023
2 13910029
1 13910030
1 13910099
2 13930210
1 13994961
1 14010813
1 14088602
1 14090669
1 14096037
1 14354066
1 14535421
1 14568345
1 14584372
1 14588805
1 14787991
1 14849972
1 14855137
1 14891029
1 14923253
2 14958680
1 15086258
1 15104647
1 15130601
1 15185363
1 15200049
1 15222821
1 15284308
1 15349823
1 15409387
1 15451354
1 15457649
1 15563857
1 15564739
1 15571546
3 15581999
1 15676393
1 15741941
1 15753079
1 15788387
1 15792142
1 15805546
1 15846573
1 15951647
1 16022584
1 16027492
1 16074505
1 16130852
1 16151460
2 16157092
1 16157093
2 16157095
1 16157099
1 16157104
3 16157105
2 16157106
3 16157107
1 16157108
3 16157114
1 16157115
2 16157119
1 16157121
4 16157122
2 16157123
1 16157124
1 16157125
2 16157126
1 16157127
1 16157128
1 16157130
1 16157136
1 16157137
2 16157141
1 16157142
1 16157143
2 16157144
2 16157145
1 16157147
1 16157153
2 16157154
5 16157155
1 16157156
1 16157157
2 16157161
2 16157164
1 16157175
4 16157177
2 16157180
2 16157181
4 16157182
2 16157183
2 16157184
5 16157187
2 16157188
2 16157189
1 16157190
1 16157191
2 16157192
6 16157194
3 16157195
2 16157196
2 16157197
2 16157198
2 16157199
2 16157200
1 16157201
1 16157202
1 16157204
1 16157205
2 16157208
2 16157209
2 16157210
2 16157213
2 16157215
1 16157216
4 16157219
2 16157221
1 16157222
2 16157225
1 16157226
3 16157227
2 16157229
2 16157230
1 16157231
3 16157232
1 16157234
2 16157235
1 16157237
2 16157239
1 16157240
3 16157241
3 16157245
1 16157246
1 16157249
2 16157250
2 16157252
3 16157255
3 16157257
1 16157259
1 16157260
1 16157261
2 16157262
4 16157263
1 16157264
2 16157266
3 16157267
2 16157268
1 16157270
1 16157272
1 16157275
3 16157280
4 16157283
1 16157284
1 16157285
4 16157287
2 16157290
1 16157291
1 16157293
4 16157294
2 16157295
1 16157296
1 16157297
2 16157300
1 16157305
1 16157311
6 16157313
1 16157315
1 16157316
4 16157321
1 16157323
1 16157324
2 16157328
1 16157331
3 16157333
1 16157336
1 16157339
2 16157340
4 16157341
1 16157348
1 16157353
1 16157358
1 16157361
1 16157364
1 16157371
2 16157372
1 16157382
1 16157395
1 16157398
1 16157399
1 16157404
1 16157405
1 16157411
1 16157415
1 16157421
1 16157422
1 16157424
1 16157433
1 16157441
2 16157446
1 16157452
1 16157455
1 16157456
1 16157462
1 16157468
2 16157472
1 16157487
1 16157492
1 16157495
2 16157496
1 16157502
1 16157505
3 16157506
2 16157509
1 16157514
1 16157524
1 16157526
1 16157534
2 16157536
1 16157545
2 16157546
1 16157555
1 16157556
1 16157563
1 16157568
2 16157572
1 16157574
3 16157578
2 16157582
2 16157583
1 16157584
1 16157585
1 16157587
1 16157596
2 16157599
1 16157605
1 16157609
1 16157616
1 16157618
1 16157639
1 16157672
1 16157705
1 16157707
1 16157713
1 16157741
1 16157744
1 16157745
1 16157753
1 16188034
1 16201874
3 16203278
1 16232182
1 16252701
1 16256437
1 16256449
1 16293524
1 16401454
2 16464808
1 16517686
1 16548013
1 16699228
1 16714020
1 16756243
1 16823859
1 16887448
1 16895609
1 16926549
1 16977446
1 16994159
1 17091057
1 17127826
1 17131755
1 17150249
1 17226490
1 17238543
1 17254844
1 17281454
1 17313623
1 17331624
1 17490663
1 17539301
1 17633230
1 17647381
1 17750392
1 17784084
1 17889270
1 17892533
1 17941133
1 17942706
1 17974515
1 17977228
1 17994187
1 18032458
1 18119508
1 18182958
1 18184986
1 18229548
1 18382500
1 18411201
1 18439764
1 18501205
1 18532382
1 18594521
1 18618555
1 18620517
1 18630221
1 18647767
1 18685772
1 18686723
1 18728689
1 18734229
1 18734357
1 18734374
1 18734375
1 18734381
1 18734385
1 18734386
1 18818974
1 18876540
2 18891546
1 18922422
1 18951372
1 19046990
1 19136559
1 19162890
1 19183144
1 19315276
1 19324570
1 19336175
1 19348833
1 19616350
1 19635478
1 19706827
1 19747234
1 19774364
1 19885818
1 19930772
1 19939011
1 19948475
1 19960716
1 20061177
2 20065166
1 20099582
1 20161165
1 20173600
1 20232562
1 20272446
1 20285472
1 20376502
1 20401773
1 20529791
1 20541791
1 20600489
1 20668607
1 20689430
1 20883788
1 20955121
1 20963945
1 21060839
1 21116190
1 21132172
1 21172980
1 21234529
1 21274599
1 21308911
1 21314736
1 21323884
1 21431110
1 21457986
1 21479961
1 21564416
1 21728161
1 21764785
1 21825511
1 21848558
1 21855388
1 21859809
1 21894118
1 22048194
1 22120973
1 22250373
1 22358722
1 22360621
1 22424483
1 22534909
1 22637383
1 22667753
1 22732509
1 22865139
1 22871394
1 22934099
1 22970394
1 23024534
1 23030462
1 23100956
1 23111473
1 23130607
1 23154109
1 23182261
1 23242428
1 23289689
1 23427011
1 23541461
1 23551701
1 23632923
1 23639968
1 23708997
1 23717210
1 23754496
1 23768994
1 23856772
1 23961127
1 23967555
1 24026453
1 24067058
1 24116132
1 24148943
1 24157304
1 24410322
1 24419069
1 24495786
1 24532680
1 24560035
1 24598162
1 24636570
2 24674825
1 24696281
1 24711609
1 24780554
1 24913194
1 24938093
1 24952970
1 24960755
1 25016744
1 25021944
1 25172589
2 25185811
1 25210520
1 25342389
1 25401615
1 25532829
1 25601306
1 25655690
1 25659156
1 25815111
1 25841908
1 25883727
1 25912325
1 25980554
1 26066396
1 26100578
1 26109276
1 26152896
1 26209682
1 26229804
1 26253659
1 26298678
1 26313731
1 26408840
1 26440159
1 26480040
1 26631354
1 26713844
1 26737450
1 26764990
1 26803497
1 26817242
1 26826249
1 26913606
1 26921082
1 26979442
1 27025907
1 27035719
1 27062724
1 27142366
1 27244824
1 27247902
1 27265215
1 27300449
1 27310908
1 27333190
1 27405780
1 27407797
1 27409086
1 27409115
1 27409321
1 27449193
1 27483545
1 27512566
1 27567851
1 27591710
1 27605891
1 27646578
1 27673913
1 27777612
1 27786473
1 27798005
1 27983512
1 28033335
2 28086124
1 28166020
1 28179190
1 28183277
1 28195752
1 28207992
1 28235287
1 28288350
1 28304818
1 28469739
1 28498855
1 28529181
1 28660625
1 28726064
1 28730827
1 28809282
1 28993666
1 29041332
1 29068656
1 29080635
1 29094667
1 29128075
1 29148788
1 29168897
1 29189639
1 29196749
1 29229012
1 29237441
1 29289627
1 29343504
1 29418098
1 29552907
1 29642813
1 29974610
1 30004055
1 30057353
1 30072785
1 30072790
1 30103541
1 30378697
1 30392916
1 30554641
1 30575613
1 30646385
2 30725431
1 30749747
1 30773939
2 30796985
1 30911532
1 30928355
1 30950610
1 30979382
1 31035892
1 31195690
1 31210863
1 31258020
1 31321638
1 31333269
1 31334806
1 31409976
1 31425562
1 31628317
1 31640840
1 31696272
1 31702315
1 31703419
1 31736037
1 31761886
1 31765011
1 31795731
1 31887708
1 31956916
1 31964359
1 32177006
1 32315765
1 32325655
1 32455124
1 32465711
1 32483766
1 32494163
1 32706764
1 32766964
1 32839969
1 32960840
1 33047885
1 33058434
1 33062358
1 33117439
2 33164796
1 33258244
2 33260519
1 33317522
1 33363019
1 33395914
1 33429179
1 33541001
1 33579562
1 33603764
1 33688183
1 33783322
1 33789682
1 33880938
1 33930001
1 33939998
1 33952477
2 34030831
1 34251365
1 34291704
1 34451874
1 34475500
1 34487122
1 34583128
1 34641110
1 34787460
1 34814374
1 34835118
1 34856234
1 34948562
1 34965352
1 34993011
1 35058184
1 35136241
1 35157402
1 35186456
1 35348787
1 35457027
1 35485610
1 35568216
1 35752083
1 35811750
1 35875566
1 35964181
1 35979224
1 36049193
1 36087057
1 36129727
1 36259332
1 36378302
1 36453475
1 36486405
1 36639919
1 36887691
1 36922458
1 37117569
1 37173824
1 37186857
1 37589502
1 37640763
1 37705695
1 37834658
1 37858318
1 37887089
1 37905706
1 37959974
1 38023886
1 38030763
1 38063204
1 38223137
1 38378097
1 38400743
1 38505957
1 38533072
1 38562780
1 38615743
1 38648373
1 38692886
1 38729318
1 38854036
1 38863653
1 38893180
1 39129085
1 39188654
1 39212937
1 39219238
1 39240213
1 39414338
1 39452686
1 39503951
1 39615102
1 39740164
1 39783631
1 39819504
1 39905652
1 40089801
1 40297790
1 40326233
1 40354633
1 40370913
1 40373456
1 40450265
1 40453252
1 40467700
1 40476248
1 40497971
1 40632099
1 40692812
1 40733020
1 40759815
1 40760288
1 40765374
1 40806408
1 40832254
1 40835875
1 40937040
1 41005452
1 41173816
1 41247015
2 41257837
1 41480992
1 41493929
1 41544407
1 41574482
1 41598858
1 41633327
1 41660900
1 41693629
1 41699192
1 41839295
1 41885394
1 41892002
1 41892136
1 41953691
1 42105530
1 42115929
1 42362639
1 42370968
1 42375088
1 42474239
1 42523844
1 42527410
1 42604933
1 42640053
1 42671671
1 42677795
1 42681848
1 42686074
1 42833577
1 42841394
1 42873387
1 42925558
1 42930561
3 43000429
1 43000430
5 43000432
3 43000433
1 43000434
2 43000435
3 43000439
1 43000440
2 43000442
1 43000445
3 43000446
2 43000450
1 43000453
1 43000454
3 43000455
1 43100864
1 43143756
1 43163415
1 43188696
1 43188724
1 43188974
1 43258152
1 43307802
1 43389080
2 43405798
1 43417245
1 43483278
1 43489920
1 43554141
1 43578008
1 43709223
1 43730585
1 43786449
1 43810712
1 43965320
1 44010039
1 44146434
1 44222951
1 44456503
1 44487483
1 44496522
1 44594211
1 44861900
3 44874069
1 44876137
1 44888417
1 45010415
1 45090497
1 45187642
1 45315678
1 45428506
1 45433938
2 45539920
1 45593693
1 45677881
1 45922429
1 46140103
1 46236864
1 46368521
1 46392307
1 46557553
1 46561371
1 46597451
1 46687821
1 46978133
1 46980101
5 47022525
1 47081947
1 47106300
1 47142277
1 47145698
1 47148329
1 47229539
1 47259292
1 47259412
2 47260746
1 47308747
1 47634179
2 47729256
1 47729269
1 47770169
1 48002162
1 48017291
3 48025701
1 48140998
1 48245742
1 48259364
1 48267468
1 48297217
1 48494953
1 48535972
1 48561941
1 48565225
1 48661965
1 48700219
1 48727618
1 48733483
1 48831504
1 49011770
1 49039896
1 49288500
1 49363696
1 49411971
1 49699084
1 49710082
1 49774172
1 49806111
1 50027214
1 50042034
1 50056825
1 50101684
1 50185347
1 50435691
2 50554141
1 50738735
1 50757974
1 50789297
1 50894441
1 51074906
1 51151892
1 51179178
1 51196655
1 51225474
1 51231185
1 51286906
1 51498158
1 51524825
1 51568131
1 51573307
1 51796627
1 51806380
1 51905393
1 51998188
1 52080941
1 52090496
1 52152910
1 52175331
1 52220205
1 52273063
1 52431988
1 52450986
1 52460431
1 52467746
1 52596536
1 52619133
1 52793851
1 52801292
1 52814889
1 52825233
1 52973535
1 52973754
1 52978343
1 53011362
1 53173024
1 53333937
1 53395628
1 53467072
1 53490425
1 53495176
1 53550241
1 53646380
1 53707154
1 54228049
1 54242013
1 54291683
1 54311775
1 54311839
1 54311851
1 54383013
1 54498643
1 54531108
1 54613309
1 54697880
1 54703205
1 54704686
1 54773947
1 54876959
1 54902228
1 54920227
1 54925494
1 54944054
1 54974458
1 55417022
1 55436722
1 55664428
1 55813692
1 55940145
1 55953577
1 56234616
1 56272587
1 56274378
1 56351969
1 56368340
1 56467819
1 56485317
1 56503399
1 56668775
1 56731136
1 56841698
1 56929247
1 57016656
1 57129110
1 57288293
1 57322141
1 57322716
1 57324263
1 57590471
1 57590472
1 57590478
1 57590508
1 57676575
1 57926067
1 58187921
1 58248560
1 58263996
1 58383458
1 58394768
1 58461394
2 58489489
1 58560767
1 58625594
1 58625596
1 58625648
2 58642659
1 58657954
1 58907011
1 58971949
1 58983039
1 59415734
1 59440399
1 59448815
1 59616675
1 59707197
1 59907151
1 59998883
1 60028770
1 60092887
1 60152092
1 60438221
1 60821575
1 60857281
1 60983208
1 61023924
1 61047856
1 61107300
1 61107535
1 61147278
1 61196519
1 61359351
1 61460869
1 61492915
1 61881188
3 61926306
1 62077844
1 62086884
1 62234685
1 62407985
1 62426178
1 62519892
1 62627290
1 62722229
1 62805003
1 62806899
1 62906796
1 63029484
1 63081939
1 63082022
1 63264541
1 63401981
1 63529120
1 63555597
1 63571463
1 63656092
1 63660814
1 63870870
1 63948407
1 64013317
1 64247231
1 64356065
1 64491191
1 64636075
1 64937042
1 64999113
1 65051337
2 65051590
1 65206172
1 65321900
1 65740763
1 65769119
1 65789309
1 65850593
1 65867124
1 65869119
1 65897664
1 65983979
1 66083313
1 66089091
1 66130008
1 66202651
1 66227576
1 66315011
1 66392658
1 66439759
1 66497810
1 66499346
1 66575591
1 66626469
1 66676501
1 66718775
1 66783693
1 66848473
1 66934445
1 66938675
1 67003178
1 67033199
1 67043666
1 67071769
1 67118926
1 67287306
1 67328473
1 67422446
1 67658527
1 67658983
1 67703454
1 67755885
1 67838968
2 68013783
1 68070734
1 68219996
1 68336229
1 68433142
1 68485919
1 68527942
1 68574224
1 68766046
1 68810585
1 68903129
1 68963813
1 68984210
1 69053970
1 69089146
1 69184249
1 69240615
1 69328707
1 69350490
2 69538658
1 70152973
1 70211443
1 70246812
1 70348146
1 70397095
1 70670122
1 70924484
1 70942958
1 70949378
1 71120399
1 71130879
1 71333439
1 71444362
1 71693821
1 71933732
1 71975914
1 72062957
1 72389096
1 72460648
1 72539743
1 72750463
1 72913581
1 73275658
1 73438764
1 73855844
1 74039341
1 74115328
1 74149402
1 74172166
1 74196843
1 74196855
1 74196867
1 74230711
1 74497810
1 74570933
1 74774468
1 74857215
1 74963757
1 75061349
1 75114232
1 75353897
1 75382410
1 75420349
1 75447000
1 75450987
1 75493999
1 75534433
1 75641484
1 75765001
1 75983920
1 76012865
1 76077532
1 76231305
1 76317000
1 76420749
1 76426632
1 77075330
1 77098644
1 77512300
1 77560903
1 77687682
1 77775227
1 77928877
1 78392354
2 78444388
1 78550694
1 78699757
1 79577422
1 79947210
1 79986497
1 80054667
1 80223045
1 80281498
1 80325843
1 80501171
1 80560498
1 80600953
1 81024449
1 81147979
1 81265891
1 81387913
1 81550971
1 81818091
1 81836828
1 82339027
4 82339038
6 82339039
4 82339040
1 82339041
1 82339042
4 82339044
1 82339045
1 82339047
2 82339049
2 82339051
5 82339053
2 82339054
1 82339056
1 82339059
1 82339061
5 82339063
6 82339064
1 82339065
1 82339066
3 82339067
7 82339068
2 82339069
1 82339071
6 82339072
12 82339073
1 82339074
6 82339076
1 82780895
1 82871806
1 82910582
1 82938758
1 83000758
1 83025868
1 83173155
1 83273253
1 83308573
1 83440287
1 83547865
1 83884607
1 83921660
1 83958901
1 84163937
1 84221020
1 84433721
1 84621911
1 84652886
1 84846306
1 84954902
1 85118126
1 85173882
1 85294509
1 85446983
1 85494628
1 85523983
1 85524490
1 85540409
1 85540479
1 85540510
2 85549533
1 85625732
1 85707932
1 85843455
1 85869211
1 85989668
1 86285056
1 86711083
1 86792368
1 86799196
1 86821614
1 86836788
1 86875204
1 86975052
1 87000235
1 87037861
1 87208951
1 87262968
1 87460896
1 87582407
1 87726939
1 88229362
1 88583045
1 88666862
1 88858646
1 89665634
1 89925408
1 90265787
1 90365764
1 90392235
1 90559527
1 90602206
1 90896747
1 91381539
1 91560361
1 92193891
1 92265913
1 92266113
1 92285453
1 92310368
2 92363911
1 92377464
1 92509828
1 92631900
1 92688099
1 92802612
1 93149791
1 93149793
2 93149799
1 93149801
1 93149802
1 93149807
2 93149809
1 93149810
1 93149811
2 93149814
2 93149815
5 93149819
1 93149821
1 93149822
1 93149823
1 93149825
2 93149828
2 93149829
2 93149832
1 93149839
2 93149840
1 93149842
3 93149942
1 93149943
1 93149944
1 93149945
1 93149950
4 93149951
2 93149954
1 93149956
1 93149957
1 93149959
4 93149965
2 93149968
1 93149969
1 93149970
4 93149971
4 93149972
4 93149973
1 93149975
5 93149977
1 93149978
1 93149979
15 93149980
9 93149981
5 93149986
1 93149988
1 93149994
1 93164399
1 93562640
1 93702182
1 93708950
1 93926398
1 94059618
1 94104315
1 94188417
1 94225513
1 94248556
1 94346621
1 94831530
1 94852642
1 94927571
1 95089749
1 95264390
1 95271582
1 95331094
1 95370684
1 95379128
1 95576484
2 95837582
1 96383944
1 96423483
1 96447338
1 96625710
1 97572591
1 98205760
1 98489807
1 98919408
1 99035141
1 99059429
1 99133652
1 99393485
1 99650579
1 99704495
1 99715674
1 99941296
1 100271383
1 100396234
1 100603992
1 100673730
1 100794855
1 100988885
1 101104938
1 101122005
1 101141028
1 101495364
1 102171510
1 102352523
1 102446931
1 102568310
1 103027338
1 103027340
1 103027341
2 103027343
1 103027349
3 103027362
2 103027365
1 103027368
1 103027369
4 103027372
3 103027374
6 103027375
1 103027377
1 103027379
4 103027380
1 103027381
1 103027383
1 103027384
2 103027385
4 103027386
1 103027387
3 103027388
1 103027391
2 103027394
8 103027395
1 103027401
1 103027491
1 103027494
6 103027496
4 103027497
5 103027499
2 103027500
5 103027504
2 103027505
5 103027507
1 103027509
1 103027510
1 103027514
1 103027515
2 103027516
1 103027517
1 103027519
1 103027520
2 103027521
4 103027522
9 103027525
4 103027526
2 103027528
2 103027529
4 103027530
5 103027531
1 103027536
1 103142927
1 103931477
1 104061583
1 104141211
1 104994077
1 105495595
1 105513654
1 105970062
1 106166368
1 106221214
1 106283973
1 106287419
1 106910215
6 107022506
4 107022507
1 107022508
1 107022513
6 107022516
2 107022518
1 107078769
1 107105686
1 107244865
1 107639309
1 107642512
1 107911265
1 108662331
1 108873103
1 109232324
2 109232359
1 109474532
1 109572731
1 109812029
1 109906114
1 110299214
1 110314946
1 110940575
1 111197244
1 111387066
1 111391711
1 111602233
1 111740827
1 111893157
1 112274996
1 112400820
1 112420944
1 112674977
1 112681761
1 113777635
1 113853485
1 113861599
1 113970323
1 114115209
1 114461878
1 114969018
1 115409378
1 115712203
1 116155412
1 116646178
1 116786880
1 117689671
1 118345911
1 118632701
1 118635294
1 119264612
1 119315186
1 119328706
1 119610516
1 120155084
1 120435295
1 120886236
1 121574507
1 122600852
1 122787598
1 122868098
2 123049969
1 123111889
1 123158210
1 123477882
1 124867898
1 125417349
1 125465719
1 125508181
1 125622812
1 126210945
1 126252436
1 126508391
1 126564691
1 126900097
1 127468721
1 128851819
1 128950689
1 129922497
1 130506479
1 131547278
1 132657476
1 132806031
1 135193561
1 135207259
1 136980103
1 138156388
1 138644211
1 138799294
1 139156564
1 139430516
1 140069054
1 141038100
1 142226764
1 142472953
1 144902268
1 150433948
1 150768148
1 153432818
1 156172843
1 158550137
1 159194415
1 159415225
1 160536434
1 160537276
2 160537295
1 160537345
1 160537352
1 160537363
2 160537376
1 160537389
1 160537392
1 160537393
2 160537394
1 160537396
1 160537403
1 160537407
1 160537411
1 160537417
1 160537422
1 160537424
1 160537426
1 160537442
2 160537444
3 160537445
4 160537456
1 160537828
2 160537845
1 160790484
1 166212371
1 167582627
