sink(file=file("/dev/null", "w"), type="message")
sink(file=file("/dev/null", "w"), type="output")
pdf("/project/Cistrome/CistromeAP/galaxy_database/job_working_directory/000/996/996757/tmp.pdf",height=10,width=10)
x<-c(-1500,-1470,-1440,-1410,-1380,-1350,-1320,-1290,-1260,-1230,-1200,-1170,-1140,-1110,-1080,-1050,-1020,-990,-960,-930,-900,-870,-840,-810,-780,-750,-720,-690,-660,-630,-600,-570,-540,-510,-480,-450,-420,-390,-360,-330,-300,-270,-240,-210,-180,-150,-120,-90,-60,-30,0,30,60,90,120,150,180,210,240,270,300,330,360,390,420,450,480,510,540,570,600,630,660,690,720,750,780,810,840,870,900,930,960,990,1020,1050,1080,1110,1140,1170,1200,1230,1260,1290,1320,1350,1380,1410,1440)
y0<-c(0.141997762368,0.141843775595,0.142231142041,0.141361765271,0.142006559939,0.142507607568,0.142381305739,0.14132486357,0.141878484988,0.142187021813,0.141367015399,0.14195067165,0.14201740438,0.142606582722,0.143137576885,0.143652090093,0.14434111228,0.144779212391,0.147379615866,0.147961702265,0.147842963244,0.149413688317,0.149792891917,0.15035117796,0.152001770705,0.153239467997,0.155163844931,0.158629624395,0.161150883105,0.163679275067,0.166118992329,0.169242216651,0.175118120155,0.179749277867,0.185930612753,0.191449490125,0.199376741481,0.207002959296,0.214396983339,0.225388668524,0.23605862785,0.245629531131,0.25726816843,0.268359348039,0.277860264995,0.287168160915,0.296869876118,0.303503243432,0.306635805601,0.310834640811,0.311502926962,0.309014458554,0.305173033705,0.299766158163,0.290092305443,0.280771005544,0.270856390018,0.25990051284,0.248820557186,0.236458605351,0.226297551994,0.217120331137,0.208976381829,0.202325664184,0.193992114362,0.187353503633,0.182128222849,0.176561454072,0.171308114861,0.167544617613,0.16377864306,0.160802604524,0.157087114992,0.153836515519,0.15282864144,0.151707457332,0.15023311865,0.149230346877,0.14933815096,0.148044125678,0.146848502097,0.14600754754,0.144801758886,0.143829816811,0.14454795943,0.144074820297,0.144329722122,0.145348288303,0.144023164044,0.14356291923,0.143642200817,0.143444290755,0.142963677681,0.141444078628,0.141427963026,0.142291027267,0.141937570762,0.142261584397,0.142610594284)
y1<-c(0.139804579918,0.138351021182,0.139338698266,0.14016066991,0.139741891585,0.138948828157,0.138643683033,0.13878449153,0.139085799858,0.14046868075,0.139607487683,0.138744382112,0.138805093128,0.139551687926,0.140736567305,0.140608783078,0.141086646896,0.142068370643,0.141322689574,0.14218545327,0.143975668448,0.144252827297,0.144601312609,0.145672693447,0.146839242231,0.147252372558,0.149835576069,0.150964684243,0.153487695,0.155373703346,0.157275088635,0.161418808506,0.165681052938,0.168685082379,0.172773231606,0.178427811082,0.185298593425,0.192607424235,0.199933570228,0.206507570668,0.215214533476,0.224937112514,0.234512565986,0.244331351432,0.254032156105,0.264076139028,0.272699060974,0.279533451969,0.283237412815,0.287171371017,0.287819385857,0.283465599887,0.279589408639,0.272416139005,0.263660012116,0.256582521457,0.246918910187,0.23535383845,0.226208784652,0.216462640372,0.208340966396,0.200521321778,0.193689186604,0.186570114974,0.180959250991,0.176163494877,0.1721346363,0.168121339592,0.164994631522,0.162280870083,0.159080643231,0.155931625398,0.154073383941,0.151792510785,0.149767817981,0.147849279117,0.147231085586,0.145071137001,0.1445476315,0.143612561001,0.142636837504,0.141604529161,0.14156295284,0.142026135203,0.141843302167,0.141191258671,0.140116104388,0.139941575049,0.140452272144,0.140699563755,0.140272373707,0.140108288697,0.139875625478,0.139030266576,0.139204036578,0.138947999472,0.139884604823,0.13985944903,0.139993093372)
y2<-c(0.155232996343,0.157013187994,0.155307385816,0.155289711004,0.157377502802,0.15881229696,0.159410297215,0.159607908076,0.161212266506,0.162099309423,0.160453093426,0.162128149135,0.160714226631,0.16318331843,0.164897786841,0.165613360083,0.166608437599,0.16566376589,0.168643343709,0.168555480018,0.169435553038,0.171741212219,0.173724543123,0.175382823746,0.176219634442,0.177933942988,0.183146030851,0.184680260159,0.186358695512,0.187928828918,0.195107735461,0.196920685645,0.200628361257,0.206355573161,0.214369271981,0.221481937104,0.229297541766,0.236907986039,0.244211796704,0.255085626029,0.265363704517,0.280432702794,0.291788751605,0.299256678464,0.307683149918,0.318832497151,0.326035680022,0.331782047102,0.335439253126,0.33800122123,0.337000033676,0.335186546769,0.332202553524,0.329512783713,0.321565228919,0.315494115636,0.305733038072,0.293856313853,0.284408648033,0.271900418621,0.259616303678,0.250629753719,0.240690008902,0.232666082589,0.22664873001,0.219125093041,0.215196806609,0.2089235309,0.203224378574,0.196553357178,0.190094734291,0.186737184339,0.185505087686,0.183247665677,0.179556824982,0.177883122397,0.174776078955,0.175751521556,0.173415280719,0.173081807409,0.173368929455,0.173828047252,0.171344727596,0.169883865167,0.167099421271,0.16547922717,0.165369539293,0.166831199049,0.166349083754,0.167789323294,0.167510766946,0.164075791051,0.163842052233,0.163236063104,0.164569008451,0.162523901173,0.160979421648,0.161485772218,0.161768121443)
ymax <- max(y0,y1,y2)
ymin <- min(y0,y1,y2)
yquart <- (ymax-ymin)/4
plot(x,y0,type="l",col=rainbow(3)[1],main="Average Phastcons around the Center of Sites",xlab="Distance from the Center (bp)",ylab="Average Phastcons",ylim=c(ymin-yquart,ymax+yquart))
lines(x,y1,col=rainbow(3)[2])
lines(x,y2,col=rainbow(3)[3])
abline(v=0)
legend("topright",c('MB1','MB2','MB3'),col=rainbow(3),lty=c(1,1,1))
dev.off()
