1 34
2208 35
3125 36
3215 37
3312 38
4526 39
6375 40
8816 41
9101 42
6960 43
6500 44
6071 45
5328 46
4603 47
4361 48
5087 49
6804 50
9614 51
10341 52
8058 53
6990 54
6618 55
5992 56
4925 57
4623 58
4812 59
5794 60
6696 61
7408 62
7205 63
7068 64
7081 65
6634 66
5529 67
4794 68
4954 69
5174 70
6043 71
6658 72
6935 73
7811 74
9212 75
14303 76
8030 77
7486 78
7159 79
7653 80
10599 81
8641 82
8217 83
7805 84
7934 85
7573 86
8478 87
6712 88
6433 89
6253 90
6475 91
7196 92
7759 93
7021 94
7048 95
6670 96
6693 97
6414 98
6534 99
6059 100
5906 101
6202 102
6367 103
6769 104
7229 105
6853 106
6752 107
6509 108
6122 109
6367 110
6563 111
6411 112
6819 113
6773 114
7449 115
7380 116
7546 117
7035 118
7044 119
6935 120
6600 121
6894 122
7441 123
7871 124
9044 125
7683 126
8417 127
7067 128
8257 129
6775 130
7032 131
7191 132
6762 133
7543 134
7594 135
9211 136
11730 137
13172 138
11022 139
7628 140
7187 141
6631 142
6531 143
6603 144
6786 145
8119 146
11033 147
13194 148
13101 149
11695 150
11048 151
10098 152
8720 153
8774 154
8947 155
10287 156
13688 157
17543 158
19426 159
18061 160
15174 161
13693 162
14177 163
17652 164
25541 165
39412 166
53098 167
53758 168
44760 169
35410 170
31934 171
28315 172
27820 173
33664 174
44610 175
55869 176
60519 177
55480 178
48745 179
44546 180
43418 181
40895 182
38836 183
40558 184
45834 185
50007 186
51254 187
49697 188
45996 189
42423 190
41338 191
41238 192
43916 193
48644 194
53223 195
55611 196
54706 197
51146 198
48275 199
46978 200
47002 201
48570 202
49017 203
51779 204
53830 205
54440 206
54311 207
52195 208
50912 209
50699 210
52403 211
54251 212
56511 213
56691 214
56323 215
54556 216
53106 217
51674 218
50583 219
50466 220
51588 221
53088 222
54274 223
54563 224
53715 225
52589 226
51346 227
49453 228
48078 229
47224 230
47397 231
47870 232
48922 233
48602 234
48448 235
47521 236
45895 237
44143 238
42022 239
40971 240
40523 241
40903 242
42336 243
40731 244
40188 245
39250 246
37754 247
36869 248
35265 249
34339 250
32661 251
32338 252
32208 253
32041 254
32222 255
31261 256
30836 257
29770 258
28459 259
28436 260
26446 261
26204 262
25365 263
25305 264
25361 265
24955 266
25092 267
24297 268
23554 269
22965 270
22419 271
21742 272
21327 273
21168 274
20505 275
21144 276
20720 277
20639 278
20797 279
19935 280
19609 281
18953 282
18656 283
18626 284
18756 285
18706 286
18903 287
19096 288
19094 289
19209 290
18686 291
18265 292
17744 293
17866 294
17997 295
18361 296
18524 297
19257 298
20154 299
20485 300
20303 301
19629 302
19267 303
18441 304
18802 305
18946 306
19769 307
20567 308
22165 309
22697 310
22742 311
22733 312
21548 313
20952 314
20768 315
21215 316
21917 317
23387 318
24800 319
26171 320
26603 321
26612 322
25533 323
24977 324
24563 325
24714 326
25196 327
26120 328
27077 329
28596 330
29839 331
29578 332
29394 333
29144 334
28429 335
28660 336
29264 337
29665 338
31148 339
31797 340
32973 341
33552 342
33942 343
33724 344
33837 345
33505 346
33676 347
34453 348
34842 349
35997 350
36808 351
37296 352
37779 353
38251 354
38698 355
39244 356
39186 357
39303 358
39819 359
39736 360
40063 361
39920 362
40651 363
40636 364
41588 365
42580 366
42031 367
42947 368
42133 369
41984 370
41782 371
41849 372
41677 373
41516 374
41618 375
42563 376
42229 377
42807 378
42977 379
43254 380
42646 381
42252 382
42002 383
41366 384
40966 385
41001 386
40904 387
41468 388
41523 389
41506 390
41705 391
41604 392
41221 393
40736 394
39745 395
39560 396
38766 397
38829 398
38358 399
38660 400
38912 401
38997 402
38813 403
38211 404
37588 405
36997 406
35700 407
35997 408
35179 409
35687 410
35303 411
34813 412
34946 413
34850 414
33855 415
33724 416
32861 417
32249 418
31213 419
30956 420
30661 421
30421 422
30067 423
29757 424
29203 425
28777 426
28090 427
27205 428
26508 429
25778 430
25471 431
25496 432
25037 433
24813 434
24227 435
23578 436
23361 437
22724 438
22167 439
21493 440
20743 441
20251 442
20367 443
19990 444
19558 445
19074 446
18695 447
18298 448
18150 449
17646 450
17013 451
16765 452
16410 453
16284 454
16217 455
15866 456
15721 457
15411 458
14966 459
14947 460
14820 461
14662 462
14518 463
14217 464
14247 465
14143 466
14123 467
13781 468
13786 469
13413 470
13638 471
13477 472
13341 473
13328 474
13504 475
13311 476
13747 477
13040 478
12955 479
13381 480
13252 481
13051 482
13026 483
13336 484
13122 485
13156 486
13215 487
13056 488
13264 489
13055 490
12956 491
13156 492
13103 493
13645 494
13245 495
13482 496
13378 497
13565 498
13794 499
13541 500
13740 501
13893 502
13744 503
13876 504
13876 505
14057 506
14052 507
14548 508
14583 509
14540 510
14765 511
14938 512
14961 513
14594 514
14853 515
15041 516
15214 517
15251 518
15644 519
15990 520
15713 521
16101 522
16215 523
16204 524
16192 525
16137 526
16372 527
16408 528
16696 529
16487 530
17061 531
17305 532
17548 533
17637 534
17481 535
17189 536
17306 537
17438 538
17640 539
17972 540
17844 541
17696 542
17907 543
18315 544
18284 545
18380 546
18239 547
18173 548
18184 549
18339 550
18546 551
19097 552
18307 553
18514 554
18336 555
18603 556
18703 557
18480 558
18643 559
18413 560
18310 561
18268 562
18374 563
18118 564
18171 565
18205 566
18082 567
18467 568
18041 569
17682 570
17875 571
17688 572
18058 573
17791 574
17614 575
17565 576
17116 577
17563 578
17568 579
17402 580
17213 581
16954 582
17318 583
17134 584
16818 585
16735 586
16652 587
16630 588
16736 589
16465 590
16349 591
16332 592
15925 593
15689 594
16079 595
15457 596
15301 597
15213 598
15208 599
15266 600
14984 601
14781 602
14497 603
14405 604
13898 605
13850 606
13952 607
13460 608
13369 609
13423 610
13128 611
12946 612
12839 613
12454 614
12506 615
12333 616
12287 617
11992 618
11954 619
11715 620
11587 621
11580 622
11107 623
11120 624
10869 625
10665 626
10726 627
10521 628
10385 629
10246 630
10106 631
10033 632
9832 633
9929 634
9595 635
9285 636
9513 637
9374 638
9304 639
9248 640
9150 641
8987 642
9019 643
8885 644
8841 645
8763 646
8682 647
8326 648
8434 649
8445 650
8496 651
8612 652
8267 653
8295 654
8072 655
8102 656
8121 657
8049 658
8089 659
7854 660
7971 661
7835 662
7819 663
7672 664
7598 665
7809 666
7783 667
7755 668
7778 669
7713 670
7654 671
7621 672
7677 673
7805 674
7620 675
7903 676
7764 677
7836 678
7484 679
7653 680
7729 681
7754 682
7916 683
7919 684
7676 685
7851 686
7941 687
7964 688
8018 689
7954 690
8156 691
7962 692
8106 693
8014 694
8246 695
8230 696
8264 697
8405 698
8414 699
8342 700
8718 701
8482 702
8440 703
8356 704
8618 705
8613 706
8620 707
8720 708
8620 709
9056 710
8757 711
8725 712
9009 713
8584 714
9003 715
8952 716
8921 717
8763 718
8958 719
8980 720
8994 721
8964 722
9026 723
9084 724
9059 725
8903 726
9048 727
9005 728
9157 729
9117 730
9165 731
9292 732
9129 733
8994 734
8989 735
9115 736
9058 737
9082 738
9107 739
8940 740
8962 741
9093 742
9012 743
9100 744
8905 745
8895 746
8914 747
9000 748
8948 749
8963 750
8828 751
8772 752
8828 753
8881 754
8994 755
8831 756
8624 757
8751 758
8633 759
8815 760
8560 761
8618 762
8464 763
8457 764
8461 765
8333 766
8227 767
8321 768
8379 769
8093 770
8280 771
8065 772
8085 773
7849 774
7915 775
7870 776
7849 777
7806 778
7737 779
7645 780
7392 781
7538 782
7327 783
7360 784
7096 785
7149 786
7128 787
7172 788
7090 789
7081 790
6897 791
6864 792
6761 793
6761 794
6740 795
6398 796
6509 797
6489 798
6283 799
6278 800
6335 801
6336 802
6015 803
6050 804
5953 805
5903 806
5875 807
5874 808
5788 809
5775 810
5707 811
5762 812
5435 813
5373 814
5424 815
5441 816
5379 817
5321 818
5272 819
5320 820
5225 821
5208 822
5136 823
5182 824
5049 825
5062 826
5054 827
5121 828
5037 829
4832 830
4867 831
4686 832
4730 833
4725 834
4781 835
4739 836
4490 837
4582 838
4570 839
4558 840
4530 841
4446 842
4468 843
4354 844
4337 845
4347 846
4232 847
4330 848
4290 849
4223 850
4179 851
4152 852
4262 853
4116 854
4210 855
4119 856
4091 857
4129 858
4038 859
4186 860
4082 861
4095 862
4205 863
4019 864
4119 865
4212 866
4017 867
4148 868
4057 869
4107 870
4201 871
4184 872
4083 873
4160 874
4428 875
4301 876
4299 877
4241 878
4380 879
4320 880
4369 881
4182 882
4193 883
4389 884
4351 885
4302 886
4394 887
4412 888
4240 889
4357 890
4183 891
4279 892
4298 893
4239 894
4208 895
4128 896
4154 897
4224 898
4092 899
4215 900
4130 901
4073 902
4018 903
4052 904
4022 905
4059 906
4031 907
4027 908
4116 909
4017 910
4082 911
4040 912
4100 913
4073 914
4066 915
4036 916
4002 917
3903 918
4156 919
4047 920
3978 921
3947 922
4095 923
3968 924
3998 925
3916 926
3957 927
3940 928
3969 929
3964 930
3954 931
4116 932
3864 933
3949 934
3915 935
3894 936
4006 937
3932 938
3930 939
3775 940
3924 941
3794 942
3801 943
4105 944
3803 945
3823 946
3797 947
3661 948
3664 949
3813 950
3802 951
3646 952
3697 953
3604 954
3510 955
3479 956
3494 957
3499 958
3302 959
3305 960
3347 961
3320 962
3305 963
3340 964
3245 965
3227 966
3190 967
3098 968
3175 969
3065 970
3145 971
3042 972
3012 973
3053 974
2941 975
2929 976
2959 977
2890 978
2935 979
2841 980
2843 981
2853 982
2898 983
2889 984
2827 985
2848 986
2704 987
2781 988
2889 989
2798 990
2891 991
2826 992
2854 993
2973 994
2744 995
2728 996
2718 997
2833 998
2870 999
2960 1000
1513 1001
1407 1002
1357 1003
1338 1004
1386 1005
1322 1006
1299 1007
1272 1008
1203 1009
1251 1010
1215 1011
1196 1012
1106 1013
1146 1014
1098 1015
1147 1016
1161 1017
1127 1018
1127 1019
1033 1020
1065 1021
1088 1022
1083 1023
1014 1024
1018 1025
1102 1026
1023 1027
1034 1028
1066 1029
1059 1030
1087 1031
1012 1032
1045 1033
1019 1034
981 1035
958 1036
894 1037
933 1038
952 1039
888 1040
880 1041
855 1042
836 1043
813 1044
874 1045
844 1046
840 1047
828 1048
866 1049
752 1050
824 1051
794 1052
764 1053
800 1054
743 1055
756 1056
739 1057
769 1058
797 1059
737 1060
711 1061
731 1062
685 1063
719 1064
685 1065
696 1066
701 1067
675 1068
684 1069
638 1070
629 1071
603 1072
630 1073
609 1074
622 1075
625 1076
641 1077
654 1078
634 1079
595 1080
621 1081
626 1082
625 1083
604 1084
585 1085
617 1086
544 1087
599 1088
594 1089
602 1090
610 1091
571 1092
555 1093
541 1094
565 1095
600 1096
542 1097
558 1098
533 1099
571 1100
530 1101
544 1102
529 1103
531 1104
521 1105
522 1106
549 1107
510 1108
527 1109
490 1110
523 1111
500 1112
463 1113
469 1114
481 1115
476 1116
456 1117
468 1118
469 1119
443 1120
434 1121
445 1122
439 1123
469 1124
381 1125
427 1126
451 1127
427 1128
428 1129
439 1130
449 1131
427 1132
402 1133
390 1134
424 1135
383 1136
415 1137
379 1138
363 1139
384 1140
382 1141
368 1142
318 1143
335 1144
322 1145
359 1146
369 1147
351 1148
349 1149
329 1150
304 1151
321 1152
340 1153
288 1154
318 1155
312 1156
340 1157
295 1158
301 1159
278 1160
287 1161
288 1162
267 1163
253 1164
258 1165
276 1166
246 1167
283 1168
273 1169
254 1170
263 1171
247 1172
254 1173
227 1174
246 1175
236 1176
210 1177
224 1178
227 1179
222 1180
207 1181
195 1182
210 1183
225 1184
194 1185
195 1186
182 1187
180 1188
196 1189
176 1190
179 1191
167 1192
163 1193
183 1194
209 1195
170 1196
164 1197
168 1198
164 1199
161 1200
174 1201
177 1202
142 1203
147 1204
145 1205
148 1206
154 1207
138 1208
133 1209
148 1210
150 1211
116 1212
136 1213
141 1214
115 1215
121 1216
142 1217
116 1218
119 1219
128 1220
133 1221
109 1222
107 1223
117 1224
96 1225
122 1226
109 1227
99 1228
111 1229
110 1230
99 1231
88 1232
103 1233
100 1234
86 1235
93 1236
75 1237
100 1238
102 1239
98 1240
88 1241
97 1242
83 1243
73 1244
96 1245
86 1246
72 1247
96 1248
74 1249
73 1250
68 1251
64 1252
80 1253
75 1254
91 1255
82 1256
64 1257
62 1258
56 1259
73 1260
59 1261
76 1262
62 1263
55 1264
72 1265
67 1266
65 1267
65 1268
79 1269
65 1270
49 1271
63 1272
61 1273
68 1274
56 1275
48 1276
56 1277
58 1278
58 1279
60 1280
57 1281
50 1282
39 1283
43 1284
53 1285
58 1286
37 1287
49 1288
34 1289
39 1290
42 1291
39 1292
40 1293
53 1294
33 1295
33 1296
35 1297
44 1298
50 1299
28 1300
42 1301
25 1302
30 1303
56 1304
41 1305
44 1306
34 1307
37 1308
36 1309
39 1310
32 1311
24 1312
29 1313
28 1314
25 1315
31 1316
22 1317
23 1318
30 1319
32 1320
25 1321
28 1322
30 1323
29 1324
23 1325
21 1326
26 1327
24 1328
27 1329
28 1330
23 1331
41 1332
17 1333
21 1334
13 1335
27 1336
35 1337
20 1338
21 1339
14 1340
15 1341
13 1342
23 1343
20 1344
18 1345
23 1346
13 1347
10 1348
17 1349
9 1350
18 1351
18 1352
16 1353
11 1354
16 1355
12 1356
15 1357
10 1358
13 1359
11 1360
19 1361
13 1362
15 1363
14 1364
17 1365
8 1366
12 1367
11 1368
12 1369
15 1370
12 1371
12 1372
15 1373
18 1374
5 1375
6 1376
8 1377
7 1378
7 1379
9 1380
11 1381
9 1382
7 1383
8 1384
9 1385
6 1386
5 1387
9 1388
9 1389
18 1390
7 1391
9 1392
4 1393
11 1394
12 1395
10 1396
13 1397
7 1398
9 1399
4 1400
6 1401
6 1402
3 1403
6 1404
8 1405
7 1406
5 1407
3 1408
7 1409
9 1410
3 1411
3 1412
3 1413
6 1414
2 1415
4 1416
7 1417
1 1418
5 1419
2 1420
6 1421
10 1422
6 1423
2 1424
2 1425
5 1426
5 1427
6 1428
4 1429
11 1430
6 1431
5 1432
5 1433
8 1434
6 1435
6 1436
4 1437
4 1438
4 1439
8 1440
4 1441
2 1442
10 1443
6 1444
9 1445
2 1446
3 1447
6 1448
3 1449
3 1450
7 1451
2 1452
6 1453
4 1454
4 1455
3 1456
9 1457
2 1458
5 1459
3 1460
1 1461
8 1462
5 1463
3 1464
4 1465
5 1466
4 1468
3 1469
2 1470
3 1471
6 1472
2 1473
6 1474
2 1475
2 1476
3 1477
5 1478
3 1479
4 1480
4 1481
2 1482
1 1483
5 1484
3 1485
1 1486
6 1487
7 1488
7 1489
5 1490
2 1491
3 1492
3 1493
6 1494
1 1495
2 1497
4 1498
1 1499
2 1500
4 1501
4 1503
7 1504
5 1505
4 1506
5 1507
6 1508
2 1509
8 1511
5 1512
3 1513
3 1514
5 1515
4 1516
1 1517
2 1518
4 1519
1 1520
6 1521
4 1522
3 1524
2 1526
3 1527
5 1528
3 1529
4 1530
4 1531
3 1532
1 1533
2 1534
1 1536
2 1537
1 1538
3 1539
6 1540
3 1541
2 1542
2 1543
3 1544
2 1546
4 1547
2 1548
3 1549
4 1550
2 1551
6 1552
2 1553
2 1555
4 1556
4 1557
3 1559
3 1560
1 1561
4 1562
3 1563
2 1564
2 1565
4 1566
1 1567
2 1568
5 1569
4 1570
2 1571
3 1572
3 1573
2 1574
3 1575
1 1576
2 1577
2 1578
2 1579
2 1580
2 1581
3 1582
1 1583
4 1585
6 1586
6 1587
3 1588
6 1589
4 1590
3 1591
1 1592
4 1594
5 1595
3 1596
2 1597
3 1598
3 1599
1 1600
1 1601
2 1602
3 1603
4 1604
3 1605
2 1606
3 1607
2 1608
2 1609
1 1610
2 1611
2 1612
1 1613
4 1614
5 1616
2 1617
4 1618
1 1619
3 1620
3 1622
1 1623
1 1625
8 1626
2 1627
3 1628
3 1629
2 1630
3 1631
1 1632
2 1633
2 1634
1 1636
3 1637
4 1638
1 1639
2 1640
5 1641
2 1642
2 1643
1 1644
1 1647
4 1648
1 1649
1 1650
4 1651
4 1652
3 1653
4 1654
1 1655
1 1656
2 1657
2 1658
1 1659
2 1660
2 1661
2 1662
3 1663
3 1664
2 1665
4 1666
1 1667
3 1668
2 1669
1 1670
2 1671
3 1672
3 1673
3 1674
5 1675
2 1677
1 1678
1 1681
1 1682
3 1683
3 1685
1 1686
2 1688
2 1689
5 1691
1 1692
3 1693
2 1694
5 1695
1 1697
1 1699
5 1700
1 1701
2 1703
1 1705
2 1706
2 1707
2 1709
1 1711
2 1713
3 1714
2 1715
1 1716
4 1717
2 1718
3 1719
3 1720
1 1721
2 1722
4 1724
1 1725
1 1726
1 1727
2 1728
3 1729
4 1731
1 1732
1 1733
2 1735
3 1736
2 1737
4 1738
1 1739
1 1740
2 1743
2 1745
3 1746
2 1748
1 1749
6 1750
7 1752
1 1753
1 1756
1 1757
2 1758
2 1759
2 1760
1 1761
1 1763
3 1764
2 1765
1 1766
2 1769
2 1770
1 1771
3 1772
3 1773
1 1774
2 1776
3 1777
1 1778
4 1779
3 1780
2 1781
1 1783
1 1784
1 1785
1 1786
5 1787
1 1788
3 1789
1 1790
5 1792
4 1794
2 1795
3 1796
2 1797
1 1799
2 1800
2 1801
3 1802
4 1803
2 1804
1 1805
4 1806
1 1807
2 1808
2 1809
2 1810
4 1811
3 1812
2 1813
1 1814
3 1815
1 1816
1 1817
3 1819
1 1820
3 1822
1 1824
1 1826
1 1827
2 1828
1 1829
4 1832
3 1833
2 1834
1 1835
3 1836
1 1837
2 1838
5 1839
3 1840
1 1842
3 1843
1 1844
2 1845
4 1846
3 1848
1 1849
1 1850
1 1851
2 1853
2 1854
4 1855
5 1856
2 1857
3 1859
1 1860
2 1862
2 1863
1 1864
1 1865
3 1867
2 1868
1 1871
1 1872
4 1873
2 1874
4 1876
1 1878
2 1880
3 1881
5 1882
1 1883
2 1884
1 1885
2 1887
2 1889
1 1890
3 1891
3 1892
1 1893
3 1894
3 1896
5 1897
4 1898
1 1900
2 1901
1 1904
2 1905
2 1906
1 1907
2 1908
3 1909
6 1910
3 1911
1 1912
3 1914
2 1915
1 1917
1 1918
2 1919
3 1920
1 1923
1 1924
1 1926
3 1928
3 1929
1 1931
3 1932
1 1933
2 1934
1 1935
3 1937
1 1938
2 1939
4 1940
1 1941
1 1942
1 1943
2 1944
1 1946
3 1947
2 1948
2 1949
1 1950
2 1951
2 1952
1 1953
3 1954
2 1956
1 1957
2 1958
2 1959
3 1960
1 1962
1 1963
1 1965
1 1966
2 1968
1 1970
4 1971
1 1972
1 1973
2 1975
2 1977
2 1978
2 1979
4 1980
1 1981
2 1983
2 1984
1 1986
3 1987
2 1988
1 1989
2 1990
1 1991
2 1994
1 1995
1 1996
3 1999
1 2000
1 2002
3 2004
1 2007
3 2009
3 2010
1 2012
4 2013
1 2014
3 2015
1 2016
2 2017
2 2018
3 2019
3 2020
1 2021
1 2023
1 2024
3 2025
1 2026
2 2027
1 2028
3 2031
2 2032
2 2033
1 2034
1 2037
2 2038
2 2040
1 2041
1 2042
2 2045
5 2046
1 2050
2 2051
4 2053
1 2054
1 2055
3 2058
3 2060
2 2064
1 2065
3 2068
1 2069
1 2070
2 2071
1 2073
1 2074
2 2075
2 2076
1 2077
2 2078
2 2079
3 2081
1 2082
3 2083
2 2085
1 2086
1 2089
2 2090
1 2092
1 2093
2 2097
2 2098
1 2099
1 2100
1 2101
1 2102
3 2103
3 2104
1 2105
1 2106
1 2107
1 2108
1 2111
2 2112
1 2113
2 2114
2 2115
2 2116
1 2117
1 2118
1 2119
2 2120
2 2122
3 2123
1 2124
1 2125
4 2126
1 2127
1 2129
2 2130
2 2132
2 2134
3 2137
2 2138
1 2141
3 2142
1 2143
2 2144
1 2146
1 2150
2 2151
3 2152
5 2153
1 2154
2 2156
2 2157
2 2158
2 2159
1 2160
1 2161
2 2162
2 2163
1 2164
1 2165
1 2166
2 2167
2 2168
1 2169
1 2171
1 2172
1 2173
2 2174
2 2175
3 2176
3 2178
3 2179
1 2180
1 2181
1 2183
1 2184
1 2186
2 2189
1 2190
2 2192
1 2193
1 2196
2 2197
2 2200
2 2202
1 2207
1 2208
1 2210
2 2211
1 2212
1 2213
1 2214
1 2215
1 2216
2 2217
3 2218
2 2220
1 2221
2 2222
1 2223
2 2225
3 2226
2 2227
1 2228
2 2230
1 2231
2 2232
3 2234
2 2235
2 2236
3 2237
2 2238
1 2240
2 2241
1 2242
2 2243
1 2244
2 2245
2 2246
2 2248
2 2249
1 2250
3 2252
3 2253
1 2254
1 2255
2 2257
3 2258
2 2259
3 2260
2 2261
2 2263
2 2264
2 2265
1 2266
1 2267
2 2268
2 2270
1 2271
1 2272
2 2273
1 2274
1 2276
2 2277
4 2279
2 2280
3 2283
3 2285
1 2286
3 2287
1 2288
2 2289
1 2290
1 2292
2 2295
2 2296
1 2297
1 2298
4 2300
1 2301
1 2302
2 2303
2 2304
2 2305
1 2306
2 2307
1 2309
1 2310
2 2312
1 2315
1 2316
2 2318
2 2319
2 2322
2 2323
2 2324
1 2325
1 2326
1 2327
1 2329
1 2331
2 2332
3 2335
1 2338
1 2341
1 2342
3 2343
2 2344
2 2346
2 2347
2 2348
1 2349
2 2350
2 2351
1 2353
1 2354
1 2358
1 2359
1 2360
1 2361
2 2363
1 2364
2 2365
2 2366
2 2367
1 2368
1 2369
1 2370
2 2371
4 2373
1 2376
1 2378
3 2379
4 2380
1 2381
1 2382
2 2383
2 2384
3 2385
2 2388
1 2389
2 2391
1 2392
1 2393
2 2394
2 2395
1 2397
1 2398
1 2399
1 2400
1 2402
2 2406
2 2407
1 2408
1 2409
1 2410
1 2411
1 2412
3 2413
1 2415
1 2416
1 2417
1 2418
1 2419
1 2420
1 2422
1 2424
2 2425
1 2426
2 2428
1 2430
1 2432
1 2433
2 2436
1 2437
1 2438
2 2440
2 2443
2 2444
2 2445
1 2446
1 2448
1 2449
1 2451
3 2452
4 2454
2 2455
4 2456
1 2457
3 2458
2 2459
2 2460
2 2461
1 2462
3 2463
1 2464
2 2470
1 2471
1 2473
2 2474
1 2476
2 2477
3 2480
1 2481
1 2483
2 2484
3 2485
1 2486
2 2487
1 2488
2 2489
2 2490
2 2492
1 2493
2 2494
2 2495
2 2498
2 2499
2 2500
2 2501
2 2503
3 2505
3 2506
2 2507
3 2509
2 2510
3 2512
1 2513
1 2514
1 2516
3 2517
1 2518
1 2520
2 2521
1 2522
2 2523
1 2525
2 2527
1 2530
1 2531
2 2535
1 2536
2 2537
1 2538
1 2539
1 2541
2 2542
1 2543
1 2545
1 2549
4 2550
2 2551
1 2554
1 2555
1 2556
1 2557
2 2559
3 2563
1 2566
1 2569
2 2571
1 2572
1 2573
2 2574
1 2575
1 2576
1 2577
1 2578
1 2581
1 2582
2 2583
1 2584
2 2585
1 2586
1 2587
1 2588
1 2591
1 2592
1 2594
1 2596
1 2597
1 2599
1 2600
2 2602
1 2603
1 2605
1 2606
1 2608
1 2611
2 2612
1 2616
1 2618
1 2619
2 2621
1 2623
3 2626
1 2627
2 2629
1 2630
2 2632
1 2633
3 2634
2 2637
3 2638
2 2639
1 2640
1 2642
2 2643
2 2644
1 2645
3 2647
1 2648
2 2649
3 2650
2 2651
1 2654
2 2656
2 2657
1 2658
3 2659
2 2663
1 2665
2 2666
1 2667
3 2670
1 2671
1 2672
1 2674
1 2675
2 2676
1 2682
4 2684
2 2686
2 2688
1 2689
2 2690
1 2692
2 2693
1 2698
2 2699
1 2700
1 2701
1 2702
2 2703
1 2704
2 2706
1 2707
1 2708
2 2710
2 2711
1 2712
1 2713
1 2714
1 2715
1 2716
2 2717
1 2718
2 2719
2 2720
1 2721
1 2722
1 2723
1 2725
1 2726
1 2727
3 2729
1 2730
1 2731
2 2732
1 2734
1 2735
3 2737
1 2738
1 2740
1 2741
1 2743
2 2744
1 2746
1 2748
2 2751
1 2752
1 2754
1 2755
3 2756
3 2758
1 2760
1 2762
1 2764
1 2765
2 2767
1 2768
1 2770
2 2772
1 2775
2 2783
2 2784
1 2786
1 2788
2 2789
1 2791
1 2794
1 2795
1 2796
1 2805
1 2806
1 2807
2 2808
1 2809
1 2819
1 2820
1 2821
1 2823
1 2824
1 2825
1 2831
1 2832
4 2834
1 2836
2 2837
2 2838
1 2845
1 2846
1 2848
1 2849
1 2850
1 2851
1 2854
1 2856
3 2857
1 2858
2 2859
1 2862
2 2864
2 2865
1 2866
3 2867
2 2868
1 2871
4 2872
1 2873
2 2875
2 2876
1 2877
2 2879
1 2881
1 2882
2 2885
3 2888
1 2891
1 2892
1 2894
2 2898
3 2900
2 2902
1 2903
1 2904
1 2905
1 2906
1 2909
1 2910
1 2913
1 2914
1 2916
2 2917
1 2918
2 2920
1 2930
1 2931
1 2934
1 2935
1 2936
1 2938
1 2941
1 2942
2 2944
1 2946
2 2947
1 2948
1 2950
2 2952
1 2954
1 2955
3 2956
1 2960
2 2962
1 2963
1 2967
1 2971
3 2972
1 2976
1 2977
1 2980
1 2985
1 2986
1 2987
1 2988
1 2989
1 2990
1 2992
1 2993
1 2994
1 2999
1 3000
1 3001
1 3002
3 3004
1 3007
1 3009
1 3010
2 3011
2 3013
2 3014
2 3015
2 3016
1 3019
1 3023
3 3024
1 3026
1 3027
1 3029
1 3030
1 3032
1 3033
1 3035
1 3039
1 3040
2 3042
1 3043
2 3047
2 3048
1 3050
1 3051
2 3058
1 3059
1 3061
1 3067
1 3068
1 3069
1 3072
1 3074
1 3078
2 3081
1 3083
1 3084
1 3085
1 3088
1 3089
1 3097
2 3098
2 3099
1 3100
2 3105
2 3107
1 3110
2 3111
1 3112
2 3113
1 3114
3 3117
1 3118
2 3119
1 3121
1 3122
1 3123
1 3124
3 3125
2 3127
2 3129
1 3130
1 3131
1 3135
1 3137
1 3139
1 3141
1 3142
1 3143
1 3146
1 3148
1 3150
1 3152
1 3153
1 3154
1 3156
1 3160
1 3163
1 3164
1 3167
2 3168
2 3170
1 3173
2 3176
2 3178
1 3179
1 3180
2 3184
1 3186
1 3187
1 3189
1 3191
2 3193
1 3194
1 3195
2 3197
1 3198
1 3199
1 3200
1 3202
2 3203
4 3204
1 3205
1 3208
2 3210
2 3211
2 3213
1 3215
1 3216
1 3217
1 3219
1 3221
4 3223
1 3224
2 3226
1 3229
2 3230
2 3236
1 3237
2 3239
1 3243
1 3244
2 3245
1 3246
1 3248
1 3251
2 3254
2 3256
1 3260
1 3261
1 3263
1 3265
3 3267
1 3270
1 3276
2 3277
1 3279
1 3280
4 3284
1 3286
2 3290
1 3291
1 3294
1 3296
1 3297
1 3302
1 3303
1 3304
1 3308
1 3311
1 3314
1 3315
2 3317
1 3320
1 3321
1 3322
1 3324
1 3325
1 3327
2 3330
1 3332
2 3333
1 3335
3 3339
1 3341
1 3344
2 3345
2 3347
2 3348
1 3350
1 3351
1 3352
1 3353
1 3354
1 3355
1 3357
3 3358
1 3361
2 3364
1 3366
1 3368
3 3370
1 3371
1 3373
1 3374
1 3377
1 3378
1 3381
1 3382
1 3384
1 3388
1 3394
2 3395
2 3396
1 3400
1 3402
1 3404
1 3406
1 3407
1 3408
2 3409
2 3410
1 3411
1 3413
2 3414
1 3416
1 3419
2 3424
1 3428
1 3430
2 3431
1 3432
1 3438
1 3442
1 3443
1 3444
2 3449
1 3452
1 3453
1 3454
1 3456
1 3458
1 3460
2 3461
1 3465
3 3468
1 3469
2 3474
4 3475
1 3476
1 3479
2 3485
2 3490
2 3491
1 3492
1 3493
2 3496
1 3499
1 3500
3 3502
1 3503
1 3504
1 3507
1 3508
1 3513
1 3514
1 3516
1 3518
1 3521
2 3523
1 3525
1 3530
1 3533
1 3535
1 3539
2 3542
1 3543
1 3545
1 3549
1 3552
1 3553
2 3554
1 3555
2 3556
1 3559
1 3562
1 3563
3 3565
2 3566
1 3567
1 3568
1 3570
1 3571
1 3574
2 3575
1 3577
2 3581
2 3582
2 3584
1 3586
1 3590
1 3591
2 3593
1 3596
2 3600
1 3603
2 3604
1 3607
2 3608
1 3609
2 3610
1 3611
1 3612
1 3615
2 3617
1 3619
1 3620
2 3621
1 3622
1 3628
1 3630
1 3635
1 3637
1 3638
1 3639
2 3646
2 3647
2 3649
1 3650
1 3652
2 3654
1 3655
2 3658
1 3659
2 3660
2 3661
1 3662
1 3663
1 3664
1 3666
1 3668
2 3670
1 3675
1 3680
1 3683
1 3686
1 3689
1 3694
1 3695
1 3696
1 3700
1 3702
1 3703
1 3704
1 3710
1 3713
1 3717
1 3721
2 3729
1 3736
1 3739
1 3741
1 3742
1 3743
2 3744
1 3745
1 3749
1 3751
2 3755
2 3757
1 3758
1 3759
1 3762
1 3764
1 3765
2 3768
1 3771
1 3777
1 3779
1 3780
3 3782
1 3783
1 3784
1 3785
2 3786
1 3788
1 3790
1 3793
2 3801
1 3803
1 3804
1 3808
1 3809
1 3811
1 3813
1 3822
1 3824
3 3825
1 3828
1 3829
1 3833
1 3836
1 3842
2 3844
1 3845
1 3846
2 3848
1 3851
1 3852
2 3854
1 3855
1 3859
2 3865
1 3871
3 3874
1 3879
1 3883
1 3886
1 3888
1 3890
3 3891
1 3898
1 3899
1 3906
3 3907
1 3908
2 3909
1 3911
1 3912
1 3913
1 3915
1 3924
1 3925
1 3927
1 3930
2 3932
2 3933
1 3936
1 3939
1 3942
1 3945
2 3948
1 3949
1 3953
2 3956
2 3961
1 3962
1 3963
1 3967
1 3969
1 3976
1 3980
1 3982
1 3983
1 3985
1 3987
2 3991
1 3999
1 4002
1 4003
1 4004
1 4005
1 4009
1 4012
1 4018
1 4021
1 4030
1 4042
1 4047
1 4048
2 4050
1 4051
1 4053
1 4054
1 4058
1 4063
1 4065
1 4067
1 4068
1 4074
1 4078
1 4079
1 4082
1 4083
1 4085
1 4091
1 4097
1 4099
1 4105
1 4107
1 4110
1 4113
2 4117
1 4123
1 4129
1 4131
1 4136
1 4137
1 4149
1 4150
2 4156
1 4162
1 4164
1 4166
1 4167
1 4168
2 4169
2 4177
1 4178
2 4179
1 4181
1 4183
1 4184
1 4185
1 4190
1 4194
1 4196
2 4207
1 4210
1 4215
1 4220
1 4222
2 4226
1 4230
1 4232
1 4233
1 4237
2 4238
1 4251
1 4252
1 4261
1 4264
3 4268
1 4269
1 4270
1 4272
1 4274
1 4279
1 4285
1 4286
1 4288
1 4291
1 4294
1 4301
1 4302
1 4315
2 4318
1 4320
1 4325
1 4328
1 4331
1 4333
1 4334
1 4336
2 4339
1 4358
1 4363
1 4366
1 4378
1 4388
1 4389
1 4390
1 4392
1 4396
1 4398
1 4401
2 4402
1 4403
1 4404
1 4405
1 4410
1 4414
1 4416
1 4417
2 4425
1 4429
2 4433
1 4441
1 4442
1 4443
1 4449
1 4460
1 4462
2 4466
1 4469
1 4471
1 4472
1 4480
1 4488
1 4492
1 4493
1 4498
2 4504
1 4514
1 4518
1 4520
1 4521
1 4532
1 4535
1 4536
1 4538
1 4542
2 4543
1 4552
2 4577
2 4581
1 4583
1 4596
1 4599
1 4600
1 4603
1 4605
1 4608
2 4613
1 4617
1 4619
1 4623
1 4626
1 4641
1 4653
1 4660
1 4664
2 4669
1 4674
2 4676
1 4677
1 4680
1 4689
1 4694
1 4697
1 4712
1 4714
1 4719
2 4721
1 4722
1 4725
1 4726
1 4734
2 4737
1 4738
2 4745
1 4746
2 4747
2 4748
1 4751
1 4763
1 4770
1 4776
1 4777
1 4778
1 4782
1 4786
1 4788
1 4791
1 4797
1 4803
1 4819
1 4821
1 4822
2 4823
1 4824
1 4829
1 4834
1 4837
2 4845
1 4846
1 4848
1 4853
1 4855
2 4857
1 4864
1 4868
1 4869
1 4870
1 4876
1 4879
1 4882
1 4887
1 4896
1 4899
1 4900
1 4901
1 4905
1 4908
1 4912
1 4914
1 4920
2 4922
1 4932
1 4935
1 4939
1 4947
1 4950
1 4953
1 4958
1 4961
1 4964
1 4972
1 4984
1 4990
1 4994
1 4996
1 4999
1 5000
1 5002
1 5003
1 5008
1 5009
1 5010
1 5015
1 5018
2 5019
1 5032
1 5034
1 5040
1 5043
1 5045
1 5055
3 5062
1 5065
1 5066
1 5068
1 5072
1 5081
2 5085
1 5086
1 5090
1 5093
2 5095
1 5096
1 5098
1 5099
1 5103
1 5110
1 5112
1 5114
1 5122
1 5140
1 5141
1 5142
1 5146
1 5149
1 5152
1 5153
1 5154
1 5157
1 5160
2 5163
1 5166
1 5170
1 5175
1 5176
1 5180
1 5183
1 5189
1 5209
2 5210
1 5211
1 5213
1 5217
1 5219
1 5220
1 5228
1 5231
1 5246
1 5249
1 5251
1 5258
1 5263
1 5265
1 5268
1 5270
1 5279
1 5284
1 5285
1 5286
1 5288
1 5290
3 5299
1 5300
1 5301
1 5302
1 5305
1 5312
1 5316
1 5332
1 5334
1 5345
1 5349
1 5350
1 5351
1 5352
1 5357
1 5363
1 5365
1 5366
1 5371
1 5374
1 5379
1 5381
1 5382
1 5388
2 5393
1 5400
1 5401
1 5402
1 5406
1 5409
1 5414
1 5422
1 5429
1 5432
1 5433
1 5437
1 5439
1 5449
1 5454
1 5456
1 5458
1 5460
1 5462
2 5470
1 5471
1 5476
1 5477
1 5478
1 5479
2 5482
1 5485
1 5486
1 5491
2 5492
1 5497
1 5502
1 5506
1 5512
1 5520
1 5522
3 5523
2 5527
1 5528
1 5529
1 5533
2 5550
1 5553
1 5555
1 5557
1 5558
2 5560
1 5562
1 5563
1 5564
1 5574
1 5575
1 5577
1 5578
1 5584
1 5585
1 5586
1 5588
2 5589
1 5590
2 5591
1 5592
1 5593
1 5594
3 5595
2 5602
1 5603
1 5605
1 5607
1 5609
2 5612
1 5613
1 5617
1 5622
1 5623
1 5625
1 5630
1 5632
1 5633
1 5634
1 5636
1 5640
2 5643
1 5644
1 5648
2 5651
2 5652
1 5653
2 5657
1 5659
1 5662
1 5663
1 5664
1 5666
2 5669
1 5673
1 5677
1 5679
2 5680
1 5681
3 5682
1 5688
1 5690
1 5693
1 5695
1 5696
1 5698
2 5699
1 5701
1 5703
1 5704
1 5706
1 5722
1 5723
1 5725
1 5726
2 5729
1 5742
1 5747
1 5751
1 5753
2 5764
1 5768
1 5770
2 5775
2 5784
1 5787
1 5788
1 5794
1 5800
1 5801
1 5809
1 5815
1 5820
1 5825
1 5828
1 5829
2 5832
1 5843
1 5847
1 5854
1 5855
1 5862
1 5864
1 5868
2 5876
1 5877
1 5882
1 5883
1 5886
1 5889
1 5892
2 5894
1 5901
1 5904
1 5909
1 5913
1 5920
1 5926
1 5928
3 5930
1 5931
1 5933
1 5935
1 5938
1 5940
2 5941
1 5945
1 5946
1 5952
1 5953
1 5961
1 5966
1 5967
1 5982
1 5984
1 5991
1 6000
1 6009
1 6011
1 6014
3 6019
1 6025
1 6026
2 6029
1 6030
1 6034
1 6036
1 6037
1 6038
1 6041
1 6042
1 6048
1 6049
1 6054
1 6057
1 6066
1 6069
1 6070
1 6080
1 6083
1 6087
1 6088
1 6089
2 6092
1 6093
1 6094
1 6096
1 6099
1 6103
1 6109
1 6110
1 6113
1 6121
1 6123
1 6126
1 6130
1 6133
2 6137
2 6140
1 6147
1 6148
1 6153
1 6165
1 6167
1 6170
1 6186
1 6188
1 6195
1 6201
1 6207
1 6211
2 6218
1 6219
1 6222
1 6226
1 6236
1 6243
1 6246
2 6249
1 6267
1 6268
1 6278
2 6286
1 6291
2 6295
1 6298
2 6299
1 6301
1 6314
2 6315
1 6327
1 6337
1 6339
1 6350
1 6351
1 6361
1 6366
1 6371
1 6375
1 6377
2 6383
1 6386
1 6387
1 6388
1 6399
1 6403
1 6405
1 6412
2 6415
1 6416
2 6418
1 6420
1 6423
1 6427
1 6428
1 6431
1 6438
1 6441
2 6443
1 6448
1 6449
1 6450
1 6452
1 6453
1 6455
1 6457
1 6458
1 6460
1 6462
1 6465
1 6469
1 6471
1 6472
1 6474
1 6476
2 6477
1 6478
1 6479
3 6481
1 6483
1 6485
2 6490
1 6495
1 6496
1 6497
1 6502
3 6503
1 6504
1 6511
1 6512
1 6514
1 6515
1 6517
1 6519
2 6520
1 6521
1 6532
1 6535
1 6536
1 6537
1 6540
1 6542
1 6544
1 6545
2 6548
2 6552
1 6556
1 6557
1 6562
3 6563
1 6565
1 6566
1 6569
2 6572
2 6574
1 6580
4 6582
2 6583
1 6584
2 6585
2 6586
2 6588
1 6589
2 6590
1 6592
3 6593
1 6594
2 6595
2 6596
1 6597
2 6598
1 6600
1 6601
1 6602
2 6603
1 6604
2 6605
2 6606
1 6607
3 6608
1 6609
2 6611
2 6612
2 6614
1 6615
1 6616
2 6618
1 6619
1 6620
1 6621
3 6622
3 6623
1 6626
1 6627
2 6628
1 6629
2 6632
1 6633
1 6634
2 6636
2 6637
4 6638
1 6639
3 6641
1 6643
2 6644
1 6645
1 6648
3 6650
1 6653
2 6654
1 6655
1 6657
2 6658
2 6659
4 6661
1 6663
1 6664
2 6665
2 6666
1 6667
1 6668
1 6669
1 6670
1 6673
1 6674
1 6675
1 6676
1 6678
1 6679
2 6681
1 6683
2 6684
1 6685
3 6686
3 6691
2 6692
2 6693
1 6694
1 6695
2 6696
1 6697
1 6700
1 6701
1 6702
1 6703
5 6704
1 6705
3 6706
1 6707
2 6708
3 6709
3 6710
2 6711
1 6712
3 6713
1 6715
1 6716
1 6717
5 6718
1 6719
1 6720
1 6722
1 6723
3 6724
2 6726
3 6727
2 6728
1 6729
1 6730
2 6731
1 6732
1 6733
2 6734
1 6735
1 6736
1 6739
2 6741
3 6742
1 6743
1 6744
2 6745
3 6746
1 6747
1 6748
3 6749
3 6750
2 6751
1 6752
1 6753
3 6754
4 6755
3 6757
1 6758
3 6760
3 6761
2 6762
3 6763
1 6764
3 6765
5 6767
4 6768
3 6769
2 6770
2 6772
3 6775
2 6776
2 6777
1 6779
1 6780
2 6781
2 6782
1 6783
2 6785
1 6786
3 6787
1 6788
1 6789
3 6790
2 6791
1 6792
2 6793
3 6794
5 6796
4 6797
1 6798
1 6800
3 6801
3 6802
1 6803
2 6804
5 6805
1 6806
1 6807
3 6808
1 6809
2 6810
2 6811
3 6812
2 6813
1 6814
3 6815
1 6817
1 6819
2 6820
4 6821
2 6823
1 6824
1 6825
4 6826
5 6827
1 6828
2 6829
1 6830
3 6831
4 6832
3 6833
5 6834
1 6835
2 6836
1 6837
4 6838
2 6839
2 6840
1 6841
2 6842
3 6844
2 6845
1 6846
3 6847
2 6848
1 6849
4 6850
1 6851
1 6852
1 6853
1 6854
2 6856
2 6857
2 6858
2 6861
2 6862
1 6863
2 6864
1 6865
4 6867
2 6868
2 6869
2 6870
2 6872
1 6873
5 6874
3 6875
3 6876
3 6877
3 6878
1 6879
1 6881
6 6882
2 6883
2 6884
3 6885
1 6886
1 6888
3 6889
2 6890
2 6891
4 6892
1 6893
1 6894
1 6895
1 6896
3 6899
3 6900
4 6902
3 6904
1 6905
1 6907
1 6908
3 6910
5 6911
3 6912
3 6913
3 6914
1 6915
2 6916
2 6917
1 6919
1 6920
2 6921
2 6922
1 6925
2 6926
4 6927
1 6928
5 6929
2 6931
3 6932
3 6933
4 6934
1 6935
2 6936
2 6937
2 6938
2 6941
2 6942
1 6944
1 6945
1 6946
3 6947
2 6949
2 6950
2 6952
1 6953
2 6954
1 6955
3 6956
4 6957
2 6959
1 6960
4 6961
2 6962
2 6963
4 6964
2 6965
2 6966
3 6968
1 6969
1 6970
3 6971
1 6972
1 6973
2 6974
3 6976
2 6977
3 6978
6 6979
3 6980
1 6982
2 6983
1 6984
2 6985
4 6986
3 6987
2 6988
1 6989
4 6990
6 6991
6 6992
2 6993
1 6995
2 6996
3 6997
1 6998
3 6999
2 7000
1 7001
1 7003
1 7005
6 7006
1 7008
3 7009
1 7010
2 7011
1 7012
2 7013
3 7014
2 7015
1 7017
1 7019
1 7020
1 7021
2 7022
2 7023
3 7024
2 7025
2 7026
3 7027
1 7028
1 7030
3 7031
3 7032
1 7033
2 7034
3 7035
3 7036
1 7038
2 7039
1 7040
2 7041
2 7042
2 7045
4 7046
2 7047
4 7049
1 7051
2 7053
2 7055
6 7056
3 7058
1 7060
5 7061
2 7062
1 7063
1 7064
1 7065
2 7066
2 7067
3 7068
2 7069
4 7070
1 7071
3 7072
2 7073
2 7075
3 7076
1 7077
2 7078
1 7079
3 7080
2 7081
3 7082
1 7084
1 7085
4 7086
4 7087
2 7088
1 7089
2 7090
3 7092
2 7097
2 7098
2 7099
1 7100
2 7102
1 7103
2 7104
1 7106
1 7108
1 7109
1 7110
3 7111
1 7112
1 7115
2 7117
4 7118
5 7119
2 7120
1 7121
1 7122
2 7123
2 7124
3 7125
2 7126
3 7128
2 7129
1 7130
2 7131
2 7132
4 7133
2 7134
2 7135
1 7138
1 7139
3 7140
2 7143
1 7144
1 7145
3 7146
1 7147
1 7148
1 7149
2 7150
5 7151
2 7152
1 7153
1 7154
6 7155
1 7156
1 7157
4 7158
2 7160
3 7161
2 7162
2 7163
2 7166
4 7167
4 7168
1 7171
4 7172
1 7173
1 7174
1 7175
1 7176
1 7177
1 7178
2 7179
1 7180
4 7181
2 7182
1 7184
3 7185
1 7187
5 7188
4 7190
1 7191
1 7192
1 7193
1 7194
4 7195
1 7196
4 7197
4 7198
2 7199
3 7200
1 7201
4 7202
1 7203
1 7204
2 7205
1 7206
1 7208
3 7209
1 7210
6 7211
2 7212
3 7213
3 7214
2 7216
3 7217
1 7218
2 7220
1 7222
2 7225
1 7227
2 7228
2 7229
2 7232
1 7234
3 7237
3 7238
3 7239
1 7240
3 7241
2 7242
2 7243
2 7244
2 7246
3 7248
2 7249
2 7251
1 7252
3 7253
2 7254
3 7255
1 7256
1 7257
2 7258
2 7259
2 7260
6 7261
3 7263
5 7264
1 7266
1 7267
1 7268
1 7270
1 7271
4 7272
1 7273
1 7274
4 7275
3 7276
2 7277
4 7278
3 7279
3 7280
1 7281
1 7282
3 7283
1 7284
1 7285
3 7286
2 7287
1 7288
1 7289
3 7290
2 7291
3 7292
1 7293
2 7294
1 7296
1 7298
1 7299
1 7300
1 7301
1 7302
1 7304
2 7305
1 7306
2 7307
1 7309
1 7310
2 7311
3 7312
2 7313
2 7314
2 7315
1 7316
1 7318
1 7319
3 7320
2 7321
4 7322
3 7323
4 7324
2 7325
1 7326
1 7327
1 7329
2 7330
2 7331
3 7333
3 7334
3 7335
2 7336
1 7337
2 7338
2 7339
2 7341
2 7342
1 7343
2 7344
1 7345
2 7347
2 7349
1 7350
1 7352
2 7354
2 7356
3 7357
1 7361
2 7362
2 7363
2 7365
2 7367
1 7368
2 7369
3 7370
3 7372
1 7373
2 7377
3 7380
1 7382
2 7383
1 7384
1 7386
2 7387
2 7388
2 7390
2 7391
2 7393
3 7394
1 7395
3 7396
1 7397
2 7398
1 7399
1 7400
2 7402
3 7403
1 7404
1 7405
1 7408
1 7409
1 7410
3 7412
1 7413
1 7414
2 7415
2 7416
1 7417
2 7420
1 7421
1 7422
5 7423
2 7424
1 7425
2 7430
2 7432
1 7434
2 7435
1 7436
2 7437
2 7439
1 7440
2 7441
3 7442
1 7443
1 7444
2 7445
3 7446
1 7447
1 7449
3 7451
2 7452
1 7456
1 7457
1 7458
2 7459
2 7461
2 7463
1 7465
1 7467
3 7468
1 7470
1 7472
2 7473
1 7475
2 7477
3 7479
3 7480
2 7481
3 7482
2 7483
1 7485
1 7486
3 7489
3 7491
1 7492
2 7494
2 7495
1 7496
1 7497
3 7498
2 7499
3 7500
1 7502
1 7503
2 7504
1 7506
2 7509
1 7510
3 7511
2 7512
1 7513
2 7515
3 7516
2 7517
1 7518
1 7519
3 7520
1 7522
2 7523
1 7524
1 7526
1 7527
1 7528
1 7529
1 7530
2 7531
2 7532
1 7533
1 7534
2 7535
1 7537
4 7538
3 7539
1 7540
3 7541
1 7542
1 7543
3 7544
4 7547
1 7549
1 7550
2 7551
2 7552
1 7553
1 7555
1 7556
1 7557
4 7558
2 7560
3 7561
2 7564
2 7566
1 7567
3 7568
1 7569
1 7572
1 7573
1 7575
1 7577
1 7578
2 7581
1 7582
1 7584
1 7585
1 7586
1 7587
3 7588
1 7589
2 7590
1 7591
2 7592
1 7594
1 7596
1 7597
4 7598
2 7599
3 7600
1 7601
2 7603
2 7604
2 7605
1 7607
2 7609
2 7610
2 7611
2 7612
1 7613
1 7615
2 7618
2 7619
1 7620
2 7622
2 7623
3 7626
4 7628
2 7630
2 7631
3 7632
2 7635
1 7636
1 7640
3 7641
1 7642
1 7644
1 7646
1 7648
3 7652
1 7653
1 7654
1 7656
2 7657
1 7658
2 7659
2 7662
1 7663
1 7664
1 7666
3 7667
3 7668
1 7669
1 7671
1 7672
1 7673
1 7675
2 7676
1 7678
2 7679
2 7680
1 7682
1 7683
1 7684
1 7685
2 7686
2 7688
1 7689
3 7690
1 7691
3 7693
3 7694
2 7698
1 7699
1 7700
2 7703
2 7704
1 7705
1 7706
1 7707
1 7709
1 7713
1 7714
1 7715
1 7716
2 7718
1 7720
1 7723
4 7724
1 7726
1 7727
2 7728
2 7729
1 7730
1 7731
3 7732
1 7733
2 7736
1 7737
1 7738
1 7739
2 7740
2 7742
4 7744
1 7746
1 7747
2 7749
1 7750
2 7755
1 7757
1 7758
2 7759
2 7761
2 7762
1 7764
1 7766
1 7767
1 7770
1 7772
2 7773
2 7777
1 7779
1 7781
2 7786
1 7787
1 7791
1 7793
2 7794
1 7795
1 7796
1 7797
2 7799
1 7802
1 7805
1 7807
1 7812
2 7814
2 7817
1 7818
3 7821
1 7825
1 7827
1 7831
1 7832
1 7833
4 7834
1 7838
3 7839
2 7840
1 7842
1 7843
3 7844
1 7846
1 7847
2 7849
2 7852
1 7854
1 7855
2 7856
1 7857
2 7860
1 7861
1 7863
1 7866
1 7867
2 7868
3 7870
1 7871
1 7872
1 7873
2 7874
2 7875
1 7876
3 7877
1 7880
1 7881
2 7882
1 7883
1 7888
1 7890
2 7892
3 7896
2 7898
1 7899
2 7900
3 7901
1 7902
1 7903
1 7906
1 7908
1 7909
1 7911
2 7917
1 7919
1 7920
1 7924
1 7926
1 7928
1 7931
1 7933
1 7935
2 7936
1 7937
1 7939
2 7940
1 7943
3 7946
1 7951
1 7959
1 7964
1 7965
1 7968
4 7974
1 7980
1 7981
1 7986
1 7994
1 7997
2 7998
1 7999
3 8000
2 8002
2 8003
1 8005
1 8006
1 8007
1 8008
1 8009
1 8014
1 8020
1 8021
1 8023
2 8024
1 8027
1 8037
1 8039
1 8041
1 8044
2 8045
1 8049
2 8051
1 8055
1 8061
1 8070
2 8076
1 8077
1 8078
1 8079
1 8082
1 8091
1 8096
1 8100
2 8103
1 8104
1 8107
1 8108
1 8109
1 8111
2 8112
1 8117
1 8118
1 8119
1 8121
1 8126
1 8127
1 8129
1 8131
1 8135
1 8138
1 8140
1 8142
1 8148
2 8151
1 8156
2 8157
1 8158
1 8160
1 8165
1 8170
1 8172
1 8176
1 8180
1 8183
1 8184
3 8188
1 8196
1 8206
1 8207
1 8208
1 8209
1 8212
1 8213
1 8218
1 8224
1 8242
1 8243
1 8251
2 8253
1 8254
1 8261
1 8263
1 8294
1 8314
1 8316
1 8320
1 8324
3 8340
1 8341
1 8345
1 8348
1 8353
1 8356
1 8358
1 8359
1 8362
1 8366
1 8369
2 8377
1 8378
1 8381
1 8382
1 8398
2 8406
1 8416
1 8417
1 8438
1 8456
1 8462
1 8466
1 8468
1 8473
1 8477
1 8478
1 8479
1 8503
1 8505
1 8514
1 8517
1 8520
1 8524
1 8531
2 8533
1 8549
1 8560
1 8567
1 8580
2 8600
1 8627
1 8637
1 8652
1 8665
2 8677
1 8684
1 8692
1 8715
1 8731
1 8736
1 8739
1 8750
1 8754
1 8770
1 8779
1 8783
1 8794
1 8804
1 8826
1 8831
1 8847
1 8852
1 8855
1 8862
1 8887
1 8888
1 8908
1 8914
1 8924
1 8931
1 8942
1 8943
1 8949
1 8971
1 8980
1 8987
1 8989
1 8990
1 8997
1 9011
1 9020
1 9030
1 9031
1 9039
1 9052
1 9055
2 9060
1 9068
1 9081
1 9116
1 9126
2 9132
1 9140
1 9144
1 9152
1 9163
1 9185
2 9228
1 9237
1 9246
1 9247
1 9255
1 9275
1 9290
1 9294
1 9308
1 9318
1 9324
1 9326
1 9345
1 9395
1 9397
1 9420
1 9421
1 9438
1 9451
1 9453
1 9456
1 9457
1 9513
1 9525
1 9542
1 9569
1 9571
1 9592
1 9598
2 9611
2 9636
1 9665
1 9676
1 9679
1 9704
1 9716
1 9723
1 9761
1 9776
1 9818
1 9822
1 9823
1 9824
1 9840
1 9875
1 9895
1 9916
1 9928
1 9932
1 9969
1 9972
1 10008
2 10037
1 10169
1 10283
1 10295
1 10305
1 10345
1 10377
1 10393
1 10431
1 10450
1 10492
1 10507
1 10509
1 10513
1 10543
1 10557
1 10617
1 10637
1 10694
1 10710
1 10752
1 10795
1 10821
1 10924
1 10964
1 10974
1 10995
1 11035
1 11071
1 11079
2 11117
1 11121
1 11123
2 11148
1 11170
1 11185
1 11200
2 11203
1 11274
1 11292
1 11294
1 11398
1 11425
1 11471
1 11663
1 11667
1 11683
1 11693
1 11750
1 11817
1 11820
1 11873
1 11881
1 11907
1 11968
1 11977
1 12207
1 12337
1 12362
1 12568
1 12727
1 12732
1 12800
1 12969
1 12985
1 13027
1 13042
1 13060
1 13061
1 13072
1 13078
1 13087
1 13132
1 13142
1 13171
1 13258
1 13284
1 13310
1 13424
1 13437
1 13491
1 13565
1 13592
1 13610
1 13666
1 13696
1 13736
1 13962
1 14045
1 14117
1 14715
1 15341
1 15464
1 15474
1 15515
1 15544
1 15679
1 16588
1 17585
1 18035
1 18057
1 18081
1 18121
1 18126
1 18195
1 18509
1 18599
1 18621
1 19285
1 19907
1 20052
1 20097
1 20259
1 20304
1 20436
1 20697
1 21024
1 21248
1 22956
1 23023
1 23610
1 24997
1 26187
1 26741
1 27246
2 27320
1 27535
1 27536
1 27554
1 27589
1 27634
1 28229
1 28653
1 28948
1 29191
1 30132
1 30671
1 35550
1 35611
1 35804
1 35903
1 35927
1 35940
1 36092
1 37103
1 38342
1 39165
1 39193
1 39235
1 40478
1 41722
1 44030
1 44274
1 45476
1 49276
1 49386
1 57140
1 58899
1 65466
1 69955
1 90700
1 90776
1 99183
1 99280
1 103393
1 113847
1 113866
1 116516
1 128897
1 129185
1 139887
1 146455
1 149531
1 149676
1 156988
1 157047
1 157251
1 157400
1 205931
1 227032
1 301672
1 314857
1 315168
1 315307
1 315419
1 388866
1 406010
1 406915
1 420042
2 460179
1 499230
1 649734
1 786273
1 881981
1 900186
1 1017946
1 1024472
1 1304766
1 1319668
1 1350181
1 1579411
1 1580151
1 1609938
1 1776189
1 1776257
1 1878328
1 1994821
1 2006369
1 2059828
1 2091242
1 2105461
1 2715680
1 2808022
1 2863059
1 2863164
1 2863287
1 2863318
1 2863471
1 2863511
1 2863530
1 2863559
1 2912356
1 3100525
1 3570873
1 4517164
1 5414722
1 5414813
1 5415019
1 5455751
1 5766165
1 6411940
1 6519229
1 6890437
1 7081676
1 7130705
1 7259071
1 7482407
1 7690463
1 8527245
1 8853991
1 9282250
1 9401966
1 9425376
4 9425378
4 9425381
9 9425383
1 9425384
2 9425385
2 9425389
1 9425391
1 9425392
1 9425397
2 9425401
1 9425402
1 9425403
4 9425404
1 9425405
1 9425406
1 9425413
1 9425414
2 9425416
2 9425418
1 9425420
1 9425421
4 9425423
6 9425425
2 9425426
6 9425427
5 9425428
2 9425429
3 9425431
5 9425433
1 9425434
14 9425435
1 9425436
6 9425437
3 9425438
4 9425439
3 9425440
4 9425441
4 9425442
3 9425443
2 9425444
1 9425445
6 9425446
2 9425447
16 9425448
2 9425449
9 9425450
10 9425451
6 9425452
2 9425453
5 9425454
2 9425455
10 9425456
7 9425457
9 9425458
7 9425459
7 9425460
9 9425461
15 9425462
40 9425463
13 9425464
14 9425465
5 9425466
11 9425467
6 9425468
18 9425469
10 9425470
14 9425471
9 9425472
6 9425473
7 9425474
4 9425475
6 9425476
11 9425477
8 9425478
8 9425479
8 9425480
7 9425481
7 9425482
9 9425483
7 9425484
10 9425485
9 9425486
4 9425488
4 9425489
11 9425490
12 9425491
2 9425492
3 9425493
2 9425494
3 9425495
5 9425496
2 9425497
13 9425498
1 9425499
8 9425500
2 9425501
3 9425502
3 9425503
7 9425504
5 9425505
1 9425506
2 9425507
2 9425508
5 9425509
2 9425510
1 9425512
2 9425515
2 9425516
1 9425517
1 9425518
1 9425527
1 9877577
1 9877578
2 9877583
2 9877587
1 9877589
1 9877590
1 9877591
4 9877593
1 9877595
1 9877596
4 9877597
1 9877599
3 9877600
5 9877601
6 9877602
1 9877603
4 9877604
4 9877606
15 9877608
2 9877609
5 9877610
12 9877612
1 9877613
7 9877614
5 9877617
2 9877620
1 9877623
1 9877640
1 9877704
4 9877706
1 9877707
2 9877708
9 9877709
1 9877712
1 9877714
2 9877715
1 9877716
2 9877717
1 9877722
1 9877730
3 9877732
1 9877736
2 9877738
1 9877745
1 9877761
1 9893555
1 10076915
1 10141210
1 10141416
2 10141433
1 10141442
1 10141511
1 10141515
1 10141536
1 10141552
1 10141571
1 10141572
2 10141582
1 10141638
1 10372915
1 10374985
1 10443458
1 10733699
1 11609298
1 12276346
1 12444995
1 12458411
1 12908327
1 12908631
1 13820516
1 14557149
1 14735584
1 14875916
1 15036954
1 16157108
1 16157124
1 16157151
1 16157160
1 16157164
1 16157187
2 16157202
1 16157204
1 16157207
1 16157211
1 16157222
1 16157261
1 16157270
2 16157285
1 16157291
1 16157292
1 16157311
1 16157316
1 16157333
1 16157337
1 16157391
1 16157414
1 16157433
1 16157486
1 16157511
1 16157535
1 16157573
1 16157608
1 16157639
1 16157651
1 16157755
1 16157756
1 16746175
1 17085816
1 18077637
1 18097390
1 18294077
1 18641350
1 18734206
1 18734360
1 18734390
1 18734401
1 18734403
1 18734408
2 18734411
1 18734413
1 18734436
1 18734458
1 19246348
1 19521542
1 20089685
1 20426572
1 20548328
1 20806685
1 21302704
1 21407461
1 21492949
1 21541839
1 23313906
1 23473838
1 23534743
1 23695720
1 24001341
1 24303199
1 24372214
1 24697455
1 25888691
1 26879963
1 27860409
1 28130374
1 29545261
1 29951727
1 31147574
1 31488847
1 31872246
1 32293574
2 32330756
1 32385434
1 32817088
1 33033645
1 33133121
1 33137032
1 33648941
1 33673677
1 34829667
1 34927430
1 35657713
1 35741218
1 36600398
1 36624113
1 36847916
1 37328776
1 39148643
1 39460324
1 39562112
1 39801239
1 40954869
2 41204110
1 42211061
1 42303859
1 42394571
1 42501080
1 43163491
1 43163790
1 43304829
1 43730608
1 44075123
1 44157687
1 44782808
1 45196083
1 45208478
1 45384310
1 45430616
1 46220522
1 46774573
1 46835044
1 47955105
1 48526602
1 51247180
1 52453302
1 54549971
1 55185795
1 55185819
1 55185825
1 55461881
1 55500148
1 56352669
1 56401051
1 56552875
1 56735227
1 56801164
1 57712498
1 58276560
1 58917729
1 59006523
1 59195442
1 59736538
1 60054338
1 60810487
1 61447842
1 61562827
1 61618157
1 61725930
1 62059419
1 62125990
1 64572679
1 65031713
1 65758900
1 67281053
1 67898412
1 68397557
1 68511534
1 68594039
1 68919012
1 69733282
1 70969048
1 71309052
1 71669460
1 72323387
1 74222213
1 74298261
1 74448055
1 74638227
1 75208723
1 75601677
1 76294971
1 76702727
1 79288110
1 79743828
1 80429012
1 82180135
1 82339079
1 82678174
1 83735778
1 85114519
1 85453020
1 87560343
1 89792488
1 90066532
1 90819106
1 91012939
1 92270195
1 92430653
1 92436057
1 93149809
1 93149817
2 93149820
1 93149821
1 93149822
1 93149823
1 93149831
4 93149836
3 93149838
1 93149839
1 93149841
2 93149842
1 93149844
2 93149845
1 93149846
1 93149848
1 93149850
4 93149852
1 93149853
1 93149854
2 93149855
3 93149857
1 93149858
1 93149860
3 93149861
8 93149862
1 93149863
2 93149864
4 93149865
4 93149867
3 93149868
1 93149869
1 93149870
4 93149871
4 93149873
1 93149876
7 93149878
1 93149880
1 93149881
1 93149882
4 93149883
7 93149884
1 93149885
3 93149886
3 93149889
1 93149890
1 93149895
1 93149898
1 93149899
1 93149958
1 93149971
2 93149986
2 93149997
1 93150002
1 93150003
1 94576861
1 94670515
1 95119105
1 95324322
1 96741098
1 96868447
1 97888755
1 99441254
1 101561213
1 102224836
1 102838019
1 102999514
1 103027342
1 103027343
1 103027352
1 103027357
1 103027361
1 103027363
1 103027369
2 103027374
1 103027375
2 103027378
1 103027384
1 103027387
1 103027390
1 103027393
3 103027394
1 103027395
2 103027404
2 103027405
2 103027406
1 103027415
1 103027418
1 103027422
1 103027425
1 103027430
2 103027431
1 103027432
1 103027433
1 103027439
1 103027465
3 103027466
1 103027467
5 103027469
1 103027474
1 103027477
2 103027479
2 103027480
1 103027482
2 103027485
1 103027487
1 103027489
3 103027490
1 103027491
5 103027492
1 103027493
1 103027494
10 103027495
4 103027496
4 103027497
2 103027499
1 103027500
6 103027501
1 103027502
1 103027503
5 103027504
3 103027505
12 103027506
2 103027507
1 103027509
2 103027510
13 103027511
9 103027512
4 103027513
2 103027514
2 103027515
7 103027516
2 103027518
3 103027519
4 103027520
15 103027521
4 103027522
7 103027523
2 103027524
4 103027525
5 103027527
4 103027528
2 103027529
10 103027530
4 103027531
6 103027532
2 103027533
1 103027534
3 103027535
4 103027536
2 103027537
6 103027539
2 103027541
2 103027543
7 103027544
1 103027546
1 103027547
3 103027550
1 103027551
5 103027552
4 103027553
7 103027554
7 103027555
1 103027557
5 103027560
2 103027561
2 103027563
2 103027565
4 103027567
3 103027568
7 103027570
3 103027571
1 103027572
2 103027573
2 103027577
1 103027584
1 103027585
3 103027586
1 103027588
1 103035733
1 108746177
1 108930449
1 111962287
1 112119181
1 112685541
1 116962739
1 121856625
1 122465918
1 122775091
1 126216441
1 139275098
1 141879011
1 152767787
1 160536244
1 160536530
1 160537137
1 160537346
2 160537377
1 160537422
1 160537448
1 160537463
1 160537472
1 160537475
1 163066598
1 163121951
