1 32
4 34
2335 35
3319 36
3611 37
4032 38
5768 39
9380 40
14690 41
15084 42
10965 43
10230 44
9548 45
8131 46
6840 47
6810 48
8356 49
11780 50
17422 51
17581 52
12832 53
10798 54
10254 55
8934 56
7965 57
7346 58
7783 59
9483 60
11545 61
12599 62
11875 63
11623 64
11774 65
10974 66
9260 67
8421 68
8619 69
9759 70
11154 71
12461 72
12542 73
13374 74
14703 75
18603 76
13104 77
12272 78
11985 79
13513 80
16497 81
15699 82
15102 83
14884 84
14253 85
13584 86
14569 87
12013 88
11896 89
12288 90
12859 91
14052 92
14810 93
13760 94
13669 95
13124 96
13236 97
12336 98
12217 99
11822 100
12142 101
12765 102
12990 103
13290 104
14382 105
13182 106
13347 107
12667 108
12060 109
12122 110
12279 111
12142 112
13090 113
13322 114
14457 115
13936 116
13560 117
13046 118
12904 119
12829 120
12350 121
12625 122
13807 123
15270 124
16608 125
14204 126
14663 127
13547 128
14397 129
12305 130
12284 131
12933 132
12916 133
14084 134
14937 135
17764 136
25622 137
28549 138
21911 139
14713 140
12848 141
12277 142
12318 143
12326 144
13271 145
15957 146
21739 147
27044 148
25539 149
21216 150
19672 151
17447 152
15492 153
15615 154
16426 155
18790 156
25360 157
32035 158
35553 159
32366 160
26685 161
23679 162
24132 163
29747 164
42596 165
65019 166
85845 167
85218 168
69801 169
56850 170
51525 171
44789 172
42760 173
49363 174
64569 175
79053 176
84983 177
78582 178
70086 179
65830 180
64039 181
58053 182
54556 183
55091 184
61957 185
67032 186
68334 187
66419 188
62300 189
57741 190
56001 191
55895 192
57725 193
62380 194
67025 195
69264 196
68244 197
63169 198
59883 199
58573 200
57755 201
58749 202
59228 203
61905 204
63315 205
63742 206
63739 207
61812 208
60685 209
60225 210
62003 211
63640 212
64413 213
63766 214
62946 215
61509 216
59788 217
58227 218
58266 219
58260 220
59734 221
61008 222
61075 223
60642 224
59182 225
57440 226
55611 227
54112 228
53168 229
52290 230
52888 231
53794 232
54091 233
54217 234
53104 235
51369 236
49374 237
47966 238
46243 239
45236 240
44908 241
45060 242
46576 243
45370 244
44414 245
43208 246
41539 247
39292 248
38171 249
37354 250
35976 251
35702 252
35507 253
35166 254
35720 255
34520 256
33465 257
32674 258
31008 259
30687 260
29495 261
28635 262
28257 263
28442 264
28375 265
27935 266
27514 267
26649 268
25776 269
25133 270
24607 271
23566 272
23390 273
22944 274
23280 275
23139 276
23127 277
22824 278
22542 279
21549 280
21265 281
20721 282
20420 283
20015 284
19999 285
20552 286
20665 287
20841 288
20947 289
20372 290
20268 291
19552 292
19022 293
19197 294
19195 295
19881 296
20238 297
20836 298
21294 299
21312 300
21454 301
20357 302
19774 303
19511 304
19720 305
19997 306
20637 307
21832 308
22854 309
23798 310
23376 311
22981 312
22505 313
22028 314
21974 315
22577 316
22823 317
24328 318
25791 319
26643 320
27283 321
26690 322
26469 323
26123 324
26297 325
26822 326
26940 327
27860 328
28758 329
29653 330
30387 331
30319 332
30424 333
30699 334
31234 335
31473 336
32194 337
33030 338
33723 339
34775 340
35245 341
35915 342
36553 343
36714 344
36601 345
37239 346
37952 347
38562 348
38772 349
39548 350
40775 351
41284 352
42389 353
42541 354
43377 355
44279 356
44373 357
44371 358
44469 359
44841 360
45718 361
45959 362
46247 363
46612 364
47675 365
48278 366
48723 367
48656 368
49243 369
48768 370
49079 371
48587 372
48742 373
48721 374
49106 375
49971 376
49618 377
50916 378
50843 379
50664 380
50950 381
50039 382
49491 383
49229 384
49378 385
49097 386
49349 387
49966 388
49982 389
50670 390
50573 391
50626 392
50148 393
49850 394
49111 395
48144 396
47935 397
48142 398
48841 399
48296 400
48638 401
49025 402
49752 403
48373 404
47576 405
46609 406
46031 407
45800 408
45193 409
45285 410
45907 411
45192 412
45564 413
44856 414
44538 415
43651 416
42943 417
41606 418
41110 419
40764 420
40576 421
40517 422
40034 423
39883 424
40133 425
38752 426
37789 427
36544 428
36207 429
35077 430
35042 431
34723 432
34457 433
34670 434
33791 435
32579 436
32427 437
31823 438
30897 439
30284 440
29268 441
29088 442
29387 443
28420 444
28124 445
27672 446
27299 447
26600 448
26234 449
25327 450
24989 451
24231 452
23856 453
23662 454
23625 455
23207 456
22569 457
22604 458
22028 459
22041 460
21386 461
21289 462
21033 463
21091 464
20842 465
20820 466
20492 467
20132 468
20293 469
19883 470
19791 471
19446 472
19571 473
19581 474
19238 475
19345 476
19597 477
19165 478
19300 479
18960 480
19416 481
18924 482
18619 483
19074 484
19297 485
19470 486
19238 487
18988 488
19484 489
19116 490
19039 491
19420 492
19263 493
20129 494
19739 495
19624 496
20180 497
20341 498
20426 499
20641 500
20755 501
20627 502
20848 503
20861 504
20952 505
21038 506
21201 507
21876 508
21726 509
22307 510
22769 511
22491 512
22535 513
22867 514
23136 515
22987 516
23774 517
23566 518
23903 519
24304 520
24468 521
24780 522
25257 523
24955 524
25006 525
25795 526
25657 527
25571 528
26252 529
26272 530
26473 531
27047 532
27063 533
27701 534
27742 535
27602 536
27938 537
28134 538
27814 539
28399 540
28875 541
28769 542
29321 543
29377 544
29507 545
30104 546
29745 547
29904 548
30196 549
30326 550
29780 551
30480 552
30605 553
30897 554
30768 555
30363 556
30559 557
30575 558
30764 559
30833 560
30658 561
30636 562
31011 563
31048 564
30742 565
30880 566
30858 567
30687 568
31117 569
30637 570
30506 571
30480 572
30838 573
30465 574
30813 575
30492 576
30398 577
30281 578
30351 579
30105 580
30488 581
30065 582
29615 583
30176 584
29604 585
29380 586
29866 587
29446 588
29111 589
29105 590
28413 591
28530 592
28242 593
28052 594
27886 595
27675 596
27809 597
27651 598
27424 599
27441 600
26964 601
26887 602
26203 603
25846 604
25674 605
25323 606
25261 607
25217 608
24891 609
24763 610
24198 611
24352 612
24108 613
23641 614
23290 615
23341 616
22893 617
22780 618
22540 619
22256 620
21959 621
21274 622
21148 623
21075 624
20766 625
20666 626
20335 627
20386 628
19629 629
19959 630
19557 631
19234 632
18988 633
18956 634
18543 635
18132 636
18173 637
17958 638
17543 639
17321 640
17781 641
17336 642
16903 643
16894 644
16588 645
16584 646
16313 647
16630 648
16304 649
16027 650
16150 651
15935 652
15861 653
15792 654
15744 655
15372 656
15137 657
15421 658
15151 659
15079 660
15075 661
15062 662
14728 663
14697 664
14569 665
14686 666
14648 667
14646 668
14677 669
14594 670
14510 671
14844 672
14444 673
14526 674
14506 675
14704 676
14591 677
14888 678
14749 679
14521 680
14253 681
14801 682
14615 683
14988 684
14922 685
14853 686
15156 687
15119 688
14994 689
15151 690
15580 691
15369 692
15068 693
15226 694
15501 695
15559 696
15808 697
15755 698
15955 699
16005 700
15961 701
16125 702
16354 703
16387 704
16005 705
16658 706
16318 707
16815 708
16734 709
16990 710
17041 711
16892 712
17090 713
17031 714
17025 715
17164 716
17223 717
17317 718
17411 719
17488 720
17538 721
17688 722
17832 723
17633 724
17885 725
17887 726
17887 727
17929 728
18210 729
17986 730
18265 731
18358 732
18421 733
18419 734
18314 735
18452 736
18096 737
18575 738
18154 739
18301 740
18488 741
18438 742
18307 743
18247 744
18411 745
18540 746
18467 747
18394 748
18382 749
18569 750
18272 751
18099 752
18428 753
18225 754
18394 755
18179 756
17916 757
18112 758
18232 759
17921 760
18142 761
18055 762
17702 763
17720 764
17707 765
17835 766
17479 767
17543 768
17295 769
17622 770
17132 771
16860 772
17155 773
16766 774
17044 775
16639 776
16825 777
16617 778
16191 779
16072 780
16187 781
15977 782
15877 783
15672 784
15810 785
15612 786
15452 787
15395 788
15422 789
15197 790
15220 791
15068 792
14804 793
14457 794
14410 795
13920 796
14297 797
14038 798
13994 799
13883 800
13748 801
13744 802
13566 803
13350 804
13123 805
13216 806
12871 807
12904 808
12650 809
12702 810
12826 811
12349 812
12074 813
12134 814
11894 815
11953 816
11728 817
11661 818
11583 819
11427 820
11499 821
11300 822
11068 823
11339 824
10896 825
11124 826
10764 827
10677 828
10788 829
10745 830
10427 831
10308 832
10375 833
10269 834
10237 835
10201 836
10036 837
9955 838
9725 839
9682 840
9773 841
9674 842
9735 843
9490 844
9384 845
9530 846
9275 847
9186 848
9209 849
9278 850
9195 851
9215 852
9099 853
9192 854
8998 855
8977 856
8871 857
8896 858
8781 859
8919 860
9008 861
8849 862
8749 863
8732 864
8992 865
8695 866
8927 867
8870 868
8861 869
8760 870
8932 871
8788 872
8809 873
8901 874
9183 875
8787 876
9100 877
8809 878
8901 879
9073 880
9170 881
8853 882
8754 883
9012 884
9104 885
9279 886
9065 887
9015 888
8942 889
9108 890
9119 891
8908 892
9234 893
9027 894
9007 895
9224 896
9207 897
9265 898
9160 899
9204 900
9129 901
9153 902
9020 903
9106 904
9313 905
9044 906
9113 907
9319 908
9209 909
9024 910
9217 911
9103 912
9081 913
9068 914
9214 915
9209 916
9309 917
9034 918
9231 919
8950 920
9114 921
9174 922
9038 923
9167 924
9095 925
9114 926
9201 927
8986 928
9226 929
9056 930
9091 931
9293 932
9007 933
9113 934
9136 935
8951 936
8981 937
8955 938
8773 939
8719 940
9090 941
8987 942
8744 943
9205 944
8838 945
8782 946
8742 947
8715 948
8742 949
8573 950
8628 951
8691 952
8392 953
8290 954
8386 955
8259 956
8426 957
8271 958
8063 959
8214 960
7993 961
8267 962
8067 963
7859 964
7886 965
7525 966
7774 967
7735 968
7734 969
7485 970
7579 971
7493 972
7333 973
7511 974
7301 975
7236 976
7367 977
7053 978
7258 979
7059 980
6969 981
7038 982
7142 983
6932 984
6968 985
6975 986
6852 987
6903 988
6846 989
6919 990
6839 991
6564 992
6836 993
6787 994
6706 995
6685 996
6590 997
6744 998
6728 999
6699 1000
3783 1001
3733 1002
3630 1003
3539 1004
3540 1005
3419 1006
3382 1007
3211 1008
3270 1009
3210 1010
3284 1011
3103 1012
3109 1013
3162 1014
3091 1015
3060 1016
2984 1017
2975 1018
2906 1019
2912 1020
2939 1021
2785 1022
2900 1023
2858 1024
2841 1025
2759 1026
2704 1027
2718 1028
2881 1029
2878 1030
3210 1031
2606 1032
2934 1033
2986 1034
2565 1035
2477 1036
2416 1037
2522 1038
2470 1039
2380 1040
2406 1041
2364 1042
2309 1043
2333 1044
2303 1045
2282 1046
2301 1047
2288 1048
2273 1049
2286 1050
2262 1051
2192 1052
2239 1053
2206 1054
2216 1055
2095 1056
2196 1057
2098 1058
2063 1059
2166 1060
2064 1061
2051 1062
1994 1063
2086 1064
2017 1065
2006 1066
1946 1067
1910 1068
1914 1069
1889 1070
1847 1071
1779 1072
1767 1073
1853 1074
1847 1075
1793 1076
1870 1077
1855 1078
1856 1079
1832 1080
1882 1081
1829 1082
1936 1083
1768 1084
1865 1085
1856 1086
1840 1087
1828 1088
1896 1089
1864 1090
1732 1091
1716 1092
1781 1093
1825 1094
1733 1095
1755 1096
1673 1097
1695 1098
1660 1099
1690 1100
1650 1101
1663 1102
1791 1103
1622 1104
1656 1105
1729 1106
1735 1107
1651 1108
1541 1109
1653 1110
1558 1111
1660 1112
1596 1113
1622 1114
1582 1115
1562 1116
1550 1117
1555 1118
1523 1119
1542 1120
1480 1121
1464 1122
1447 1123
1509 1124
1542 1125
1535 1126
1514 1127
1520 1128
1418 1129
1457 1130
1389 1131
1407 1132
1415 1133
1381 1134
1391 1135
1414 1136
1274 1137
1397 1138
1382 1139
1315 1140
1318 1141
1336 1142
1350 1143
1263 1144
1238 1145
1259 1146
1227 1147
1221 1148
1169 1149
1154 1150
1240 1151
1206 1152
1137 1153
1183 1154
1100 1155
1093 1156
1039 1157
1114 1158
1054 1159
1060 1160
1079 1161
1073 1162
1064 1163
996 1164
999 1165
1023 1166
995 1167
988 1168
947 1169
972 1170
887 1171
884 1172
947 1173
878 1174
881 1175
920 1176
906 1177
911 1178
873 1179
793 1180
908 1181
805 1182
789 1183
759 1184
801 1185
833 1186
760 1187
742 1188
726 1189
700 1190
747 1191
697 1192
695 1193
637 1194
685 1195
690 1196
648 1197
630 1198
683 1199
625 1200
624 1201
555 1202
628 1203
586 1204
640 1205
578 1206
543 1207
557 1208
600 1209
549 1210
578 1211
516 1212
522 1213
538 1214
545 1215
528 1216
485 1217
498 1218
502 1219
456 1220
480 1221
459 1222
500 1223
478 1224
456 1225
428 1226
442 1227
450 1228
435 1229
437 1230
395 1231
405 1232
429 1233
413 1234
396 1235
407 1236
393 1237
357 1238
380 1239
401 1240
355 1241
389 1242
354 1243
389 1244
337 1245
355 1246
318 1247
331 1248
325 1249
348 1250
330 1251
354 1252
346 1253
340 1254
329 1255
321 1256
327 1257
289 1258
296 1259
318 1260
325 1261
267 1262
299 1263
285 1264
293 1265
234 1266
269 1267
263 1268
296 1269
266 1270
265 1271
255 1272
242 1273
265 1274
252 1275
256 1276
250 1277
248 1278
252 1279
233 1280
208 1281
248 1282
216 1283
212 1284
206 1285
218 1286
216 1287
217 1288
196 1289
210 1290
211 1291
203 1292
223 1293
209 1294
218 1295
211 1296
174 1297
194 1298
190 1299
167 1300
194 1301
187 1302
146 1303
179 1304
184 1305
189 1306
180 1307
160 1308
176 1309
148 1310
189 1311
131 1312
142 1313
139 1314
147 1315
148 1316
139 1317
143 1318
146 1319
142 1320
129 1321
128 1322
116 1323
155 1324
123 1325
118 1326
137 1327
127 1328
127 1329
118 1330
121 1331
132 1332
110 1333
120 1334
123 1335
109 1336
112 1337
123 1338
106 1339
103 1340
102 1341
101 1342
95 1343
81 1344
110 1345
77 1346
97 1347
97 1348
93 1349
85 1350
93 1351
80 1352
72 1353
82 1354
74 1355
90 1356
80 1357
82 1358
64 1359
83 1360
71 1361
84 1362
72 1363
57 1364
69 1365
76 1366
67 1367
70 1368
58 1369
52 1370
62 1371
70 1372
53 1373
59 1374
54 1375
61 1376
73 1377
47 1378
55 1379
45 1380
49 1381
45 1382
39 1383
43 1384
56 1385
56 1386
33 1387
57 1388
51 1389
46 1390
43 1391
44 1392
34 1393
42 1394
43 1395
55 1396
36 1397
50 1398
36 1399
51 1400
47 1401
46 1402
23 1403
40 1404
34 1405
31 1406
26 1407
40 1408
34 1409
32 1410
25 1411
31 1412
38 1413
28 1414
34 1415
36 1416
33 1417
25 1418
21 1419
21 1420
21 1421
19 1422
28 1423
22 1424
22 1425
26 1426
22 1427
23 1428
27 1429
19 1430
18 1431
23 1432
28 1433
16 1434
12 1435
25 1436
20 1437
27 1438
19 1439
28 1440
17 1441
23 1442
19 1443
15 1444
8 1445
18 1446
9 1447
20 1448
15 1449
12 1450
16 1451
15 1452
16 1453
14 1454
21 1455
19 1456
9 1457
22 1458
13 1459
14 1460
19 1461
12 1462
10 1463
17 1464
12 1465
15 1466
16 1467
13 1468
10 1469
21 1470
10 1471
16 1472
14 1473
23 1474
13 1475
10 1476
9 1477
23 1478
9 1479
11 1480
13 1481
8 1482
8 1483
16 1484
18 1485
7 1486
8 1487
6 1488
10 1489
12 1490
16 1491
6 1492
12 1493
9 1494
9 1495
7 1496
9 1497
15 1498
16 1499
7 1500
8 1501
10 1502
12 1503
13 1504
9 1505
5 1506
18 1507
9 1508
12 1509
7 1510
3 1511
8 1512
7 1513
10 1514
14 1515
13 1516
9 1517
10 1518
9 1519
4 1520
8 1521
5 1522
5 1523
5 1524
5 1525
15 1526
7 1527
8 1528
8 1529
6 1530
8 1531
10 1532
8 1533
6 1534
5 1535
7 1536
13 1537
8 1538
7 1539
5 1540
2 1541
4 1542
4 1543
10 1544
5 1545
6 1546
2 1547
6 1548
6 1549
6 1550
8 1551
4 1552
9 1553
4 1554
10 1555
6 1556
5 1557
8 1558
3 1559
7 1560
10 1561
9 1562
10 1563
5 1564
11 1565
8 1566
7 1567
5 1568
9 1569
5 1570
9 1571
11 1572
6 1573
1 1574
11 1575
7 1576
3 1577
8 1578
5 1579
7 1580
10 1581
10 1582
6 1583
5 1584
4 1585
5 1586
8 1587
5 1588
5 1589
1 1590
5 1591
4 1593
6 1594
3 1595
6 1596
5 1597
10 1598
11 1599
6 1600
3 1601
7 1602
5 1603
3 1604
9 1605
9 1606
5 1607
3 1608
1 1609
8 1610
3 1611
10 1612
4 1613
6 1614
4 1615
4 1616
5 1617
6 1618
4 1619
9 1620
3 1621
2 1622
7 1623
4 1624
10 1625
4 1626
4 1627
4 1628
3 1629
4 1630
7 1631
9 1632
6 1633
11 1634
4 1635
3 1636
3 1637
5 1638
4 1639
5 1640
4 1641
3 1642
5 1643
7 1644
9 1645
6 1646
2 1647
5 1648
10 1649
4 1650
8 1651
3 1652
5 1653
3 1654
2 1655
3 1657
4 1658
6 1659
8 1660
5 1661
4 1662
10 1663
3 1664
5 1665
2 1666
2 1667
5 1668
3 1669
5 1670
7 1671
7 1672
2 1673
5 1674
7 1675
5 1676
3 1677
1 1678
6 1679
4 1680
3 1681
5 1682
4 1683
2 1684
1 1685
3 1686
5 1687
7 1688
5 1689
10 1690
3 1691
3 1692
3 1693
5 1694
3 1695
5 1696
3 1697
1 1698
8 1699
2 1700
10 1701
2 1702
4 1703
4 1704
7 1706
5 1707
2 1708
3 1709
5 1710
2 1711
2 1712
1 1713
2 1714
2 1715
2 1716
2 1717
9 1718
4 1719
2 1720
7 1721
4 1722
6 1724
4 1725
4 1726
3 1727
4 1728
4 1729
6 1730
3 1731
7 1732
3 1733
7 1734
7 1735
5 1736
4 1737
2 1738
1 1739
10 1740
5 1741
7 1742
6 1743
4 1744
5 1745
3 1746
4 1747
3 1748
4 1749
5 1750
5 1751
4 1752
12 1753
2 1754
2 1755
2 1756
2 1757
4 1758
4 1759
2 1760
6 1761
1 1762
4 1763
5 1764
1 1765
6 1766
6 1767
6 1768
2 1769
2 1770
1 1771
1 1772
5 1773
5 1774
1 1775
3 1776
5 1777
4 1778
4 1779
7 1780
3 1781
3 1782
3 1783
2 1784
2 1785
5 1786
2 1787
6 1788
4 1789
4 1790
5 1791
7 1792
2 1793
6 1794
1 1795
6 1796
4 1797
2 1798
6 1799
4 1800
2 1801
6 1802
2 1803
5 1804
4 1805
5 1806
6 1807
2 1808
7 1809
5 1811
6 1812
2 1813
7 1814
8 1815
7 1816
4 1817
4 1818
4 1819
3 1820
4 1821
2 1822
7 1823
12 1824
2 1825
1 1826
3 1827
7 1828
1 1829
5 1830
5 1831
1 1832
1 1833
1 1834
4 1835
2 1836
5 1837
4 1838
4 1840
3 1841
5 1842
3 1843
3 1844
6 1845
4 1846
2 1847
5 1848
2 1849
9 1851
2 1853
1 1854
3 1855
2 1856
3 1857
2 1858
1 1859
2 1860
5 1862
5 1863
5 1864
3 1865
3 1866
3 1867
3 1868
9 1869
4 1870
1 1871
1 1872
2 1874
6 1875
3 1876
4 1877
4 1878
2 1879
2 1880
1 1881
4 1882
3 1883
4 1884
4 1885
3 1886
4 1887
5 1888
3 1889
3 1890
1 1891
2 1892
1 1893
2 1894
6 1895
1 1896
2 1897
4 1898
2 1899
4 1900
3 1901
2 1902
5 1904
3 1905
2 1906
1 1907
4 1908
4 1909
5 1910
4 1911
1 1912
7 1913
3 1914
3 1915
2 1916
4 1917
7 1918
4 1920
2 1921
3 1922
3 1923
5 1924
1 1925
3 1926
1 1927
4 1928
4 1929
4 1930
4 1931
10 1932
3 1934
2 1935
4 1936
2 1937
3 1938
1 1939
3 1940
5 1941
2 1942
5 1943
1 1944
4 1945
5 1946
5 1948
1 1949
3 1950
2 1951
2 1952
3 1953
5 1954
6 1955
2 1956
4 1957
5 1958
2 1959
4 1960
1 1961
4 1962
4 1963
1 1964
6 1965
4 1967
2 1968
5 1969
2 1970
3 1972
3 1973
2 1974
1 1975
2 1976
5 1977
2 1978
2 1979
2 1980
1 1981
2 1983
3 1984
7 1985
3 1986
1 1987
3 1988
3 1989
1 1990
5 1991
4 1993
1 1994
1 1995
4 1997
1 1998
2 1999
1 2000
2 2001
3 2002
4 2003
1 2004
6 2005
1 2006
1 2007
3 2008
4 2009
3 2010
2 2011
6 2012
3 2013
6 2014
1 2015
2 2016
3 2017
5 2018
3 2019
5 2020
4 2021
2 2022
3 2023
2 2024
3 2025
5 2027
3 2028
1 2030
3 2031
2 2032
3 2033
4 2034
1 2036
4 2037
4 2038
4 2039
2 2041
1 2042
2 2043
4 2044
2 2045
4 2046
4 2047
3 2048
3 2049
5 2050
3 2051
3 2052
4 2053
5 2054
2 2055
1 2056
3 2057
5 2059
5 2061
3 2062
3 2063
5 2064
2 2065
2 2066
2 2067
1 2068
6 2070
2 2071
1 2073
2 2075
3 2076
4 2077
4 2078
3 2079
3 2080
5 2081
1 2082
3 2083
2 2084
5 2085
3 2086
1 2087
2 2088
1 2089
2 2090
2 2091
2 2092
3 2093
1 2094
1 2095
3 2096
6 2097
2 2098
2 2099
1 2100
1 2101
1 2103
2 2104
2 2105
5 2106
1 2107
2 2108
6 2109
5 2110
1 2111
4 2112
2 2113
4 2114
2 2115
7 2116
8 2117
1 2119
1 2120
3 2122
4 2123
1 2124
5 2125
1 2126
2 2127
5 2128
1 2129
2 2130
6 2131
2 2132
1 2133
5 2134
3 2135
1 2136
1 2137
2 2140
2 2141
3 2142
2 2143
3 2144
1 2145
2 2146
3 2148
6 2149
6 2150
3 2151
4 2152
5 2153
1 2155
2 2156
4 2157
5 2158
2 2159
1 2160
1 2161
2 2162
1 2163
4 2164
2 2165
2 2166
1 2167
2 2168
3 2169
1 2170
3 2171
4 2172
2 2173
1 2175
2 2177
3 2180
4 2181
1 2182
1 2183
1 2184
3 2185
3 2187
5 2190
3 2191
3 2192
1 2193
4 2194
4 2195
4 2196
3 2197
4 2198
2 2199
5 2200
1 2201
6 2202
3 2204
3 2205
5 2206
5 2207
2 2208
2 2209
2 2210
3 2211
1 2212
5 2213
2 2215
3 2216
3 2217
1 2218
3 2219
1 2220
1 2221
4 2222
2 2224
1 2225
2 2226
2 2228
3 2229
5 2230
2 2231
7 2232
1 2233
3 2234
3 2235
4 2236
3 2237
4 2238
1 2239
6 2240
2 2241
3 2243
3 2245
4 2246
2 2247
3 2248
2 2249
1 2250
2 2251
2 2252
1 2254
2 2255
3 2256
2 2257
2 2258
2 2259
1 2260
3 2261
1 2262
1 2263
5 2264
3 2265
4 2266
5 2267
5 2268
2 2269
2 2270
2 2271
3 2273
4 2274
2 2275
3 2277
4 2278
5 2279
1 2281
3 2282
4 2284
2 2286
1 2287
2 2289
2 2290
1 2292
6 2293
1 2294
2 2295
1 2296
2 2297
1 2298
2 2299
2 2300
3 2301
2 2302
2 2303
3 2304
1 2305
2 2306
2 2308
2 2309
1 2310
3 2311
2 2312
4 2314
2 2315
4 2316
5 2317
6 2318
6 2319
2 2320
2 2321
2 2322
5 2324
2 2325
3 2327
1 2328
1 2330
1 2331
5 2332
1 2333
1 2334
5 2335
3 2336
3 2338
3 2339
4 2340
1 2341
1 2342
2 2343
3 2344
3 2345
4 2347
4 2348
2 2349
1 2350
2 2351
11 2352
2 2353
2 2354
2 2356
2 2357
3 2358
1 2361
1 2362
2 2363
1 2364
6 2365
1 2366
2 2367
2 2368
4 2369
1 2370
1 2371
1 2372
2 2373
1 2374
2 2375
2 2377
1 2378
3 2379
3 2380
2 2381
2 2382
2 2383
2 2384
1 2385
3 2386
3 2387
2 2388
1 2389
1 2390
1 2391
4 2393
1 2394
1 2395
1 2396
3 2397
2 2398
2 2399
1 2401
1 2403
2 2404
1 2405
4 2408
1 2409
7 2410
3 2411
2 2412
1 2413
1 2415
2 2416
8 2419
1 2420
4 2421
3 2422
4 2423
3 2424
3 2425
4 2426
1 2428
2 2429
4 2430
1 2431
2 2432
2 2433
1 2434
2 2435
3 2436
3 2437
4 2438
3 2440
2 2441
3 2442
5 2443
2 2445
5 2448
2 2449
3 2450
2 2452
3 2453
7 2455
3 2456
1 2457
2 2458
1 2459
1 2460
3 2461
1 2462
6 2463
1 2464
2 2465
6 2467
3 2468
2 2469
4 2470
1 2471
5 2472
1 2473
2 2474
2 2475
1 2476
1 2477
2 2479
1 2484
3 2485
2 2486
3 2487
3 2489
6 2490
2 2491
5 2492
3 2493
6 2494
2 2495
3 2496
5 2497
2 2499
4 2500
1 2501
3 2502
4 2503
4 2505
2 2506
3 2507
1 2508
1 2509
2 2511
2 2512
2 2514
2 2516
3 2517
3 2518
1 2519
2 2520
2 2521
1 2522
3 2523
1 2524
3 2525
3 2526
6 2527
9 2529
1 2530
3 2531
2 2533
2 2534
2 2535
3 2537
2 2538
2 2539
2 2540
2 2542
4 2543
1 2545
3 2546
7 2547
1 2548
2 2549
1 2550
1 2552
1 2553
1 2554
1 2556
3 2557
2 2558
5 2559
2 2560
2 2561
2 2562
1 2563
1 2564
1 2565
2 2566
7 2568
2 2569
1 2570
1 2571
2 2572
2 2573
3 2574
2 2575
4 2576
2 2577
2 2578
5 2579
5 2580
4 2581
3 2582
2 2583
2 2584
2 2586
1 2587
2 2588
2 2589
3 2591
1 2592
7 2593
2 2594
1 2595
1 2596
2 2597
1 2598
1 2599
1 2602
4 2604
2 2605
1 2606
3 2607
5 2608
1 2610
3 2612
4 2613
1 2614
3 2615
3 2616
3 2617
1 2618
1 2619
1 2620
2 2621
2 2622
5 2624
4 2625
1 2626
2 2628
1 2629
3 2630
4 2631
1 2632
2 2633
2 2634
1 2635
1 2637
3 2638
2 2639
3 2640
3 2641
3 2642
2 2645
2 2646
1 2647
2 2649
2 2650
2 2652
1 2653
1 2654
2 2655
1 2656
3 2657
1 2658
2 2659
2 2660
1 2661
3 2662
1 2663
2 2664
3 2665
3 2666
1 2667
3 2668
2 2670
1 2671
3 2672
4 2673
1 2674
1 2675
2 2676
1 2677
1 2678
1 2679
3 2680
1 2681
1 2682
4 2683
1 2684
3 2685
3 2686
1 2687
3 2688
3 2689
2 2690
1 2691
2 2692
2 2693
1 2694
2 2695
1 2696
3 2697
3 2698
1 2701
2 2702
3 2703
2 2704
2 2705
3 2706
1 2707
4 2708
1 2710
1 2711
1 2712
4 2713
1 2714
2 2715
3 2716
1 2717
4 2718
1 2719
1 2722
1 2724
3 2725
2 2726
3 2727
1 2730
1 2731
2 2732
2 2734
1 2735
2 2736
1 2737
4 2738
1 2741
1 2742
4 2744
2 2745
1 2747
4 2749
2 2751
3 2752
2 2753
2 2754
5 2756
4 2757
3 2758
3 2760
1 2761
4 2762
1 2764
1 2765
1 2766
1 2767
1 2769
3 2770
1 2772
1 2773
1 2774
1 2775
1 2776
4 2777
3 2778
4 2779
1 2780
1 2781
3 2782
1 2783
2 2784
6 2786
4 2787
2 2788
2 2790
1 2791
1 2792
1 2793
1 2795
4 2796
3 2797
1 2798
2 2799
2 2800
1 2802
1 2803
1 2804
1 2805
2 2806
2 2807
2 2808
3 2810
1 2811
1 2814
1 2816
1 2817
1 2818
3 2819
3 2820
4 2822
2 2823
3 2824
1 2825
1 2826
2 2828
2 2829
1 2830
2 2832
1 2834
2 2835
1 2837
4 2838
1 2839
4 2840
3 2841
3 2843
4 2844
1 2845
4 2847
3 2848
1 2851
2 2852
2 2853
1 2854
1 2855
2 2856
1 2857
6 2858
1 2859
3 2860
1 2862
1 2864
1 2865
3 2866
2 2867
3 2868
1 2869
1 2871
4 2872
2 2874
1 2875
1 2877
1 2879
5 2880
2 2881
5 2882
2 2884
2 2885
2 2886
1 2887
1 2888
1 2889
1 2891
1 2892
1 2893
2 2895
3 2896
2 2899
1 2900
1 2901
2 2904
1 2905
1 2909
1 2910
4 2911
1 2912
3 2913
3 2915
1 2916
1 2917
2 2918
2 2920
1 2921
1 2922
6 2923
2 2924
4 2927
1 2928
2 2929
1 2930
2 2931
1 2932
2 2934
1 2935
1 2936
4 2937
2 2938
2 2939
2 2940
2 2944
4 2946
5 2948
3 2949
3 2950
1 2953
2 2954
1 2955
3 2956
1 2957
4 2958
1 2963
4 2964
2 2965
3 2966
3 2968
3 2969
2 2970
1 2971
3 2972
1 2973
2 2974
2 2975
1 2976
1 2977
4 2978
2 2979
2 2981
2 2982
2 2984
4 2985
1 2986
3 2987
1 2990
3 2991
2 2992
3 2994
2 2995
1 2996
1 2997
1 2999
1 3000
2 3003
1 3005
4 3006
1 3007
1 3008
1 3009
2 3011
1 3012
1 3014
1 3017
1 3018
1 3021
2 3022
1 3025
3 3028
1 3029
2 3031
2 3032
1 3035
1 3036
2 3037
3 3038
1 3039
3 3040
1 3043
2 3044
1 3047
1 3049
3 3051
5 3052
1 3056
3 3057
1 3058
3 3060
2 3061
1 3063
3 3064
1 3066
1 3068
1 3071
1 3072
1 3075
1 3076
1 3077
6 3084
1 3086
3 3087
1 3088
1 3089
3 3091
3 3092
1 3093
1 3094
3 3095
1 3096
2 3097
3 3098
1 3100
1 3101
3 3102
3 3104
1 3105
2 3106
1 3107
2 3108
1 3110
1 3113
1 3114
1 3116
1 3119
2 3120
1 3121
2 3122
3 3123
2 3124
1 3125
2 3126
2 3127
3 3128
1 3129
2 3131
1 3133
2 3136
1 3137
3 3139
1 3140
1 3142
2 3143
2 3144
2 3145
2 3147
2 3148
1 3149
8 3151
3 3155
1 3156
2 3157
3 3158
1 3161
4 3162
2 3163
2 3164
2 3165
2 3166
1 3167
1 3169
2 3170
1 3172
2 3175
2 3176
1 3178
3 3180
5 3181
1 3182
1 3183
1 3184
4 3186
2 3187
1 3188
4 3189
2 3190
2 3191
2 3192
4 3193
4 3195
2 3196
3 3197
3 3198
2 3200
1 3202
1 3203
2 3204
4 3205
3 3207
3 3208
1 3209
2 3210
2 3211
1 3212
1 3217
1 3218
2 3222
2 3225
2 3228
5 3230
3 3231
2 3232
3 3233
2 3235
3 3236
2 3237
2 3239
1 3240
1 3241
2 3242
1 3243
2 3244
1 3247
3 3249
1 3251
2 3252
5 3253
3 3254
2 3256
1 3257
3 3258
2 3259
4 3261
2 3262
2 3264
1 3265
1 3266
2 3267
1 3269
3 3270
1 3271
3 3272
2 3273
3 3274
1 3276
3 3277
1 3282
3 3283
1 3284
1 3285
3 3286
1 3288
1 3289
1 3290
1 3293
3 3299
1 3300
1 3301
1 3303
1 3304
2 3307
1 3308
4 3309
1 3310
1 3312
1 3313
1 3314
1 3318
3 3320
1 3324
3 3325
2 3326
1 3328
2 3329
1 3332
1 3333
1 3335
3 3339
1 3341
2 3342
1 3343
3 3344
1 3346
1 3348
2 3349
1 3350
1 3351
3 3353
1 3355
1 3357
2 3360
2 3361
2 3362
1 3364
1 3365
1 3367
2 3368
2 3370
1 3371
1 3372
3 3373
1 3375
2 3376
2 3377
1 3379
1 3380
1 3382
2 3383
2 3384
1 3386
1 3387
5 3389
1 3390
2 3392
1 3393
2 3394
2 3395
2 3396
1 3397
4 3398
2 3399
3 3400
1 3401
3 3402
5 3403
1 3405
2 3406
3 3408
2 3409
1 3410
5 3411
2 3413
1 3415
2 3416
3 3417
2 3418
2 3419
5 3421
1 3422
2 3424
2 3425
1 3426
3 3427
1 3430
3 3432
2 3433
1 3434
1 3435
2 3436
2 3438
3 3439
2 3441
1 3442
1 3443
1 3444
1 3446
1 3447
3 3451
2 3452
3 3455
1 3456
2 3458
4 3459
2 3460
3 3462
1 3463
1 3465
1 3466
2 3467
3 3468
1 3469
1 3472
1 3473
2 3474
1 3475
1 3477
1 3478
1 3479
1 3480
1 3482
1 3483
1 3484
3 3485
1 3486
1 3487
2 3488
1 3489
5 3490
1 3492
2 3494
2 3496
3 3497
1 3498
1 3499
1 3500
3 3502
2 3506
2 3507
1 3508
1 3509
2 3510
1 3515
2 3516
2 3517
1 3518
4 3519
1 3520
2 3522
1 3523
1 3525
1 3526
2 3532
1 3533
2 3534
1 3536
1 3538
1 3539
4 3540
1 3541
2 3543
2 3545
2 3546
2 3548
2 3549
2 3550
2 3551
1 3553
1 3555
1 3556
4 3557
2 3558
1 3559
2 3560
2 3562
1 3565
2 3566
2 3567
6 3568
4 3569
2 3570
1 3571
1 3572
1 3573
2 3574
2 3576
2 3577
1 3578
1 3579
3 3580
1 3581
1 3582
2 3583
1 3584
3 3585
2 3586
1 3587
1 3588
1 3589
4 3591
1 3593
1 3594
1 3596
1 3597
1 3599
3 3601
1 3602
1 3604
1 3606
2 3610
2 3611
2 3612
2 3613
2 3614
2 3616
1 3617
1 3618
1 3619
1 3620
1 3621
5 3622
1 3623
2 3624
2 3625
2 3627
2 3628
3 3629
2 3630
1 3633
1 3634
3 3635
2 3637
2 3639
4 3640
1 3641
4 3643
1 3648
4 3649
1 3651
2 3654
1 3657
4 3658
1 3660
1 3662
1 3663
3 3665
1 3666
3 3667
2 3669
1 3670
3 3671
1 3674
4 3675
1 3677
2 3678
2 3680
1 3681
1 3682
1 3684
1 3685
2 3687
2 3688
4 3689
1 3690
3 3691
2 3692
1 3693
2 3694
2 3697
2 3698
1 3700
1 3701
1 3704
1 3705
1 3708
2 3709
3 3712
1 3715
1 3716
1 3717
1 3718
3 3721
1 3723
2 3724
1 3725
3 3726
1 3728
1 3730
2 3731
1 3733
2 3734
2 3735
1 3739
1 3740
2 3741
1 3743
1 3745
3 3746
1 3748
1 3749
2 3750
2 3751
1 3752
1 3753
1 3755
1 3756
4 3759
3 3760
2 3762
1 3768
3 3769
1 3771
1 3774
2 3777
2 3781
1 3782
4 3783
1 3784
1 3785
4 3786
1 3789
2 3791
1 3792
4 3795
2 3796
4 3798
2 3799
2 3802
3 3805
1 3807
3 3809
3 3810
4 3813
2 3815
1 3816
1 3817
1 3819
5 3820
2 3822
2 3823
2 3826
3 3829
2 3832
2 3833
3 3834
3 3835
2 3837
1 3838
1 3839
1 3844
1 3845
4 3846
1 3849
2 3850
3 3851
2 3853
1 3854
3 3855
1 3857
2 3862
1 3863
1 3865
1 3866
2 3869
1 3871
2 3873
4 3874
1 3875
1 3876
1 3878
2 3881
1 3883
1 3884
2 3886
1 3888
1 3889
1 3891
1 3892
2 3896
2 3899
2 3901
2 3902
1 3903
2 3905
2 3906
1 3907
1 3908
1 3909
2 3911
3 3913
1 3914
1 3915
2 3918
1 3919
1 3920
2 3921
1 3922
3 3925
2 3926
2 3928
3 3929
1 3931
1 3932
1 3935
1 3940
2 3942
1 3944
1 3945
2 3946
2 3948
2 3951
1 3952
2 3954
4 3956
1 3958
3 3960
1 3961
1 3962
2 3963
1 3964
3 3968
2 3970
2 3973
3 3978
2 3981
1 3982
1 3983
1 3984
1 3989
2 3994
1 3995
1 4001
2 4003
1 4004
1 4006
1 4007
1 4008
1 4011
1 4012
1 4013
1 4014
3 4015
2 4019
2 4020
2 4021
1 4022
3 4023
1 4024
1 4025
3 4026
1 4029
3 4030
1 4032
2 4035
1 4036
1 4037
1 4039
1 4043
1 4044
1 4045
3 4046
1 4047
3 4049
2 4052
1 4054
1 4056
1 4057
2 4059
2 4060
3 4065
1 4066
1 4069
1 4071
1 4072
2 4074
1 4075
2 4076
2 4077
3 4079
1 4085
1 4086
4 4089
2 4090
3 4091
1 4092
1 4094
2 4097
1 4099
1 4102
3 4103
2 4105
2 4106
3 4107
3 4108
2 4109
5 4112
1 4113
1 4116
2 4117
1 4118
1 4119
1 4120
2 4121
3 4122
1 4125
1 4130
1 4131
2 4132
1 4134
1 4136
3 4138
1 4139
2 4142
1 4143
1 4145
3 4149
1 4150
1 4151
1 4154
1 4156
1 4158
2 4159
2 4165
1 4171
3 4172
1 4173
1 4174
1 4175
1 4179
1 4182
1 4184
1 4188
1 4190
1 4195
1 4196
1 4201
3 4204
1 4209
1 4210
1 4212
1 4213
2 4214
2 4215
1 4216
2 4219
2 4221
1 4230
1 4231
1 4232
1 4233
1 4234
1 4235
3 4237
2 4238
2 4244
1 4246
1 4248
4 4249
1 4253
1 4254
1 4256
1 4257
4 4258
1 4260
1 4265
1 4267
1 4273
1 4274
1 4276
1 4281
2 4282
2 4289
1 4295
2 4297
1 4298
1 4299
2 4300
2 4301
1 4305
2 4307
1 4315
1 4319
1 4321
1 4323
2 4326
1 4328
1 4331
1 4332
2 4335
3 4337
1 4341
1 4342
1 4345
3 4346
1 4353
1 4354
2 4356
1 4359
1 4360
1 4363
3 4365
1 4367
2 4371
1 4374
2 4375
3 4377
1 4378
2 4381
1 4383
1 4384
1 4386
2 4390
1 4391
2 4392
1 4393
1 4398
1 4399
1 4404
1 4405
1 4414
1 4415
1 4417
2 4418
4 4424
1 4426
1 4427
3 4428
2 4430
1 4431
1 4432
1 4434
1 4435
6 4437
1 4439
1 4440
1 4441
1 4444
1 4446
1 4447
2 4454
3 4456
1 4459
1 4460
1 4462
3 4474
1 4475
1 4476
1 4477
2 4479
1 4485
1 4491
1 4493
1 4495
1 4497
1 4498
3 4503
1 4504
1 4508
1 4509
1 4510
2 4512
1 4516
1 4518
1 4524
3 4528
1 4532
1 4537
3 4540
1 4542
2 4543
1 4545
1 4547
1 4550
1 4552
2 4553
1 4555
2 4557
2 4561
1 4563
1 4564
1 4565
2 4567
1 4569
1 4573
1 4577
1 4579
1 4583
2 4591
1 4592
2 4602
1 4605
1 4607
2 4613
1 4616
1 4617
1 4626
2 4631
1 4635
2 4639
3 4644
1 4650
2 4651
1 4653
4 4655
1 4660
1 4663
2 4664
1 4668
2 4676
1 4677
1 4679
1 4680
1 4681
1 4685
3 4686
1 4687
1 4690
1 4691
3 4692
2 4694
1 4695
1 4697
1 4700
1 4709
1 4710
1 4711
2 4712
1 4713
1 4719
1 4723
2 4724
1 4725
3 4727
1 4728
1 4732
1 4735
1 4738
1 4744
1 4745
1 4748
1 4749
1 4750
2 4752
2 4754
1 4756
1 4757
1 4760
1 4766
2 4773
1 4775
2 4776
1 4777
5 4778
1 4780
1 4782
1 4784
2 4786
1 4788
1 4795
1 4804
1 4807
1 4809
1 4813
1 4816
1 4817
5 4825
2 4829
3 4830
1 4833
3 4839
2 4844
1 4845
1 4847
1 4852
1 4854
1 4862
1 4873
1 4875
1 4880
2 4881
2 4883
1 4884
1 4885
1 4887
1 4891
1 4892
1 4895
1 4898
3 4900
1 4903
1 4905
1 4907
1 4908
1 4911
1 4914
1 4915
1 4916
1 4918
3 4919
1 4920
1 4924
1 4926
5 4933
1 4936
1 4939
2 4941
1 4942
1 4945
1 4947
1 4948
2 4952
1 4955
1 4960
1 4963
2 4965
2 4968
1 4969
1 4971
1 4983
1 4984
1 4985
1 4986
2 4988
1 4991
2 4998
2 5001
1 5003
1 5004
1 5009
1 5010
1 5012
1 5013
1 5015
2 5016
2 5017
1 5018
1 5019
1 5023
2 5027
2 5028
1 5029
1 5036
1 5038
1 5042
1 5046
1 5048
1 5050
1 5052
1 5053
1 5058
1 5059
2 5061
1 5065
1 5066
1 5067
3 5078
1 5082
1 5083
1 5086
1 5094
3 5096
1 5099
1 5100
1 5102
3 5104
2 5105
1 5109
2 5110
3 5111
1 5112
2 5114
1 5115
1 5117
1 5126
2 5129
1 5131
1 5134
2 5138
2 5139
2 5141
1 5150
3 5154
1 5159
2 5161
1 5164
1 5166
1 5167
1 5168
1 5174
1 5179
1 5191
3 5194
2 5195
2 5196
2 5197
2 5198
1 5199
2 5203
3 5206
1 5214
1 5215
2 5217
2 5218
1 5221
2 5222
1 5225
2 5226
1 5227
1 5234
1 5238
3 5245
2 5248
3 5249
1 5254
1 5259
1 5260
1 5265
1 5268
1 5271
2 5280
1 5281
1 5285
1 5287
1 5289
1 5295
1 5296
2 5297
2 5299
2 5302
1 5306
1 5307
1 5312
1 5315
1 5317
1 5318
1 5324
1 5326
1 5328
1 5330
2 5335
1 5336
2 5337
2 5342
1 5344
1 5349
1 5351
1 5353
1 5361
2 5365
1 5367
1 5368
1 5369
1 5370
2 5371
1 5375
2 5379
3 5383
3 5384
1 5385
1 5387
1 5388
1 5390
1 5392
1 5394
2 5396
1 5401
2 5402
1 5405
1 5407
1 5411
1 5415
1 5417
1 5419
1 5421
1 5422
1 5429
4 5430
4 5433
1 5435
1 5441
1 5443
1 5447
1 5449
1 5451
2 5455
1 5456
1 5457
1 5458
1 5460
1 5464
1 5467
1 5470
1 5476
1 5477
1 5478
2 5479
2 5481
4 5484
1 5488
1 5492
2 5494
1 5498
2 5500
1 5518
1 5534
4 5535
2 5536
1 5539
3 5540
1 5541
1 5542
1 5543
1 5544
1 5551
1 5553
1 5556
1 5558
2 5562
1 5567
1 5568
1 5571
1 5574
1 5578
1 5580
1 5581
1 5585
1 5588
1 5589
2 5590
1 5591
1 5592
1 5593
1 5596
1 5598
1 5601
1 5610
2 5615
1 5617
1 5618
1 5620
1 5621
2 5623
1 5625
1 5627
2 5628
1 5633
1 5637
1 5638
2 5640
1 5643
1 5646
1 5648
1 5649
1 5650
1 5659
3 5662
2 5663
3 5664
2 5665
1 5669
3 5671
1 5672
1 5673
2 5674
1 5675
2 5676
2 5677
2 5678
1 5679
1 5684
1 5687
1 5688
1 5689
3 5690
1 5694
1 5696
2 5698
1 5699
1 5701
1 5706
2 5707
1 5709
2 5710
3 5711
2 5715
1 5716
1 5717
2 5718
2 5719
3 5724
1 5725
1 5727
1 5730
1 5732
1 5733
2 5736
1 5737
1 5739
1 5743
1 5745
3 5746
1 5748
1 5750
1 5752
1 5759
1 5763
1 5764
1 5765
1 5768
1 5780
1 5781
3 5782
1 5783
2 5784
1 5785
1 5786
1 5788
2 5790
2 5793
1 5797
2 5798
2 5803
1 5804
4 5809
3 5811
1 5812
1 5813
1 5814
1 5816
4 5817
2 5821
2 5825
2 5826
2 5827
2 5829
1 5831
1 5834
4 5838
1 5841
1 5847
1 5850
1 5854
2 5855
1 5857
3 5861
1 5864
3 5865
2 5867
2 5869
1 5871
2 5873
1 5878
2 5882
1 5893
2 5894
1 5899
1 5900
1 5901
4 5902
1 5904
2 5905
1 5906
1 5908
1 5911
1 5915
2 5916
1 5927
1 5928
1 5930
2 5931
4 5934
1 5936
1 5942
1 5945
1 5946
4 5947
2 5949
1 5952
1 5954
2 5955
1 5958
2 5959
1 5961
2 5964
2 5969
2 5970
1 5973
1 5974
2 5975
1 5976
1 5977
2 5978
1 5981
2 5987
2 5996
1 6002
2 6004
1 6005
3 6006
1 6012
1 6014
1 6019
1 6023
1 6029
2 6033
2 6036
2 6037
2 6038
1 6040
1 6041
1 6043
1 6047
2 6049
1 6050
5 6051
2 6052
1 6056
2 6057
1 6058
1 6059
1 6060
2 6063
2 6065
1 6066
1 6067
1 6068
3 6069
1 6075
1 6079
1 6081
2 6087
3 6091
1 6094
1 6098
2 6101
1 6104
1 6107
1 6108
1 6115
3 6116
2 6117
3 6119
1 6121
1 6124
1 6126
1 6128
1 6130
1 6132
1 6133
1 6138
1 6140
1 6145
1 6146
1 6147
1 6150
1 6155
2 6159
1 6161
3 6166
2 6168
1 6174
2 6178
1 6179
2 6184
2 6187
1 6192
1 6193
1 6196
2 6197
2 6199
1 6202
2 6204
1 6213
1 6215
2 6220
1 6225
2 6231
1 6232
2 6233
1 6234
2 6236
1 6240
2 6242
1 6243
1 6247
1 6248
2 6250
1 6251
1 6256
1 6258
4 6262
1 6264
1 6268
1 6269
1 6270
2 6271
1 6273
1 6278
1 6282
1 6287
1 6293
1 6294
3 6308
1 6310
3 6312
1 6313
1 6314
1 6324
1 6329
1 6332
1 6342
1 6344
1 6346
1 6350
1 6351
1 6352
1 6353
2 6354
1 6362
2 6364
3 6365
2 6373
2 6374
1 6382
1 6383
2 6385
2 6386
1 6388
1 6390
1 6392
3 6394
1 6398
1 6399
1 6401
2 6402
2 6406
1 6407
1 6409
3 6410
3 6411
2 6414
1 6415
2 6416
1 6417
1 6418
1 6421
2 6423
6 6424
1 6426
1 6431
1 6437
1 6438
1 6441
2 6443
1 6445
1 6447
4 6455
1 6456
1 6457
2 6458
1 6459
1 6463
3 6464
2 6465
2 6466
2 6467
1 6473
2 6474
1 6475
1 6477
1 6478
1 6480
1 6481
1 6486
1 6488
1 6490
1 6493
2 6496
2 6497
2 6501
1 6502
2 6503
1 6507
1 6509
4 6511
1 6514
1 6516
1 6518
1 6519
2 6526
1 6527
1 6532
3 6534
1 6542
1 6543
1 6544
1 6545
4 6546
1 6548
1 6549
1 6551
2 6552
2 6553
2 6555
1 6556
1 6557
2 6558
1 6559
5 6561
2 6563
1 6564
2 6565
1 6568
2 6570
1 6573
1 6574
1 6575
4 6577
2 6579
5 6580
1 6581
1 6582
1 6584
4 6585
1 6587
2 6588
1 6590
2 6592
1 6593
2 6595
1 6596
2 6597
3 6598
4 6599
3 6600
3 6602
1 6603
3 6605
3 6606
3 6608
4 6609
1 6610
1 6611
1 6612
1 6614
1 6615
2 6616
2 6622
5 6623
2 6624
3 6626
3 6627
2 6628
1 6629
2 6631
1 6632
3 6635
1 6636
3 6637
2 6638
3 6639
1 6642
1 6644
6 6645
3 6646
1 6647
2 6648
1 6649
2 6650
7 6651
1 6652
4 6654
1 6655
3 6656
6 6657
2 6658
1 6660
8 6661
6 6662
2 6664
2 6667
3 6668
1 6670
1 6671
1 6672
2 6673
1 6674
4 6675
2 6676
6 6678
3 6679
4 6680
1 6681
2 6682
4 6683
1 6687
1 6688
3 6689
2 6690
1 6691
2 6692
4 6693
4 6694
1 6695
2 6696
1 6697
2 6698
1 6699
3 6701
2 6702
2 6703
2 6704
1 6705
5 6706
4 6707
1 6709
4 6711
1 6712
1 6715
1 6716
1 6718
4 6719
1 6720
2 6721
2 6722
1 6723
4 6724
1 6725
5 6726
1 6727
6 6728
3 6729
8 6730
1 6731
5 6733
3 6734
1 6735
1 6736
3 6738
3 6739
2 6740
1 6741
2 6742
1 6743
5 6744
3 6745
2 6746
2 6747
2 6748
2 6750
1 6751
2 6752
1 6753
2 6754
6 6755
2 6756
4 6757
1 6758
3 6759
2 6760
3 6761
4 6762
1 6763
6 6764
4 6765
3 6766
2 6767
1 6768
2 6769
2 6771
1 6772
2 6773
2 6775
1 6776
9 6777
2 6778
1 6779
1 6781
1 6782
1 6783
2 6784
3 6785
3 6786
2 6787
2 6788
2 6789
5 6790
1 6791
3 6792
5 6794
2 6795
3 6796
4 6797
2 6798
5 6799
4 6800
4 6802
4 6803
3 6804
2 6805
1 6806
1 6807
2 6808
1 6809
5 6811
1 6813
3 6814
2 6815
2 6816
4 6817
1 6818
5 6819
3 6820
4 6821
1 6822
8 6823
5 6824
3 6825
3 6826
4 6828
2 6829
2 6830
1 6832
4 6833
3 6834
2 6835
3 6836
5 6837
2 6838
1 6840
1 6841
2 6842
1 6843
2 6844
3 6845
5 6846
4 6847
4 6848
1 6849
1 6850
5 6851
2 6852
2 6853
6 6854
2 6855
4 6856
1 6857
4 6858
1 6859
1 6860
2 6861
3 6862
1 6866
3 6867
2 6868
6 6869
1 6870
2 6871
4 6873
2 6874
5 6875
2 6876
3 6877
4 6878
2 6879
8 6881
2 6882
5 6883
1 6884
5 6885
2 6886
2 6887
3 6888
2 6889
4 6890
6 6892
3 6893
6 6894
2 6896
3 6897
5 6899
1 6901
5 6902
2 6903
2 6904
4 6905
2 6906
2 6907
3 6908
3 6909
1 6910
1 6911
6 6913
7 6914
1 6915
2 6916
2 6917
3 6918
1 6920
3 6921
3 6922
5 6923
2 6924
3 6925
1 6926
2 6928
2 6929
4 6931
4 6933
5 6934
1 6935
6 6936
2 6937
2 6938
2 6939
3 6940
5 6941
1 6943
1 6944
3 6945
2 6946
5 6947
4 6948
4 6949
2 6950
2 6951
3 6952
7 6953
4 6954
4 6955
3 6956
2 6957
5 6958
3 6959
5 6960
2 6961
3 6962
1 6963
2 6964
7 6965
2 6966
2 6968
1 6969
2 6970
4 6971
1 6972
2 6974
4 6975
2 6976
4 6977
3 6978
1 6980
6 6981
4 6982
2 6983
2 6984
5 6985
5 6986
1 6987
2 6988
3 6989
4 6990
5 6991
7 6992
3 6993
1 6994
2 6995
5 6996
4 6997
5 6998
4 6999
4 7000
4 7001
4 7002
3 7003
2 7004
4 7005
4 7006
2 7007
4 7008
1 7009
5 7010
3 7011
4 7012
2 7013
3 7014
3 7015
4 7016
4 7017
1 7018
6 7019
5 7020
2 7021
5 7022
2 7023
4 7024
10 7025
2 7026
1 7027
3 7028
5 7029
5 7031
1 7032
1 7033
1 7034
9 7035
7 7036
2 7037
4 7038
3 7039
4 7040
4 7041
6 7042
2 7043
3 7044
10 7045
7 7046
3 7048
3 7049
1 7050
1 7051
3 7052
6 7053
4 7054
4 7056
8 7057
4 7058
2 7059
2 7060
4 7061
8 7062
4 7064
2 7065
5 7066
5 7067
2 7068
7 7069
7 7070
4 7071
3 7072
3 7073
7 7074
1 7075
1 7076
4 7077
7 7078
2 7080
3 7081
4 7082
2 7083
4 7084
5 7085
4 7086
5 7087
2 7088
2 7091
6 7092
2 7093
2 7094
2 7095
1 7096
1 7097
4 7098
4 7099
1 7100
3 7102
4 7103
6 7104
1 7105
3 7106
3 7107
1 7108
4 7109
1 7110
3 7111
2 7112
7 7113
1 7114
1 7115
7 7116
4 7117
2 7118
1 7119
1 7120
4 7121
2 7122
1 7124
1 7125
2 7127
2 7128
6 7129
3 7131
1 7132
3 7133
9 7134
2 7135
2 7136
2 7137
3 7138
4 7139
2 7140
8 7141
2 7142
2 7143
6 7144
2 7145
4 7146
2 7147
2 7148
1 7149
3 7150
5 7151
5 7152
1 7153
4 7154
4 7155
1 7156
9 7157
2 7158
2 7159
1 7160
3 7161
7 7162
3 7163
6 7164
1 7165
1 7166
4 7167
7 7168
2 7169
3 7170
1 7171
1 7173
1 7174
2 7175
4 7176
3 7177
3 7178
2 7179
2 7180
5 7183
2 7184
2 7185
2 7186
1 7187
1 7188
5 7189
3 7190
1 7191
7 7192
4 7193
5 7194
5 7195
3 7196
1 7197
5 7199
1 7200
2 7201
3 7202
6 7203
5 7204
4 7205
4 7207
1 7208
4 7209
6 7210
1 7212
4 7213
2 7214
5 7215
9 7216
3 7217
1 7218
3 7220
4 7221
3 7222
3 7223
2 7224
3 7226
4 7227
1 7228
4 7229
4 7230
3 7231
6 7232
2 7233
1 7234
3 7235
3 7236
10 7237
1 7238
2 7239
3 7240
5 7241
3 7242
2 7244
3 7245
2 7246
5 7247
1 7248
4 7249
6 7250
3 7251
4 7252
2 7253
2 7254
3 7255
4 7256
3 7257
3 7258
2 7259
4 7260
4 7261
1 7262
3 7263
4 7264
6 7265
3 7266
6 7267
4 7268
4 7269
5 7270
3 7271
5 7272
1 7273
5 7274
2 7275
1 7276
5 7277
3 7279
3 7280
6 7281
3 7282
1 7283
4 7284
2 7285
1 7286
2 7287
2 7290
2 7291
1 7292
3 7295
5 7297
4 7298
6 7300
1 7301
3 7302
6 7303
6 7304
4 7305
2 7306
1 7307
4 7308
4 7309
3 7310
4 7312
3 7313
4 7314
5 7315
6 7316
4 7317
1 7318
5 7319
6 7320
2 7321
6 7323
1 7324
2 7325
5 7326
2 7327
3 7328
2 7329
1 7330
2 7331
1 7332
1 7333
2 7334
2 7335
3 7336
1 7337
3 7338
2 7339
1 7340
3 7341
4 7342
4 7343
3 7344
7 7345
1 7346
1 7347
2 7348
3 7349
4 7350
3 7351
2 7353
1 7354
5 7355
5 7356
2 7357
4 7358
3 7359
3 7361
3 7362
1 7363
2 7364
1 7365
6 7366
1 7367
5 7368
3 7369
5 7370
4 7371
6 7373
4 7374
1 7375
2 7377
1 7378
2 7379
2 7380
1 7381
7 7382
3 7384
3 7385
4 7386
4 7387
2 7388
5 7389
4 7390
7 7391
4 7392
4 7393
2 7394
2 7395
4 7396
2 7397
4 7398
3 7399
5 7400
2 7401
5 7402
5 7403
5 7404
2 7405
3 7406
6 7407
2 7408
1 7409
2 7410
3 7411
2 7412
4 7413
2 7414
2 7415
1 7416
3 7417
4 7418
2 7419
1 7420
4 7421
4 7422
2 7423
1 7424
3 7425
1 7426
2 7427
3 7428
6 7429
1 7430
2 7431
4 7432
1 7433
3 7434
2 7435
3 7436
1 7437
3 7438
3 7439
4 7440
2 7441
6 7442
2 7443
3 7446
10 7449
1 7450
1 7451
3 7452
2 7454
7 7455
1 7456
5 7458
4 7460
7 7461
2 7462
1 7463
2 7464
8 7466
3 7467
3 7468
2 7469
2 7470
3 7471
1 7472
2 7473
3 7474
3 7476
1 7477
9 7479
3 7480
4 7481
3 7482
2 7483
3 7484
2 7485
4 7487
5 7488
6 7489
2 7490
4 7491
1 7492
4 7493
2 7494
4 7495
2 7497
2 7499
3 7500
2 7501
3 7503
3 7504
3 7505
2 7506
6 7507
5 7508
4 7509
2 7510
3 7511
3 7512
3 7513
3 7514
3 7515
4 7516
1 7517
5 7518
2 7519
2 7520
1 7521
1 7522
4 7523
3 7524
4 7526
3 7528
1 7530
3 7531
1 7532
2 7533
3 7534
2 7535
3 7536
4 7538
3 7540
6 7543
1 7544
6 7545
1 7546
2 7547
3 7548
4 7549
1 7550
3 7551
2 7552
4 7553
4 7554
6 7555
1 7556
2 7558
1 7559
3 7560
4 7561
5 7562
1 7564
1 7565
1 7567
6 7568
1 7569
4 7570
6 7571
2 7572
2 7573
1 7575
4 7576
6 7579
3 7583
1 7584
1 7585
7 7586
1 7587
1 7588
1 7589
1 7590
2 7592
2 7593
3 7594
2 7595
2 7596
2 7598
2 7599
3 7600
3 7601
1 7602
1 7603
3 7604
1 7605
2 7606
1 7607
1 7608
6 7609
1 7610
1 7611
3 7612
2 7614
1 7615
5 7616
1 7617
2 7618
2 7619
4 7620
1 7622
3 7624
1 7625
1 7626
6 7627
2 7629
2 7630
1 7631
4 7632
2 7633
2 7634
3 7635
2 7636
1 7637
2 7638
2 7639
1 7640
4 7641
1 7642
3 7643
3 7645
2 7646
3 7647
2 7648
2 7649
3 7650
1 7651
2 7652
3 7654
3 7655
4 7656
6 7657
3 7658
1 7659
2 7660
4 7661
2 7662
2 7663
1 7664
2 7666
1 7667
1 7669
3 7670
4 7673
3 7674
2 7675
2 7676
1 7678
2 7679
5 7680
3 7681
3 7682
3 7684
3 7686
2 7687
1 7688
1 7689
2 7690
1 7691
3 7693
2 7694
2 7695
2 7696
2 7697
4 7698
7 7699
4 7700
4 7701
1 7702
2 7703
5 7704
3 7705
1 7706
1 7707
1 7709
3 7710
1 7712
1 7715
3 7717
2 7719
2 7720
3 7722
1 7723
2 7725
2 7726
2 7727
3 7728
3 7729
1 7730
4 7731
2 7732
4 7733
3 7736
1 7738
1 7739
2 7740
1 7741
3 7742
1 7743
1 7744
2 7745
1 7746
5 7747
4 7748
3 7749
2 7750
4 7751
1 7752
2 7753
3 7754
2 7755
1 7756
2 7757
3 7758
1 7759
5 7760
2 7762
1 7764
2 7765
1 7767
2 7768
1 7769
2 7770
3 7771
3 7774
2 7775
2 7777
2 7778
2 7779
2 7780
1 7781
5 7782
2 7783
1 7785
2 7786
1 7787
2 7789
6 7790
1 7791
1 7792
1 7793
2 7795
4 7796
5 7797
2 7798
3 7799
3 7800
2 7801
2 7802
1 7805
3 7807
1 7808
2 7809
1 7810
3 7811
2 7812
3 7814
3 7815
1 7816
2 7817
3 7818
1 7820
3 7821
2 7822
2 7823
3 7824
1 7826
1 7828
1 7831
1 7832
1 7833
1 7834
6 7835
3 7837
4 7840
1 7841
1 7843
2 7844
4 7845
2 7847
1 7848
1 7850
3 7851
1 7853
2 7854
1 7855
2 7857
2 7858
1 7861
1 7862
4 7863
1 7865
1 7866
1 7867
3 7868
3 7869
2 7872
1 7875
3 7877
1 7878
2 7879
1 7881
2 7888
1 7890
2 7892
2 7894
2 7898
1 7900
2 7902
5 7903
3 7904
2 7906
2 7908
3 7909
2 7910
3 7914
2 7915
3 7916
1 7919
1 7920
5 7921
2 7923
2 7924
1 7925
2 7926
2 7927
1 7929
3 7931
2 7933
1 7934
2 7935
1 7939
1 7940
2 7941
1 7942
1 7943
1 7944
2 7945
1 7946
2 7947
1 7948
1 7949
2 7951
1 7952
1 7953
1 7955
1 7956
1 7958
1 7962
2 7963
1 7964
1 7966
1 7969
2 7970
2 7971
1 7972
1 7977
1 7980
1 7981
1 7982
1 7983
1 7985
3 7987
2 7988
2 7989
8 7993
1 7995
2 7997
1 7998
1 8000
1 8001
2 8002
1 8003
2 8004
1 8005
1 8008
1 8011
2 8013
1 8017
4 8018
1 8020
4 8022
1 8024
1 8025
3 8026
2 8027
3 8028
1 8029
1 8031
1 8034
1 8036
1 8037
1 8038
2 8039
3 8040
1 8041
1 8042
1 8044
4 8046
2 8048
1 8050
1 8053
1 8054
2 8055
2 8057
1 8058
3 8059
1 8060
1 8061
2 8064
3 8065
1 8068
1 8070
1 8072
1 8074
1 8077
2 8078
2 8080
4 8081
1 8082
2 8083
2 8085
4 8086
1 8087
1 8090
2 8091
1 8095
1 8096
3 8097
1 8098
2 8099
1 8101
2 8104
2 8105
2 8106
1 8107
1 8108
2 8114
1 8116
1 8117
4 8119
1 8124
1 8125
2 8126
1 8129
3 8131
1 8132
1 8133
3 8134
2 8135
1 8141
2 8142
2 8143
1 8145
2 8147
1 8148
2 8149
1 8153
2 8154
2 8155
2 8156
1 8157
1 8159
2 8160
1 8162
1 8165
1 8166
1 8167
1 8169
1 8171
2 8175
2 8179
1 8180
2 8183
2 8187
3 8188
1 8189
1 8193
1 8194
1 8196
1 8199
1 8204
2 8210
1 8211
1 8213
1 8217
1 8221
2 8224
1 8228
1 8231
1 8233
1 8234
2 8235
1 8236
1 8237
2 8245
1 8246
1 8248
3 8250
3 8257
1 8263
1 8266
1 8267
2 8268
1 8269
2 8271
2 8273
1 8275
3 8277
1 8284
2 8287
1 8288
1 8297
1 8300
2 8301
2 8302
1 8303
1 8304
1 8306
1 8307
1 8308
1 8313
2 8315
1 8319
3 8326
1 8328
1 8329
1 8332
1 8334
1 8339
2 8340
1 8342
1 8344
1 8345
1 8353
1 8354
1 8360
1 8365
1 8368
1 8369
3 8383
2 8384
1 8388
1 8391
1 8393
2 8395
1 8404
1 8406
1 8412
1 8414
1 8421
1 8445
1 8454
1 8456
1 8458
2 8461
2 8462
1 8466
2 8471
1 8473
1 8476
2 8477
1 8487
1 8490
1 8494
1 8495
1 8499
2 8506
2 8514
1 8516
2 8522
2 8525
1 8537
1 8540
2 8544
2 8558
2 8564
1 8569
1 8585
1 8592
1 8598
1 8602
1 8627
1 8636
1 8648
1 8659
1 8660
1 8667
2 8676
1 8677
2 8678
1 8683
1 8686
1 8696
1 8708
1 8709
1 8712
1 8714
1 8715
1 8728
1 8736
1 8737
1 8740
1 8751
1 8754
1 8762
1 8763
1 8765
2 8766
1 8770
1 8775
1 8789
1 8791
2 8797
1 8799
1 8800
1 8805
1 8809
1 8810
1 8816
1 8831
2 8833
1 8851
1 8853
1 8862
1 8867
1 8878
1 8884
1 8893
1 8894
4 8898
1 8904
2 8908
1 8917
1 8918
1 8927
1 8929
4 8934
1 8940
1 8949
1 8959
2 8960
2 8965
2 8980
1 8986
1 8997
1 8999
1 9001
1 9007
1 9009
1 9012
2 9014
2 9021
2 9022
1 9029
3 9037
1 9048
1 9062
3 9065
1 9073
1 9088
1 9095
1 9096
1 9111
1 9124
1 9128
1 9139
1 9142
1 9143
1 9147
1 9159
1 9161
1 9168
1 9170
1 9174
1 9196
1 9209
1 9213
1 9227
1 9249
1 9262
1 9271
2 9281
1 9282
1 9288
1 9306
1 9308
1 9312
2 9323
2 9328
1 9356
2 9366
1 9415
1 9418
1 9446
2 9450
1 9451
2 9462
1 9464
1 9472
1 9486
1 9503
1 9513
1 9520
2 9536
1 9582
1 9583
2 9592
1 9598
1 9610
1 9615
1 9622
1 9628
1 9635
2 9648
1 9664
1 9690
1 9726
1 9728
2 9731
1 9757
1 9766
1 9776
2 9782
1 9816
1 9819
1 9826
1 9831
1 9834
1 9837
1 9859
1 9891
1 9905
1 9908
1 9916
2 9919
1 9935
1 9939
1 9956
2 9975
1 9978
1 9982
1 9994
1 10008
1 10053
1 10157
1 10176
1 10187
1 10194
1 10197
1 10243
2 10273
1 10277
1 10304
1 10305
1 10313
1 10331
1 10372
1 10434
1 10479
1 10482
1 10484
1 10494
1 10522
1 10542
1 10572
1 10655
1 10725
1 10739
1 10746
1 10751
1 10765
1 10778
2 10790
1 10826
1 10867
1 10869
2 10919
1 10927
1 10933
1 10939
1 11007
1 11025
1 11027
1 11080
1 11109
2 11121
2 11127
1 11139
1 11178
1 11187
1 11241
1 11242
1 11280
1 11291
1 11295
1 11315
1 11317
1 11338
1 11343
1 11345
1 11354
1 11383
1 11390
1 11399
1 11405
2 11460
1 11464
1 11490
1 11508
1 11518
2 11530
2 11535
1 11569
1 11580
1 11587
1 11647
2 11656
1 11674
1 11756
1 11764
1 11787
1 11837
1 11926
1 11928
1 11958
1 11961
1 12137
1 12265
2 12296
1 12319
1 12380
1 12462
1 12514
1 12610
1 12663
1 12664
1 12764
1 12812
1 12813
1 12825
1 12836
2 12882
2 12902
1 12914
1 12946
1 12960
1 13007
3 13014
1 13033
2 13081
2 13103
1 13113
2 13115
1 13120
2 13141
1 13143
1 13219
1 13279
2 13300
1 13341
1 13392
1 13402
1 13413
1 13531
1 13552
1 13571
1 13632
1 13779
1 13801
1 13825
1 13845
1 13847
1 13873
1 13896
3 13920
1 13981
1 14010
1 14037
1 14101
1 14107
1 14271
1 14272
1 14337
2 14355
2 14422
2 14457
1 14480
1 14483
1 14492
1 14508
1 14510
1 14552
3 14700
1 14707
1 14871
1 14897
1 14923
2 14972
1 15113
1 15149
1 15191
1 15293
1 15303
1 15339
1 15353
1 15368
1 15504
1 15677
1 15703
1 15829
1 15861
2 15874
1 15941
1 16015
1 16325
1 16341
1 16432
1 16716
1 16720
1 16869
1 16940
1 17065
2 17175
1 17394
1 17530
1 17945
1 18050
1 18122
1 18151
1 18176
1 18216
1 18265
2 18285
1 18287
1 18293
1 18332
1 18360
1 18376
2 18395
1 18481
1 18499
1 18517
1 18567
2 18571
1 18587
1 18962
1 19088
1 19107
1 19131
1 19767
1 19983
1 20134
1 20151
1 20277
1 20355
1 20363
1 20499
1 20602
1 20750
4 20814
1 20862
1 20988
1 21339
1 21460
1 21486
1 22065
2 22170
1 22798
1 22859
1 22962
1 23043
1 23045
1 23312
1 23912
1 24295
1 24326
1 25053
1 25421
1 26010
1 26320
1 26481
1 26856
2 27022
1 27175
2 27312
1 27428
1 27601
1 27669
1 28162
1 29199
1 29209
1 29530
2 29978
1 30212
1 30214
1 30659
1 31280
1 31979
1 32754
2 35486
1 35700
2 35743
1 35765
1 35831
1 35860
1 35944
1 36317
1 36419
1 37505
1 41853
1 44420
1 44810
1 46011
1 47003
2 49146
2 49587
1 50998
1 51179
1 51237
1 51848
1 52495
1 54498
1 56495
1 58119
1 63909
1 63946
1 64147
1 64210
1 64261
1 64528
1 64874
2 66937
1 67293
1 70350
1 78374
1 85040
1 96095
1 100674
1 102335
1 103129
2 103135
1 103937
1 104241
1 107811
1 111560
1 116222
1 116383
1 116419
1 127103
1 127529
1 128180
1 129404
1 129435
1 131920
1 140883
1 145656
1 151696
1 157225
1 157415
1 157425
1 159012
1 187835
1 188286
1 218102
1 219664
1 227029
1 314565
1 315129
1 315291
1 324562
1 325124
1 345248
1 346543
1 392560
1 400920
2 406207
1 562318
1 582314
1 610357
1 684269
1 727088
1 780311
1 855541
1 905260
1 915066
1 1021834
1 1023958
1 1060273
1 1300168
1 1427314
1 1455603
1 1582779
1 1619046
1 1776247
1 2006708
1 2132572
1 2241651
1 2282123
1 2505955
1 2513487
1 2570766
1 2863262
1 2863466
1 2863515
1 2863522
1 2863526
1 2863549
2 2863584
1 2863988
1 3100573
1 3110486
1 3121067
1 3432621
1 3617444
1 4120317
1 4177223
1 4239617
1 4418235
1 4435216
1 4451075
1 4501126
1 4505247
1 4699210
1 4797528
1 4876686
1 4877623
1 5204335
1 5317521
1 5378773
1 5428545
1 5558480
1 5854422
1 6064755
1 6064779
1 6158893
1 6186060
1 6650118
1 6685770
1 6763899
1 6829894
1 6924036
1 6957621
1 7084528
1 7120537
1 7303869
1 7465535
1 7606465
1 7785441
1 7847688
1 8623676
1 8819292
1 8919183
1 9185929
1 9265499
3 9425377
6 9425378
1 9425380
7 9425381
28 9425383
1 9425384
7 9425385
1 9425386
1 9425387
8 9425389
2 9425390
1 9425391
2 9425392
1 9425393
1 9425394
4 9425395
2 9425396
2 9425397
1 9425398
4 9425399
2 9425401
2 9425402
2 9425403
10 9425404
2 9425405
13 9425406
1 9425409
1 9425410
5 9425411
6 9425413
1 9425414
5 9425415
4 9425416
1 9425417
9 9425418
4 9425420
6 9425423
16 9425425
9 9425427
8 9425428
3 9425429
4 9425430
7 9425431
13 9425433
2 9425434
30 9425435
1 9425436
13 9425437
5 9425438
6 9425439
1 9425440
8 9425441
13 9425443
12 9425444
4 9425445
11 9425446
5 9425447
53 9425448
10 9425449
22 9425450
22 9425451
14 9425452
10 9425453
11 9425454
6 9425455
21 9425456
19 9425457
18 9425458
7 9425459
16 9425460
18 9425461
28 9425462
70 9425463
11 9425464
22 9425465
5 9425466
30 9425467
23 9425468
31 9425469
38 9425470
28 9425471
11 9425472
12 9425473
17 9425474
25 9425475
33 9425476
21 9425477
29 9425478
19 9425479
14 9425480
25 9425481
13 9425482
24 9425483
36 9425484
32 9425485
24 9425486
13 9425487
21 9425488
10 9425489
19 9425490
27 9425491
18 9425492
23 9425493
7 9425494
11 9425495
4 9425496
15 9425497
36 9425498
6 9425499
12 9425500
13 9425501
21 9425502
10 9425503
8 9425504
10 9425505
6 9425506
3 9425507
4 9425508
4 9425509
1 9425510
2 9425511
8 9425512
2 9425513
2 9425514
5 9425515
9 9425516
2 9425517
4 9425518
2 9425519
1 9425520
3 9425521
1 9567913
1 9581811
1 9588014
1 9633027
1 9805789
1 9821433
1 9877572
1 9877576
5 9877577
1 9877578
1 9877579
1 9877580
3 9877582
6 9877583
4 9877584
1 9877585
1 9877586
3 9877587
3 9877588
8 9877589
6 9877591
1 9877592
1 9877593
8 9877595
2 9877596
8 9877597
2 9877599
2 9877600
14 9877601
8 9877602
7 9877603
8 9877604
7 9877606
39 9877608
3 9877609
3 9877610
2 9877611
36 9877612
3 9877613
22 9877614
7 9877616
12 9877617
5 9877620
1 9877629
1 9877702
8 9877704
2 9877705
11 9877706
11 9877707
8 9877708
5 9877709
5 9877712
1 9877713
6 9877714
1 9877715
4 9877716
6 9877717
3 9877718
2 9877720
2 9877721
3 9877722
2 9877723
4 9877724
1 9877725
1 9877728
3 9877729
1 9877731
3 9877732
2 9877733
2 9877734
1 9932629
1 9974064
2 10111926
1 10118942
1 10141132
1 10141273
1 10141295
1 10141297
1 10141377
1 10141400
2 10141413
1 10141428
1 10141430
1 10141433
2 10141435
1 10141460
1 10141485
1 10141498
1 10141511
1 10141514
1 10141515
2 10141516
1 10141517
1 10141521
1 10141523
1 10141529
1 10141533
2 10141534
1 10141536
1 10141544
1 10141547
1 10141551
1 10141558
1 10141569
1 10141573
1 10141575
1 10141576
1 10141587
2 10141592
1 10141593
1 10141598
2 10141601
2 10141615
2 10141622
1 10141628
1 10141630
1 10141647
1 10228952
1 10781854
1 10871925
1 10902242
1 10907334
1 11131157
1 11333700
1 11504877
1 11902425
1 12119299
1 12175708
1 12607441
1 12656428
1 13003639
1 13694729
1 13870469
1 14140431
1 14151956
1 14372041
1 14398678
1 14487433
1 15231896
1 15284335
1 15284900
1 15555804
1 15571134
1 15962332
1 16119372
1 16157100
1 16157139
2 16157145
1 16157156
1 16157168
1 16157188
1 16157206
1 16157232
1 16157257
1 16157284
1 16157297
2 16157317
1 16157323
1 16157324
3 16157332
1 16157335
1 16157342
1 16157354
1 16157355
1 16157379
1 16157404
1 16157435
1 16157449
1 16157462
1 16157495
2 16157560
1 16157562
1 16157563
1 16157566
1 16157614
1 16157670
1 16157674
1 16157681
1 16157745
1 16410875
1 16606880
1 17565924
1 17859332
1 18014280
1 18076391
1 18258829
1 18715177
2 18734245
1 18734250
3 18734371
1 18734373
1 18734375
1 18734382
1 18734387
1 18734391
3 18734393
1 18734397
1 18734400
2 18734401
1 18734409
1 18734410
1 18734411
1 18734417
1 18734420
1 18734421
1 18734424
1 18734430
1 18734433
3 18734447
1 19001208
1 19865256
1 19926599
1 19990287
1 19993557
1 20215355
1 20230574
1 20590788
1 20590828
1 20643036
1 20748156
1 21026169
1 21119690
1 21264749
1 21286776
1 21367541
1 21433635
1 21506193
1 21944968
1 22006292
1 22096063
1 22159189
1 22231212
1 22241037
1 22332047
1 22599389
1 23257074
1 23330271
1 23415441
1 23591376
1 23911739
1 23982187
1 23982188
1 24835801
1 24886115
1 25031130
1 25160646
1 25541682
1 25680856
1 25715883
1 25716577
1 25846711
1 25851313
1 26210969
4 26488785
1 26761279
1 26794931
1 26827840
1 26872459
1 26996555
1 27076361
1 27113569
1 27433550
1 28017661
1 28264670
1 28351484
1 28436239
1 28652094
1 28729588
1 28880138
1 29064924
1 29066470
1 29598486
1 29878887
1 30688234
1 30955442
1 31047185
1 31051952
1 31057497
1 31203774
1 31204658
1 31330358
1 31634027
1 31668021
1 31798399
1 31968371
1 32128955
2 32261603
1 32268976
1 32299944
1 33789234
1 33967429
1 34232894
1 34336846
1 34439849
1 34521098
1 34672264
1 34709946
1 35170388
1 35260421
1 35459424
1 35521162
1 35653623
1 35688531
1 35838772
1 36273186
1 36502091
1 36623351
1 36623874
1 36623911
1 36705330
1 36747117
1 37065099
1 37430949
1 37505127
1 37828008
1 37883272
1 37897573
1 38704073
1 38985262
1 39427622
1 39497481
1 39536285
1 39547204
1 39890424
1 40321156
1 40525058
1 41131898
1 41205754
1 41327324
1 41586797
1 41746291
1 42264252
1 42278229
1 42912483
1 42967400
1 43033835
1 43061587
1 43189048
1 43189172
1 43258383
1 43262495
1 43491504
1 44456133
1 44956492
1 45442948
1 46104172
1 46203996
1 46492420
1 46790248
1 47033447
1 47476374
1 47552292
1 47772740
1 48803741
1 48819305
1 49036434
1 49754033
1 50831607
1 50926222
1 51188178
1 51196528
1 51572289
1 51628585
1 51948979
1 52161813
1 52197679
1 52267593
1 52333741
1 52475001
1 52475555
1 52487226
1 52545681
1 52869559
1 52873642
1 53768156
1 53821998
1 54270858
1 54301855
1 54459892
1 54678277
1 54894814
1 54899770
1 54989789
1 55067071
2 55185796
1 55185799
1 55185877
1 55582010
1 55825777
1 55852919
1 55878200
1 55912882
1 55913084
1 56263075
1 57028127
1 57928613
1 57991918
1 58812818
1 59197281
1 59415482
1 59612172
1 59659127
1 60013062
1 60070170
1 60156448
1 60954393
1 61163957
1 61403592
1 61554949
1 61944123
1 62316278
2 62450773
1 62511659
1 62572352
1 63576154
1 63603918
1 64743841
1 64905121
1 65006931
1 65112386
1 65119420
1 65209554
1 65406735
1 65423276
1 65482018
1 65817056
1 66644056
1 67008691
1 67290622
1 67531789
1 67757426
1 67940367
1 68307219
1 68593521
2 68593707
1 68593807
2 68593844
1 68884528
1 69025632
1 69783644
1 69898183
1 69995694
1 70072697
1 70137805
1 71358276
1 71394821
1 71537228
1 71563873
1 72263663
2 73021804
1 74067770
2 75044489
1 75240403
1 75674761
1 76014629
1 77641377
1 77838421
1 78032899
1 78268781
1 78762238
1 78766655
2 79028187
1 79237806
1 79760065
1 79916855
1 80079774
1 80264223
1 81022193
1 81124920
1 81174783
1 81760082
1 82108529
1 82250302
1 82339113
1 82606176
1 82718095
1 82801658
1 83130591
1 83903622
1 84211777
1 84354971
2 84387761
1 85183162
1 85254643
1 86126551
1 87024840
1 88925396
1 92135912
1 92193294
1 93149813
3 93149817
1 93149818
2 93149820
2 93149823
1 93149824
1 93149826
1 93149828
3 93149829
1 93149830
1 93149833
3 93149834
1 93149836
1 93149837
7 93149838
6 93149839
2 93149840
4 93149841
2 93149842
4 93149844
1 93149845
6 93149846
7 93149847
2 93149849
1 93149850
7 93149852
3 93149854
8 93149855
14 93149857
4 93149858
2 93149860
3 93149861
10 93149862
6 93149863
5 93149864
7 93149865
1 93149866
8 93149867
13 93149868
7 93149869
1 93149870
5 93149871
8 93149872
6 93149873
9 93149874
6 93149875
9 93149876
7 93149878
2 93149879
3 93149880
4 93149881
8 93149883
8 93149884
6 93149885
3 93149886
2 93149887
3 93149888
1 93149889
10 93149890
3 93149891
1 93149892
1 93149893
1 93149895
3 93149899
4 93149900
2 93149901
1 93149902
1 93149960
1 93150001
6 93150009
1 93150016
2 93150018
1 93150020
1 93625648
1 93680288
1 93684847
1 94165668
1 94412425
1 95057180
1 95466546
1 95794286
1 96559977
1 97606176
1 99155589
1 99292928
1 99904564
1 100673720
1 101874324
1 102091977
1 103027345
2 103027353
2 103027355
3 103027357
3 103027358
1 103027359
1 103027361
1 103027362
1 103027365
3 103027366
3 103027368
1 103027372
1 103027373
2 103027374
1 103027380
1 103027381
3 103027384
1 103027385
4 103027386
2 103027387
7 103027388
5 103027389
4 103027393
2 103027395
1 103027396
8 103027398
2 103027400
4 103027401
3 103027403
1 103027404
6 103027405
9 103027406
1 103027408
1 103027409
2 103027412
3 103027413
2 103027414
4 103027415
1 103027417
1 103027418
1 103027420
1 103027421
2 103027423
1 103027426
1 103027427
5 103027433
1 103027434
1 103027436
1 103027438
1 103027464
5 103027466
1 103027467
1 103027469
1 103027471
1 103027472
2 103027473
1 103027474
4 103027476
1 103027477
2 103027478
4 103027479
3 103027480
1 103027481
1 103027483
3 103027484
4 103027485
1 103027486
3 103027488
1 103027490
3 103027492
5 103027493
1 103027494
10 103027495
4 103027496
3 103027497
2 103027498
3 103027499
1 103027500
3 103027501
1 103027502
2 103027503
1 103027504
9 103027505
17 103027506
1 103027507
2 103027508
4 103027509
4 103027510
29 103027511
10 103027512
6 103027513
8 103027514
5 103027515
29 103027516
3 103027517
6 103027518
2 103027519
9 103027520
20 103027521
11 103027522
3 103027523
2 103027524
13 103027525
3 103027526
11 103027527
26 103027528
8 103027529
16 103027530
6 103027531
5 103027532
1 103027533
6 103027536
12 103027537
5 103027538
16 103027539
1 103027540
1 103027542
1 103027543
4 103027544
2 103027545
7 103027546
6 103027547
1 103027548
2 103027550
2 103027551
6 103027552
4 103027553
11 103027554
11 103027555
1 103027558
3 103027559
12 103027560
5 103027561
1 103027562
9 103027565
1 103027566
2 103027567
4 103027568
2 103027569
11 103027570
5 103027571
5 103027572
2 103027573
1 103027574
2 103027576
3 103027577
3 103027579
2 103027582
1 103027584
5 103027586
1 103027587
1 103944156
1 104298631
1 104717611
1 106858018
1 108039206
1 108862180
1 109844737
1 111317009
1 113989896
1 114499998
1 115299897
1 115902662
1 117313949
1 117733202
1 118156988
1 118444651
1 118467485
1 118745033
1 120141134
1 120589582
1 120903818
1 121188183
1 121421274
1 121931698
1 122014398
1 123188234
1 123480650
1 123958693
1 124633743
1 126564287
1 127065594
1 127593926
1 127829812
1 131318611
1 134501190
1 134697743
1 137649843
1 138313177
1 138887207
1 146067468
1 148310523
1 152658168
1 152699719
1 160537472
2 160537474
1 160537488
2 160537835
1 161977815
1 163107386
1 163926095
1 164704097
1 170689322
