1 34
1997 35
3044 36
3459 37
3789 38
4979 39
7165 40
10215 41
10444 42
8752 43
8214 44
7870 45
6900 46
6037 47
5856 48
6559 49
8605 50
11876 51
12653 52
9999 53
9241 54
8752 55
8047 56
7023 57
6637 58
6998 59
7916 60
9260 61
10051 62
10151 63
10238 64
10064 65
9404 66
7937 67
7126 68
7341 69
7898 70
9059 71
9940 72
10263 73
11167 74
13016 75
16602 76
10683 77
10498 78
9748 79
10591 80
12260 81
12369 82
11848 83
11742 84
11444 85
10898 86
11247 87
9698 88
9209 89
9363 90
9824 91
10861 92
10992 93
10898 94
11011 95
10516 96
10387 97
9559 98
9580 99
9133 100
9511 101
9848 102
10137 103
10702 104
11066 105
10757 106
10602 107
10009 108
9704 109
9642 110
9755 111
9736 112
10824 113
10831 114
11568 115
11350 116
11220 117
10776 118
10796 119
10418 120
10321 121
10397 122
11268 123
12450 124
13675 125
11804 126
13101 127
11232 128
12221 129
10772 130
10776 131
11338 132
10755 133
12187 134
11930 135
14227 136
18508 137
20248 138
17013 139
12878 140
11994 141
11514 142
11407 143
11436 144
11858 145
14038 146
17603 147
21088 148
20851 149
19249 150
18601 151
17059 152
15499 153
15544 154
16193 155
18072 156
21827 157
26998 158
29350 159
27421 160
24210 161
23218 162
24356 163
29629 164
40085 165
58133 166
74110 167
73361 168
60729 169
48991 170
44999 171
41487 172
42294 173
50307 174
65030 175
78470 176
83609 177
76184 178
66911 179
59984 180
58168 181
55150 182
54248 183
57597 184
64787 185
70508 186
72089 187
69914 188
65164 189
60846 190
58556 191
58684 192
61952 193
67209 194
73563 195
76174 196
75525 197
70986 198
67473 199
65945 200
65379 201
67349 202
68772 203
71185 204
74090 205
74777 206
74125 207
72260 208
71048 209
70943 210
72599 211
74296 212
76790 213
76963 214
76688 215
74660 216
73578 217
71552 218
69839 219
70380 220
71234 221
72964 222
73743 223
73713 224
73566 225
71333 226
69335 227
68142 228
66365 229
65301 230
65535 231
66380 232
66862 233
66920 234
66143 235
64490 236
62949 237
60677 238
58467 239
57774 240
57522 241
56733 242
57881 243
56209 244
56534 245
54870 246
53183 247
52287 248
50520 249
48716 250
47306 251
46400 252
46280 253
46321 254
46427 255
45616 256
44628 257
43258 258
42321 259
41174 260
39536 261
39157 262
38871 263
38157 264
37773 265
37810 266
37424 267
36626 268
36332 269
35503 270
34617 271
33579 272
32811 273
32567 274
32317 275
32307 276
32541 277
32451 278
31951 279
31117 280
30744 281
30315 282
29561 283
29613 284
29605 285
29592 286
30207 287
30029 288
30147 289
30018 290
29787 291
29136 292
28453 293
28228 294
28287 295
28572 296
29524 297
30106 298
31137 299
31588 300
31122 301
30041 302
29937 303
29102 304
29026 305
29413 306
30393 307
31317 308
32895 309
33668 310
33808 311
33066 312
31961 313
31665 314
31354 315
32040 316
32576 317
34117 318
35904 319
37081 320
37420 321
37471 322
36715 323
35729 324
35489 325
35941 326
36352 327
37412 328
38681 329
39747 330
40771 331
40749 332
40987 333
40382 334
40207 335
40399 336
40555 337
41673 338
42059 339
43481 340
44672 341
45188 342
45412 343
45306 344
45289 345
45446 346
45676 347
46172 348
46546 349
47304 350
48458 351
48788 352
49777 353
50186 354
50313 355
50907 356
51409 357
51129 358
51379 359
51557 360
51602 361
51028 362
51771 363
52296 364
52736 365
53303 366
53497 367
53621 368
53650 369
53550 370
52622 371
52274 372
52470 373
51840 374
52013 375
53176 376
52110 377
52484 378
52607 379
53414 380
52357 381
52255 382
51385 383
50112 384
50143 385
49794 386
49947 387
49979 388
50143 389
50505 390
50550 391
50232 392
49458 393
49005 394
47613 395
46941 396
46612 397
45730 398
45653 399
46305 400
46200 401
45810 402
45825 403
45548 404
44157 405
43404 406
42584 407
41794 408
41198 409
41021 410
41028 411
41034 412
40807 413
40062 414
39470 415
38361 416
37968 417
36832 418
36102 419
36003 420
35057 421
35224 422
34605 423
34406 424
33997 425
33306 426
32227 427
31178 428
30686 429
29902 430
29622 431
29193 432
28831 433
28894 434
27666 435
27406 436
26893 437
26416 438
25816 439
24698 440
24648 441
23964 442
24026 443
23143 444
22988 445
22596 446
21738 447
21603 448
21294 449
21019 450
20016 451
20241 452
20323 453
19664 454
19332 455
19090 456
18996 457
18667 458
18389 459
18269 460
17979 461
17877 462
17722 463
17629 464
17508 465
17118 466
16892 467
17088 468
16683 469
16625 470
16575 471
16742 472
16181 473
16217 474
16718 475
16344 476
16654 477
16265 478
16489 479
15867 480
15952 481
15882 482
16100 483
15710 484
16158 485
16210 486
16094 487
16051 488
16185 489
16050 490
15931 491
16115 492
16064 493
16545 494
16141 495
16261 496
16240 497
16691 498
16598 499
16715 500
16589 501
16912 502
16585 503
16788 504
16864 505
16950 506
17372 507
17473 508
17326 509
17437 510
17609 511
17681 512
17566 513
17893 514
17742 515
17893 516
18005 517
17753 518
18286 519
18469 520
18533 521
18631 522
19045 523
18824 524
19068 525
19097 526
19255 527
18819 528
18929 529
19394 530
19701 531
19799 532
19644 533
20046 534
19972 535
20018 536
20040 537
20323 538
19703 539
19813 540
20482 541
20246 542
20295 543
20624 544
20625 545
20515 546
20106 547
20391 548
20413 549
20698 550
20276 551
20928 552
20450 553
20687 554
20663 555
20549 556
20290 557
20298 558
20578 559
20479 560
19913 561
19922 562
20069 563
19964 564
19719 565
19842 566
19725 567
19926 568
19452 569
19241 570
19617 571
19262 572
19114 573
18974 574
19146 575
19173 576
18805 577
18984 578
18806 579
18544 580
18655 581
18194 582
18457 583
18446 584
18178 585
18039 586
17884 587
17725 588
17733 589
17407 590
17408 591
16941 592
16799 593
16706 594
16780 595
16604 596
16379 597
15929 598
15836 599
15855 600
15496 601
15379 602
15015 603
15090 604
14709 605
14665 606
14560 607
13981 608
14254 609
13914 610
13604 611
13536 612
13476 613
13131 614
13017 615
13059 616
12482 617
12709 618
12530 619
12101 620
11961 621
11903 622
11591 623
11763 624
11145 625
11261 626
11361 627
11083 628
10809 629
10746 630
10549 631
10451 632
10174 633
10145 634
10031 635
10021 636
9739 637
9711 638
9775 639
9671 640
9692 641
9493 642
9414 643
9366 644
9188 645
9190 646
8981 647
8956 648
8838 649
9065 650
8920 651
8930 652
8800 653
8558 654
8679 655
8367 656
8552 657
8287 658
8431 659
8317 660
8377 661
8322 662
8385 663
8384 664
8253 665
8232 666
8296 667
8183 668
8163 669
8051 670
7995 671
8166 672
8099 673
8253 674
7988 675
8302 676
8187 677
8127 678
8161 679
7963 680
8127 681
8101 682
7963 683
8262 684
8227 685
8310 686
8182 687
8303 688
8328 689
8309 690
8325 691
8451 692
8373 693
8458 694
8542 695
8434 696
8495 697
8614 698
8724 699
8892 700
8599 701
8677 702
8724 703
9011 704
8754 705
8973 706
8807 707
9004 708
8951 709
9100 710
9111 711
8911 712
8975 713
8810 714
9012 715
8954 716
9109 717
8880 718
8902 719
8948 720
8936 721
8979 722
8994 723
8898 724
8980 725
8879 726
8992 727
8814 728
9004 729
8995 730
8920 731
8888 732
9091 733
8850 734
8946 735
8838 736
8855 737
8778 738
8845 739
8638 740
8707 741
8857 742
8645 743
8749 744
8661 745
8529 746
8623 747
8577 748
8622 749
8696 750
8343 751
8518 752
8449 753
8378 754
8374 755
8398 756
8331 757
8201 758
8221 759
8241 760
8170 761
8189 762
8022 763
7989 764
7955 765
7966 766
7704 767
7851 768
7837 769
7852 770
7771 771
7622 772
7437 773
7371 774
7423 775
7405 776
7412 777
7250 778
7124 779
7069 780
7042 781
6897 782
6927 783
6792 784
6788 785
6486 786
6573 787
6608 788
6555 789
6391 790
6467 791
6275 792
6129 793
6127 794
6113 795
6012 796
5868 797
5792 798
5613 799
5661 800
5572 801
5702 802
5489 803
5560 804
5443 805
5470 806
5284 807
5237 808
5330 809
5196 810
5048 811
5073 812
5074 813
4947 814
4999 815
4835 816
4929 817
4779 818
4784 819
4809 820
4633 821
4707 822
4636 823
4536 824
4321 825
4519 826
4459 827
4560 828
4464 829
4459 830
4327 831
4364 832
4319 833
4130 834
4218 835
4111 836
4044 837
4076 838
3984 839
3892 840
3998 841
4022 842
3831 843
3996 844
3888 845
3881 846
3824 847
3854 848
3682 849
3802 850
3705 851
3600 852
3729 853
3772 854
3651 855
3750 856
3586 857
3654 858
3543 859
3685 860
3628 861
3536 862
3579 863
3736 864
3664 865
3646 866
3704 867
3646 868
3484 869
3700 870
3674 871
3628 872
3695 873
3689 874
3700 875
3771 876
3729 877
3805 878
3702 879
3704 880
3808 881
3850 882
3652 883
3709 884
3649 885
3637 886
3665 887
3781 888
3708 889
3751 890
3551 891
3690 892
3665 893
3597 894
3579 895
3544 896
3666 897
3701 898
3549 899
3558 900
3454 901
3507 902
3505 903
3404 904
3517 905
3370 906
3464 907
3459 908
3422 909
3388 910
3378 911
3430 912
3422 913
3524 914
3256 915
3350 916
3277 917
3222 918
3239 919
3207 920
3310 921
3256 922
3241 923
3176 924
3170 925
3159 926
3234 927
3200 928
3274 929
3229 930
3255 931
3322 932
3109 933
3260 934
3161 935
3160 936
3255 937
3161 938
3144 939
3073 940
3114 941
3194 942
3064 943
3363 944
3108 945
3055 946
3020 947
2893 948
3048 949
2985 950
2948 951
3026 952
2852 953
2808 954
2716 955
2875 956
2717 957
2685 958
2546 959
2591 960
2531 961
2458 962
2601 963
2526 964
2504 965
2442 966
2542 967
2490 968
2378 969
2301 970
2412 971
2353 972
2355 973
2326 974
2203 975
2203 976
2175 977
2327 978
2200 979
2136 980
2189 981
2222 982
2044 983
2151 984
2112 985
2201 986
2125 987
2214 988
2218 989
2182 990
2067 991
2103 992
2136 993
2302 994
2087 995
2069 996
1992 997
2094 998
2217 999
2246 1000
1104 1001
1120 1002
1033 1003
995 1004
984 1005
1009 1006
964 1007
927 1008
927 1009
934 1010
888 1011
873 1012
880 1013
944 1014
835 1015
817 1016
849 1017
795 1018
832 1019
810 1020
843 1021
787 1022
755 1023
780 1024
744 1025
758 1026
748 1027
785 1028
725 1029
792 1030
850 1031
714 1032
822 1033
737 1034
721 1035
711 1036
686 1037
686 1038
695 1039
631 1040
647 1041
620 1042
656 1043
598 1044
603 1045
657 1046
652 1047
569 1048
620 1049
607 1050
557 1051
601 1052
613 1053
580 1054
549 1055
546 1056
624 1057
550 1058
566 1059
526 1060
513 1061
523 1062
498 1063
491 1064
492 1065
538 1066
503 1067
449 1068
464 1069
481 1070
450 1071
453 1072
454 1073
447 1074
480 1075
462 1076
474 1077
472 1078
447 1079
468 1080
442 1081
444 1082
430 1083
423 1084
411 1085
438 1086
428 1087
428 1088
408 1089
409 1090
402 1091
380 1092
423 1093
433 1094
396 1095
420 1096
367 1097
375 1098
419 1099
383 1100
402 1101
366 1102
379 1103
357 1104
381 1105
397 1106
372 1107
368 1108
345 1109
404 1110
361 1111
299 1112
336 1113
321 1114
337 1115
318 1116
360 1117
326 1118
334 1119
336 1120
324 1121
278 1122
303 1123
296 1124
298 1125
330 1126
316 1127
301 1128
278 1129
278 1130
271 1131
272 1132
290 1133
269 1134
233 1135
250 1136
253 1137
251 1138
249 1139
253 1140
234 1141
249 1142
233 1143
243 1144
223 1145
227 1146
208 1147
228 1148
225 1149
231 1150
207 1151
225 1152
197 1153
211 1154
203 1155
199 1156
213 1157
182 1158
200 1159
183 1160
171 1161
175 1162
154 1163
182 1164
158 1165
171 1166
158 1167
189 1168
157 1169
169 1170
146 1171
150 1172
152 1173
157 1174
145 1175
130 1176
154 1177
129 1178
135 1179
146 1180
131 1181
118 1182
130 1183
125 1184
136 1185
128 1186
131 1187
139 1188
140 1189
106 1190
125 1191
85 1192
108 1193
124 1194
106 1195
116 1196
108 1197
106 1198
104 1199
105 1200
101 1201
100 1202
118 1203
85 1204
98 1205
84 1206
91 1207
101 1208
110 1209
100 1210
91 1211
80 1212
98 1213
85 1214
70 1215
74 1216
77 1217
99 1218
84 1219
90 1220
89 1221
64 1222
87 1223
62 1224
68 1225
68 1226
69 1227
54 1228
71 1229
65 1230
59 1231
66 1232
67 1233
57 1234
71 1235
64 1236
61 1237
66 1238
58 1239
74 1240
59 1241
55 1242
47 1243
54 1244
53 1245
70 1246
53 1247
47 1248
49 1249
47 1250
48 1251
46 1252
39 1253
46 1254
45 1255
39 1256
49 1257
49 1258
32 1259
52 1260
39 1261
45 1262
41 1263
43 1264
45 1265
49 1266
41 1267
39 1268
32 1269
15 1270
42 1271
32 1272
36 1273
36 1274
39 1275
34 1276
27 1277
35 1278
44 1279
40 1280
30 1281
31 1282
33 1283
31 1284
24 1285
25 1286
23 1287
33 1288
37 1289
34 1290
28 1291
36 1292
27 1293
30 1294
27 1295
19 1296
20 1297
26 1298
26 1299
30 1300
25 1301
29 1302
24 1303
15 1304
28 1305
14 1306
24 1307
19 1308
17 1309
28 1310
19 1311
17 1312
14 1313
23 1314
22 1315
12 1316
19 1317
16 1318
25 1319
22 1320
20 1321
15 1322
19 1323
18 1324
11 1325
18 1326
12 1327
17 1328
8 1329
14 1330
12 1331
15 1332
18 1333
18 1334
13 1335
19 1336
19 1337
5 1338
14 1339
7 1340
9 1341
17 1342
5 1343
10 1344
15 1345
12 1346
14 1347
8 1348
9 1349
12 1350
10 1351
12 1352
14 1353
17 1354
12 1355
13 1356
13 1357
11 1358
5 1359
6 1360
10 1361
9 1362
6 1363
11 1364
6 1365
9 1366
8 1367
4 1368
8 1369
9 1370
6 1371
10 1372
6 1373
6 1374
5 1375
13 1376
4 1377
8 1378
9 1379
9 1380
7 1381
12 1382
9 1383
7 1384
8 1385
8 1386
9 1387
7 1388
6 1389
13 1390
5 1391
9 1392
14 1393
2 1394
7 1395
5 1396
4 1397
5 1398
2 1399
5 1400
5 1401
4 1402
2 1403
6 1404
2 1405
5 1406
5 1407
4 1408
8 1409
8 1410
5 1411
6 1412
3 1413
11 1414
4 1415
4 1416
9 1417
5 1418
2 1419
7 1420
11 1421
4 1422
4 1423
3 1424
3 1425
5 1426
4 1427
3 1428
4 1429
9 1430
2 1431
3 1432
4 1433
3 1434
1 1435
5 1436
4 1437
4 1438
6 1439
8 1440
3 1441
6 1442
4 1443
6 1444
1 1445
2 1446
3 1447
7 1448
3 1449
2 1450
3 1451
3 1452
1 1453
2 1454
3 1455
3 1456
3 1457
3 1458
3 1459
6 1460
6 1462
4 1463
3 1464
5 1465
5 1466
7 1467
7 1468
1 1469
4 1470
2 1471
4 1472
5 1473
4 1474
4 1475
2 1476
4 1477
2 1478
1 1479
4 1480
4 1481
5 1482
5 1483
2 1484
4 1485
3 1486
4 1487
7 1489
7 1491
7 1492
5 1493
2 1494
5 1495
5 1496
3 1497
2 1498
6 1499
3 1500
2 1501
3 1502
3 1503
3 1504
1 1505
5 1506
7 1507
6 1508
4 1509
4 1510
6 1511
2 1512
3 1513
3 1514
3 1515
1 1517
1 1518
1 1519
4 1520
3 1521
3 1522
4 1523
4 1524
3 1525
3 1526
1 1527
4 1528
5 1529
4 1531
5 1532
1 1533
5 1534
2 1535
2 1536
1 1537
3 1538
1 1540
1 1541
2 1542
3 1543
3 1544
3 1545
5 1546
5 1547
1 1548
4 1549
2 1550
1 1551
5 1552
5 1553
4 1554
3 1555
2 1556
3 1557
6 1558
1 1559
8 1560
4 1562
3 1563
3 1564
3 1565
2 1566
3 1567
4 1568
6 1569
4 1570
3 1572
6 1573
4 1574
1 1575
2 1576
2 1577
1 1579
1 1580
6 1581
5 1582
2 1583
2 1584
1 1585
3 1586
2 1587
4 1588
3 1589
1 1590
1 1591
2 1592
5 1593
1 1594
3 1596
4 1597
2 1598
1 1599
2 1600
5 1601
3 1602
3 1603
2 1606
6 1607
4 1608
2 1609
3 1610
1 1611
4 1612
5 1613
4 1614
8 1617
2 1618
6 1619
4 1620
5 1621
1 1622
3 1623
4 1624
2 1625
2 1626
5 1627
5 1628
1 1629
2 1630
4 1631
2 1632
5 1633
1 1634
3 1635
3 1636
2 1637
1 1638
2 1639
1 1640
4 1641
1 1642
4 1643
4 1644
2 1645
3 1646
1 1647
5 1648
3 1649
1 1650
2 1651
3 1652
5 1653
4 1654
1 1656
3 1657
3 1658
3 1659
3 1660
5 1661
2 1662
2 1663
3 1664
1 1666
2 1667
6 1668
2 1669
1 1670
3 1672
3 1673
3 1674
2 1675
1 1676
2 1677
1 1678
1 1679
3 1680
3 1681
3 1682
1 1683
1 1684
1 1686
2 1688
1 1689
2 1690
1 1692
1 1693
3 1694
2 1695
1 1696
2 1698
1 1699
1 1700
1 1701
3 1702
2 1703
4 1704
2 1706
1 1707
1 1708
2 1709
2 1710
1 1711
2 1712
1 1713
2 1714
2 1715
2 1716
2 1717
3 1718
2 1719
2 1720
4 1721
3 1723
4 1724
1 1725
3 1726
4 1727
2 1729
3 1730
1 1731
2 1732
2 1733
3 1734
2 1735
3 1736
1 1737
5 1739
3 1740
3 1742
1 1743
1 1744
2 1745
1 1746
2 1747
2 1748
3 1750
2 1751
1 1752
1 1753
2 1754
1 1755
1 1756
2 1757
1 1758
4 1760
4 1761
2 1762
3 1763
5 1764
4 1765
2 1766
3 1767
1 1768
2 1769
1 1770
1 1771
4 1772
1 1773
1 1774
2 1775
1 1776
2 1777
2 1778
4 1779
2 1780
3 1781
3 1782
2 1783
3 1785
2 1786
1 1787
1 1788
3 1789
3 1790
1 1792
2 1793
3 1794
2 1795
1 1797
4 1798
2 1800
5 1801
1 1802
3 1803
3 1804
3 1805
1 1806
4 1809
3 1810
1 1811
3 1812
1 1813
1 1814
1 1815
2 1817
2 1818
3 1819
3 1821
2 1822
3 1823
1 1824
1 1825
3 1826
1 1827
4 1828
2 1829
2 1831
1 1832
1 1833
2 1834
5 1835
1 1836
8 1838
5 1839
2 1840
2 1841
2 1842
1 1843
1 1844
1 1845
1 1846
2 1848
3 1849
1 1850
4 1851
1 1856
2 1857
5 1858
3 1862
2 1863
1 1864
3 1866
1 1867
2 1870
2 1871
4 1872
1 1873
4 1875
1 1876
2 1877
3 1878
4 1879
2 1880
2 1881
3 1882
3 1883
1 1884
3 1885
2 1886
1 1888
6 1889
1 1890
2 1891
1 1892
2 1893
3 1894
2 1895
3 1896
5 1897
3 1898
5 1899
4 1901
1 1904
4 1905
1 1906
2 1907
1 1908
1 1911
2 1912
6 1914
4 1915
3 1916
3 1917
3 1918
1 1919
1 1920
4 1921
2 1922
1 1923
1 1924
2 1925
2 1926
3 1927
1 1929
4 1930
2 1931
1 1932
1 1933
1 1934
3 1935
1 1936
3 1939
1 1940
3 1941
1 1942
3 1944
2 1945
2 1946
1 1947
2 1948
2 1950
1 1951
2 1952
2 1956
1 1959
3 1960
2 1961
1 1964
4 1966
2 1968
1 1969
2 1970
2 1973
1 1974
4 1975
1 1977
2 1978
3 1979
2 1980
1 1981
2 1983
1 1984
2 1985
4 1986
1 1987
1 1989
2 1990
1 1991
1 1992
1 1993
1 1994
1 1995
2 1997
4 1998
2 1999
1 2000
3 2003
3 2004
3 2005
2 2006
3 2008
1 2009
4 2011
1 2012
1 2014
4 2015
2 2016
2 2017
3 2019
3 2020
1 2021
1 2022
4 2023
1 2024
1 2025
1 2026
1 2027
1 2028
2 2030
1 2031
2 2032
1 2035
1 2036
1 2037
1 2038
4 2040
1 2041
3 2043
1 2044
2 2045
3 2046
2 2048
1 2049
1 2050
1 2051
3 2052
2 2055
1 2056
1 2059
1 2060
1 2061
2 2063
4 2064
1 2065
1 2066
2 2067
1 2068
2 2070
2 2071
2 2073
2 2074
3 2077
2 2078
3 2079
1 2080
1 2081
2 2082
3 2084
4 2086
1 2091
3 2093
3 2094
3 2095
4 2096
2 2097
1 2098
6 2099
1 2101
2 2102
1 2103
2 2105
5 2106
2 2107
4 2108
2 2110
1 2111
1 2112
1 2113
1 2114
2 2116
4 2117
1 2118
3 2120
2 2121
1 2122
1 2123
3 2124
1 2125
3 2126
1 2127
6 2128
1 2129
4 2130
1 2131
1 2132
4 2133
2 2134
2 2135
4 2137
1 2139
1 2140
3 2141
1 2142
2 2143
3 2144
1 2145
2 2146
1 2147
2 2148
1 2149
5 2151
2 2152
2 2154
1 2155
1 2156
2 2157
2 2158
1 2159
2 2160
1 2162
2 2163
3 2164
1 2165
1 2166
1 2167
1 2168
4 2169
2 2171
1 2173
1 2174
1 2175
2 2179
1 2180
3 2181
3 2182
2 2183
1 2184
1 2187
1 2188
1 2190
1 2192
6 2193
2 2194
3 2195
4 2198
1 2200
3 2201
3 2202
3 2204
4 2205
4 2208
2 2209
2 2212
2 2213
1 2214
2 2215
1 2216
2 2219
2 2220
4 2221
2 2223
1 2224
2 2225
1 2226
2 2227
2 2229
1 2230
2 2231
2 2232
2 2234
1 2235
2 2236
3 2238
1 2240
1 2241
5 2242
2 2243
1 2244
5 2245
2 2246
2 2247
1 2248
2 2249
3 2250
1 2252
1 2253
3 2254
3 2255
1 2257
3 2258
1 2259
3 2260
1 2262
1 2263
1 2264
1 2265
3 2266
1 2267
3 2268
3 2269
2 2270
5 2271
1 2273
2 2277
1 2280
1 2282
5 2283
1 2284
1 2285
3 2286
1 2287
1 2288
1 2289
1 2290
1 2291
1 2293
1 2295
1 2296
2 2297
2 2299
2 2300
3 2301
1 2302
2 2304
1 2305
3 2306
2 2307
1 2308
1 2309
1 2310
4 2311
2 2312
1 2313
3 2314
2 2317
2 2318
1 2320
3 2321
2 2322
3 2323
3 2325
3 2327
2 2329
1 2330
2 2334
1 2335
2 2336
1 2337
1 2338
3 2339
1 2341
2 2342
2 2343
1 2345
2 2346
3 2347
4 2349
1 2350
1 2351
1 2352
2 2353
3 2354
1 2355
1 2358
1 2360
3 2361
2 2362
1 2363
1 2364
1 2365
1 2366
1 2367
2 2368
1 2371
2 2372
2 2373
3 2374
2 2375
2 2376
5 2377
2 2378
2 2379
1 2380
2 2381
3 2382
1 2383
2 2385
1 2388
1 2389
1 2393
1 2394
2 2397
1 2398
2 2399
2 2400
1 2401
2 2402
1 2403
1 2404
1 2405
1 2407
3 2408
1 2409
1 2411
1 2413
1 2415
2 2416
2 2424
2 2426
4 2427
1 2428
1 2430
1 2431
1 2433
1 2435
1 2436
3 2437
1 2439
4 2440
1 2441
2 2442
2 2446
1 2447
2 2448
3 2450
1 2451
1 2453
4 2455
1 2456
7 2457
1 2458
1 2459
2 2461
4 2462
1 2463
1 2464
1 2465
3 2466
5 2467
1 2468
2 2470
3 2472
3 2473
2 2474
1 2475
1 2476
2 2480
1 2482
4 2483
3 2484
1 2485
3 2487
1 2489
3 2491
1 2492
2 2494
3 2495
1 2496
1 2497
1 2498
1 2499
2 2502
2 2503
1 2505
2 2506
1 2508
3 2510
3 2511
3 2514
4 2517
3 2518
1 2521
1 2523
1 2525
3 2529
1 2532
1 2533
5 2534
3 2537
2 2540
2 2541
3 2543
2 2544
1 2546
5 2547
2 2549
2 2550
2 2552
1 2553
1 2556
4 2557
3 2558
1 2559
2 2560
2 2562
1 2564
3 2566
2 2570
2 2572
2 2574
3 2575
4 2576
1 2577
2 2579
3 2581
3 2582
1 2585
1 2587
3 2588
2 2589
2 2590
1 2591
1 2593
1 2594
1 2595
2 2596
3 2597
2 2599
1 2600
5 2602
1 2604
2 2605
2 2606
1 2607
2 2608
1 2609
2 2613
3 2614
3 2616
2 2617
1 2618
1 2620
2 2621
2 2622
1 2623
2 2624
1 2626
2 2627
2 2628
3 2629
2 2630
3 2633
1 2635
2 2636
1 2638
1 2639
2 2640
1 2641
1 2642
2 2646
3 2648
2 2650
4 2651
2 2652
1 2654
1 2655
3 2656
1 2658
1 2659
1 2660
1 2663
2 2665
4 2666
1 2668
2 2670
4 2672
2 2673
2 2674
3 2675
1 2676
1 2677
1 2680
3 2681
1 2682
1 2684
1 2685
2 2687
2 2688
4 2690
3 2691
1 2692
2 2693
1 2695
2 2696
1 2697
1 2698
2 2701
3 2702
1 2703
1 2704
2 2706
1 2707
1 2710
3 2711
3 2713
1 2714
1 2715
1 2716
1 2717
4 2719
3 2720
1 2721
1 2722
2 2724
3 2725
2 2727
2 2730
1 2732
1 2735
4 2737
1 2738
2 2742
2 2745
1 2747
1 2749
3 2750
1 2752
3 2753
1 2754
2 2756
2 2760
1 2762
2 2763
1 2764
2 2765
1 2766
1 2767
2 2769
3 2770
2 2771
1 2772
1 2773
2 2775
2 2776
1 2778
1 2779
3 2780
2 2782
1 2784
1 2785
1 2786
1 2787
1 2789
2 2790
1 2794
1 2795
3 2797
4 2801
1 2802
3 2803
1 2806
1 2808
2 2810
3 2811
1 2812
1 2813
5 2814
1 2815
1 2816
1 2819
1 2820
1 2821
2 2822
3 2823
1 2824
1 2825
1 2828
1 2831
1 2832
1 2833
2 2835
1 2836
1 2838
1 2839
1 2841
1 2842
1 2843
4 2844
2 2845
2 2847
5 2855
1 2856
2 2859
1 2860
1 2861
2 2862
1 2864
1 2866
2 2871
1 2873
1 2875
1 2876
4 2877
1 2878
1 2879
1 2881
1 2884
1 2886
1 2888
1 2890
2 2894
1 2897
2 2898
2 2900
1 2901
2 2902
2 2903
1 2906
2 2909
2 2910
3 2914
1 2922
1 2923
1 2928
1 2929
3 2933
2 2934
3 2936
1 2937
2 2943
1 2944
1 2945
1 2946
1 2951
1 2952
1 2957
1 2958
2 2959
1 2960
2 2961
1 2962
2 2963
1 2965
3 2966
1 2969
2 2971
1 2972
1 2973
1 2975
1 2979
1 2980
3 2981
1 2984
1 2985
1 2986
4 2987
2 2988
1 2989
2 2990
3 2991
2 2993
2 2994
1 2995
2 2996
1 2998
1 3001
2 3003
4 3009
2 3011
1 3012
1 3013
1 3019
1 3020
1 3021
2 3022
2 3024
1 3030
2 3031
1 3033
1 3035
1 3036
1 3038
1 3039
4 3040
1 3041
2 3042
2 3044
1 3046
1 3047
1 3048
2 3051
1 3055
1 3058
1 3060
1 3061
1 3063
1 3064
1 3065
2 3066
3 3067
1 3068
1 3072
1 3073
1 3076
1 3078
1 3079
1 3080
2 3083
1 3084
1 3085
1 3088
2 3089
1 3090
1 3091
1 3092
1 3093
1 3095
1 3098
3 3101
1 3102
1 3104
2 3105
1 3106
2 3108
1 3109
1 3111
1 3115
2 3118
1 3119
1 3121
1 3123
3 3124
1 3125
1 3126
1 3127
1 3131
3 3132
1 3137
2 3139
1 3140
1 3141
1 3148
1 3149
1 3151
1 3152
4 3155
4 3158
2 3159
1 3160
1 3161
1 3162
4 3163
1 3164
1 3165
1 3170
1 3171
1 3172
2 3174
1 3175
3 3177
1 3179
1 3180
1 3181
1 3182
1 3184
1 3185
2 3189
1 3191
1 3196
3 3200
2 3201
1 3203
1 3205
1 3206
1 3207
2 3209
1 3210
2 3211
1 3215
3 3216
1 3218
1 3219
1 3220
1 3223
1 3226
2 3228
1 3229
4 3230
1 3231
2 3233
1 3235
2 3236
3 3237
2 3238
1 3239
2 3242
1 3244
2 3246
2 3247
1 3253
1 3255
1 3259
1 3262
1 3265
1 3266
2 3267
1 3270
2 3274
1 3277
1 3279
3 3284
3 3288
1 3289
1 3291
2 3295
1 3297
3 3300
1 3301
1 3302
3 3303
1 3306
2 3311
1 3312
2 3316
1 3318
2 3319
2 3320
1 3325
2 3326
1 3328
1 3330
1 3331
1 3332
2 3333
1 3335
1 3340
2 3341
1 3342
2 3345
2 3349
2 3351
2 3353
1 3355
2 3356
2 3357
2 3358
4 3362
1 3363
1 3365
1 3368
1 3373
1 3374
1 3375
1 3376
1 3379
2 3380
1 3381
1 3382
3 3384
1 3388
2 3393
1 3398
1 3399
1 3401
1 3402
2 3404
1 3406
4 3407
1 3409
1 3410
2 3414
1 3415
1 3419
1 3420
1 3422
1 3423
1 3424
1 3425
2 3426
2 3427
1 3429
1 3430
3 3432
1 3439
2 3440
1 3441
1 3442
1 3443
2 3444
1 3446
2 3448
3 3450
1 3454
1 3456
4 3457
1 3460
3 3462
1 3463
1 3465
2 3469
1 3471
1 3472
2 3475
1 3477
1 3478
2 3480
1 3481
1 3482
1 3483
1 3484
1 3486
1 3492
1 3493
1 3494
1 3496
1 3497
1 3502
1 3503
2 3505
3 3507
1 3508
1 3516
1 3518
1 3521
2 3522
1 3525
1 3528
2 3531
1 3532
1 3536
2 3537
1 3539
1 3548
1 3549
1 3550
1 3551
3 3556
1 3557
2 3558
1 3563
1 3564
1 3566
1 3567
1 3568
1 3570
1 3571
2 3574
1 3578
1 3579
1 3580
2 3582
1 3584
3 3585
1 3586
1 3590
1 3591
1 3592
1 3599
1 3602
1 3603
2 3604
2 3608
1 3609
2 3611
1 3615
1 3617
3 3621
1 3624
2 3626
3 3628
1 3629
1 3630
1 3632
1 3633
1 3635
2 3639
1 3640
1 3643
1 3650
1 3651
1 3652
1 3661
2 3666
1 3667
2 3671
1 3672
1 3680
1 3684
3 3686
1 3687
2 3688
2 3692
2 3694
1 3696
1 3697
1 3699
1 3701
1 3702
2 3704
1 3707
2 3709
1 3712
1 3714
1 3716
4 3718
2 3722
1 3731
2 3732
1 3733
1 3735
1 3736
2 3740
2 3743
1 3745
1 3749
2 3750
3 3753
1 3757
1 3760
1 3761
1 3762
3 3763
1 3765
1 3768
1 3770
1 3771
1 3772
1 3775
1 3779
2 3781
1 3784
1 3786
1 3787
1 3790
1 3791
1 3792
1 3794
1 3796
2 3797
2 3798
2 3806
1 3811
1 3812
1 3813
1 3818
1 3822
1 3825
1 3829
1 3830
2 3832
1 3837
2 3841
1 3843
1 3844
1 3846
1 3850
1 3851
2 3852
3 3855
1 3857
1 3863
2 3866
1 3872
2 3873
1 3875
1 3877
1 3878
1 3879
4 3882
1 3888
1 3891
1 3893
1 3896
2 3897
2 3898
1 3899
1 3905
1 3906
1 3908
3 3910
1 3911
1 3912
2 3913
1 3921
1 3923
1 3926
1 3928
3 3930
1 3931
1 3932
1 3936
1 3938
1 3939
1 3940
1 3943
1 3944
1 3945
2 3947
1 3948
1 3951
1 3953
1 3956
1 3959
1 3961
1 3962
1 3973
1 3974
1 3979
1 3982
1 3983
1 3986
3 3987
1 3988
1 3989
1 3992
2 3995
2 3997
1 3998
1 3999
2 4005
2 4008
1 4009
1 4012
2 4017
1 4020
1 4025
1 4027
1 4029
1 4031
1 4035
2 4037
1 4042
2 4048
2 4051
1 4056
1 4057
1 4059
1 4061
1 4062
1 4063
1 4068
2 4070
1 4071
1 4073
1 4076
1 4078
1 4079
1 4087
1 4089
1 4103
2 4104
1 4105
1 4106
3 4109
1 4112
1 4121
2 4125
1 4126
1 4129
1 4136
1 4137
1 4140
1 4146
1 4147
2 4148
1 4149
1 4153
1 4157
1 4159
1 4164
1 4175
1 4183
1 4184
1 4192
1 4193
1 4194
2 4196
1 4201
2 4207
1 4213
1 4214
2 4217
1 4223
1 4225
1 4227
1 4230
1 4231
1 4234
1 4240
1 4249
1 4251
1 4252
1 4259
1 4267
1 4272
1 4274
1 4284
1 4285
1 4286
1 4288
2 4290
1 4292
1 4299
2 4305
3 4306
2 4308
2 4316
2 4325
1 4328
1 4330
1 4331
1 4332
1 4345
1 4346
1 4349
1 4352
2 4354
1 4361
1 4365
1 4377
1 4383
1 4389
1 4392
1 4407
1 4433
2 4434
2 4435
2 4438
2 4440
1 4441
1 4453
1 4454
1 4462
1 4470
1 4474
1 4477
1 4478
1 4480
1 4483
2 4485
2 4487
1 4489
1 4492
2 4496
1 4497
1 4500
1 4501
1 4503
1 4504
2 4512
1 4525
1 4528
1 4531
1 4533
1 4537
1 4538
1 4543
2 4552
1 4555
1 4557
1 4567
1 4571
2 4578
1 4580
1 4584
1 4587
1 4596
1 4597
1 4600
1 4605
1 4615
1 4625
1 4630
1 4634
1 4650
1 4656
2 4658
1 4662
1 4667
1 4668
1 4669
1 4672
1 4674
1 4677
1 4681
1 4687
2 4689
1 4690
2 4696
1 4697
2 4704
1 4707
1 4709
1 4712
1 4713
1 4714
1 4716
1 4719
2 4724
1 4725
1 4727
1 4731
2 4734
1 4741
1 4742
1 4745
1 4752
1 4753
1 4754
1 4755
3 4763
1 4764
1 4767
1 4769
1 4770
2 4774
1 4776
1 4779
1 4793
1 4799
1 4800
1 4801
1 4810
1 4818
1 4820
1 4832
1 4835
1 4837
1 4838
1 4842
1 4848
1 4851
1 4858
1 4863
1 4864
1 4869
2 4876
1 4882
1 4883
1 4884
2 4889
2 4893
1 4902
1 4903
1 4907
1 4910
1 4929
1 4934
1 4944
1 4947
1 4960
1 4963
1 4979
1 4984
1 4985
1 4987
1 4991
1 4992
1 4994
1 4998
2 5008
1 5010
1 5012
1 5017
1 5024
1 5026
1 5028
1 5030
2 5032
1 5034
1 5038
1 5040
1 5044
1 5045
1 5050
1 5054
2 5059
1 5066
2 5079
1 5081
1 5084
1 5086
1 5092
1 5102
1 5108
1 5110
1 5111
1 5112
1 5115
1 5120
1 5121
1 5122
1 5129
1 5131
1 5137
1 5138
1 5139
1 5143
1 5148
1 5156
1 5157
1 5163
1 5170
2 5172
1 5177
1 5178
1 5184
2 5189
1 5191
2 5196
1 5200
1 5201
1 5202
2 5203
1 5211
1 5214
1 5218
2 5219
1 5222
1 5228
1 5234
1 5238
1 5242
1 5245
2 5254
2 5255
1 5256
1 5258
1 5260
1 5262
1 5267
1 5268
2 5280
1 5282
1 5288
1 5293
1 5295
1 5296
1 5300
1 5301
1 5303
1 5304
1 5314
1 5316
1 5317
1 5320
1 5329
1 5339
1 5340
1 5344
1 5345
1 5349
1 5354
1 5355
1 5357
1 5361
1 5362
2 5366
1 5367
1 5374
1 5378
3 5380
1 5381
1 5386
1 5387
2 5389
2 5390
1 5391
2 5395
1 5397
1 5407
1 5410
2 5411
1 5414
2 5418
1 5420
1 5423
1 5428
2 5433
1 5436
1 5451
2 5456
1 5461
1 5466
1 5472
1 5479
1 5486
1 5488
1 5489
2 5492
2 5495
1 5497
1 5502
2 5505
1 5510
2 5513
1 5514
1 5521
1 5525
1 5526
2 5527
1 5536
1 5541
1 5545
2 5546
1 5554
1 5555
2 5559
2 5569
1 5570
1 5572
1 5580
2 5585
1 5587
1 5591
3 5592
1 5595
1 5598
1 5605
1 5607
1 5612
1 5613
2 5615
1 5621
1 5623
5 5624
1 5625
1 5627
1 5632
2 5633
2 5637
1 5638
1 5643
1 5645
1 5647
1 5648
2 5649
1 5652
2 5659
2 5665
1 5669
1 5673
1 5674
1 5675
3 5678
1 5679
1 5685
1 5688
1 5694
3 5700
1 5701
1 5703
1 5704
1 5706
1 5707
1 5711
1 5717
2 5723
3 5724
1 5725
1 5730
1 5732
1 5738
2 5739
2 5741
2 5743
1 5746
1 5747
1 5748
1 5752
1 5759
1 5766
1 5768
1 5771
1 5773
2 5776
1 5777
2 5778
1 5780
1 5785
2 5788
2 5790
1 5791
1 5793
1 5794
1 5796
1 5797
1 5798
2 5799
2 5801
1 5806
3 5811
1 5814
1 5815
1 5816
2 5820
2 5821
1 5825
1 5826
1 5827
1 5828
2 5830
1 5833
2 5834
1 5843
1 5846
1 5850
1 5851
2 5858
1 5861
1 5863
1 5868
1 5869
1 5870
1 5871
1 5872
1 5873
1 5875
2 5878
1 5879
3 5880
2 5881
2 5884
1 5888
1 5891
1 5892
1 5896
2 5899
1 5900
3 5901
1 5903
1 5905
1 5907
1 5908
1 5909
2 5910
2 5911
1 5921
1 5923
2 5925
1 5926
1 5931
2 5933
2 5937
1 5951
1 5952
1 5954
2 5957
1 5958
1 5959
1 5961
1 5976
1 5979
1 5989
1 5991
1 5993
1 5995
1 5997
2 6000
1 6001
2 6005
1 6008
1 6016
1 6019
2 6025
1 6026
2 6027
1 6036
1 6038
1 6052
1 6055
2 6059
1 6076
1 6078
1 6082
1 6087
1 6088
1 6089
1 6090
1 6092
1 6107
1 6109
1 6113
1 6125
2 6129
1 6139
1 6141
2 6152
1 6159
2 6160
1 6163
1 6176
1 6185
1 6188
1 6206
1 6211
1 6212
2 6223
1 6225
1 6228
1 6229
1 6231
1 6238
1 6245
1 6246
2 6258
1 6266
2 6272
1 6278
2 6287
1 6294
1 6296
1 6302
1 6303
1 6305
1 6313
1 6315
1 6322
2 6328
2 6330
1 6331
1 6339
2 6340
1 6345
2 6346
1 6350
1 6358
1 6362
1 6365
1 6366
1 6367
1 6371
2 6373
2 6374
3 6379
1 6381
1 6383
1 6385
2 6390
2 6391
1 6393
1 6394
1 6395
3 6396
1 6397
1 6399
1 6401
2 6402
2 6405
1 6406
2 6407
1 6411
1 6417
2 6423
1 6424
1 6425
1 6426
1 6427
1 6428
2 6438
1 6441
1 6446
1 6448
1 6452
1 6454
1 6458
1 6461
1 6470
1 6471
1 6473
1 6474
1 6475
1 6476
1 6477
1 6479
1 6481
1 6485
1 6488
1 6489
2 6490
1 6491
2 6495
1 6498
1 6501
2 6503
1 6504
1 6507
1 6508
1 6514
1 6516
2 6518
2 6519
1 6520
1 6524
3 6525
1 6526
3 6531
2 6532
1 6533
1 6534
1 6536
1 6537
1 6538
2 6541
1 6543
1 6545
1 6548
2 6549
2 6552
1 6554
3 6555
1 6557
2 6558
1 6560
3 6561
2 6563
1 6565
2 6569
1 6570
1 6571
1 6572
3 6573
2 6575
1 6576
1 6577
1 6578
2 6579
2 6580
1 6581
1 6582
2 6584
1 6585
2 6586
1 6587
2 6589
1 6592
1 6593
1 6594
2 6595
1 6596
1 6598
3 6600
1 6601
3 6602
2 6603
1 6604
3 6605
1 6606
3 6608
3 6609
3 6611
2 6612
1 6613
1 6616
2 6617
1 6618
2 6619
1 6620
4 6623
3 6624
1 6625
1 6626
1 6627
3 6628
2 6629
1 6630
3 6631
1 6632
2 6633
1 6634
1 6635
2 6636
1 6637
1 6638
2 6639
1 6640
1 6642
2 6644
3 6645
1 6646
1 6648
1 6649
1 6650
3 6651
2 6652
5 6653
1 6655
6 6656
3 6657
2 6658
1 6659
1 6660
2 6661
2 6662
3 6663
1 6665
1 6666
3 6668
1 6669
1 6670
3 6672
3 6673
4 6675
3 6676
1 6678
3 6679
1 6680
3 6681
2 6683
2 6684
3 6685
1 6686
1 6687
2 6688
2 6689
1 6690
2 6692
1 6694
4 6695
4 6698
4 6699
2 6700
4 6701
1 6702
2 6703
1 6704
1 6705
2 6706
1 6707
1 6708
3 6709
1 6710
5 6711
4 6713
4 6717
1 6718
2 6719
1 6720
1 6721
1 6722
2 6723
1 6724
8 6725
3 6727
4 6728
3 6729
1 6730
1 6731
5 6732
1 6733
2 6734
2 6735
3 6736
5 6738
3 6739
2 6740
1 6741
1 6742
1 6743
5 6744
4 6745
1 6747
9 6749
1 6750
5 6751
3 6752
1 6753
1 6754
5 6755
3 6756
3 6757
1 6760
1 6761
1 6762
2 6763
5 6764
2 6765
3 6766
3 6767
1 6769
1 6770
4 6771
1 6772
2 6773
2 6774
3 6775
1 6776
3 6777
3 6778
4 6779
4 6780
2 6781
4 6782
6 6783
3 6784
1 6785
1 6786
1 6787
5 6788
4 6790
2 6791
5 6792
3 6793
2 6794
1 6795
4 6796
1 6797
3 6799
4 6800
1 6801
2 6802
2 6803
2 6804
2 6805
4 6806
4 6807
5 6808
3 6809
7 6810
5 6811
2 6812
4 6813
1 6814
7 6816
3 6817
2 6818
2 6819
3 6820
4 6821
3 6822
1 6823
1 6824
2 6826
4 6827
1 6828
3 6829
3 6831
2 6833
1 6834
1 6835
3 6836
3 6837
1 6838
3 6839
3 6840
1 6841
1 6843
4 6845
5 6846
1 6847
1 6848
2 6849
1 6850
4 6851
3 6852
3 6854
2 6855
1 6856
6 6857
3 6858
1 6859
2 6860
6 6861
3 6862
2 6864
5 6865
2 6866
3 6867
1 6869
1 6870
2 6871
2 6872
2 6873
1 6877
3 6878
3 6879
2 6880
2 6881
3 6882
3 6883
2 6884
1 6885
1 6886
1 6887
2 6888
1 6889
4 6891
4 6892
6 6893
2 6894
1 6895
5 6897
3 6898
1 6899
2 6901
2 6903
1 6904
2 6905
2 6906
4 6907
4 6908
2 6910
4 6911
3 6912
1 6913
2 6914
3 6915
1 6916
4 6917
2 6918
3 6919
2 6921
2 6923
1 6924
5 6925
3 6926
2 6927
2 6928
3 6929
4 6930
1 6932
2 6933
2 6936
1 6938
2 6939
1 6942
1 6943
2 6945
3 6946
3 6947
5 6948
5 6949
1 6950
6 6951
4 6952
2 6953
1 6954
2 6955
1 6956
5 6958
2 6959
2 6960
5 6962
3 6963
7 6965
1 6966
2 6967
2 6969
3 6971
4 6972
2 6973
4 6974
1 6975
4 6976
1 6977
7 6978
3 6979
1 6980
4 6981
3 6983
2 6984
5 6985
1 6986
1 6988
3 6989
1 6990
1 6991
2 6992
1 6993
1 6994
2 6995
4 6996
3 6997
3 6998
3 6999
2 7000
7 7001
1 7002
1 7004
1 7005
1 7007
4 7008
3 7009
4 7010
2 7012
2 7013
2 7014
2 7015
2 7016
1 7017
1 7018
1 7019
3 7020
1 7021
1 7022
1 7023
6 7024
3 7025
3 7027
5 7028
6 7029
2 7030
1 7031
5 7032
3 7033
2 7034
1 7036
4 7037
4 7039
1 7040
1 7041
2 7042
1 7043
2 7044
4 7045
2 7046
4 7047
2 7048
1 7050
2 7051
1 7053
1 7054
3 7055
2 7056
2 7058
6 7059
2 7060
1 7062
1 7064
4 7065
1 7066
4 7067
1 7068
3 7070
3 7071
2 7072
4 7075
2 7076
2 7078
2 7079
2 7080
2 7081
1 7082
1 7083
1 7084
1 7086
1 7087
5 7088
3 7089
2 7090
2 7091
2 7093
2 7094
5 7095
6 7096
2 7097
4 7099
2 7100
2 7101
2 7102
3 7105
2 7107
2 7108
3 7109
3 7110
2 7111
1 7112
3 7113
2 7114
1 7116
2 7117
1 7119
1 7121
1 7123
1 7124
1 7125
5 7126
2 7127
3 7132
1 7133
4 7134
3 7135
1 7136
3 7138
2 7140
3 7141
1 7143
4 7145
1 7147
3 7149
1 7150
1 7152
1 7153
4 7154
4 7155
3 7156
1 7157
3 7158
1 7160
2 7161
5 7162
2 7164
2 7165
1 7166
5 7167
3 7168
1 7170
3 7172
3 7173
2 7174
6 7175
3 7176
5 7177
1 7178
3 7179
2 7180
1 7181
3 7182
4 7183
4 7184
5 7185
2 7186
2 7187
2 7188
2 7190
4 7192
3 7195
4 7196
3 7199
4 7200
1 7202
1 7203
2 7204
4 7205
1 7207
1 7208
1 7209
1 7210
1 7211
1 7212
2 7213
2 7214
4 7215
1 7216
3 7217
3 7218
3 7220
1 7221
1 7222
2 7225
2 7226
1 7227
1 7228
3 7229
2 7234
2 7235
3 7237
2 7238
1 7239
1 7241
1 7242
2 7243
1 7244
1 7245
1 7246
2 7247
2 7248
3 7249
3 7250
1 7252
1 7254
2 7255
2 7256
4 7257
5 7258
3 7259
1 7260
2 7261
4 7262
1 7263
2 7265
4 7266
3 7270
1 7272
5 7274
2 7275
1 7277
2 7279
1 7280
1 7281
2 7282
5 7283
1 7284
1 7286
1 7288
3 7290
3 7293
3 7294
1 7295
1 7296
1 7297
1 7298
1 7299
2 7301
2 7303
2 7304
2 7306
2 7307
2 7308
3 7309
2 7310
2 7311
1 7312
5 7313
2 7315
3 7316
1 7317
2 7319
1 7320
1 7321
1 7322
1 7323
2 7324
1 7325
2 7327
2 7328
1 7329
2 7330
4 7332
1 7333
1 7334
2 7335
4 7338
2 7339
5 7341
1 7342
3 7343
1 7344
1 7346
1 7347
2 7349
2 7350
3 7351
2 7352
3 7354
1 7355
4 7356
2 7357
2 7358
1 7359
2 7361
1 7363
1 7364
1 7365
1 7367
3 7368
3 7369
2 7370
2 7371
5 7372
1 7373
1 7374
1 7376
1 7377
3 7379
2 7380
1 7381
2 7383
3 7384
2 7385
3 7386
2 7387
4 7388
3 7389
1 7390
1 7391
1 7392
1 7394
1 7396
4 7397
1 7398
2 7399
1 7400
1 7401
2 7402
3 7404
2 7405
1 7406
2 7407
2 7408
1 7409
1 7410
2 7411
1 7412
1 7413
2 7414
1 7415
6 7417
3 7418
2 7419
2 7421
1 7422
2 7423
1 7424
5 7425
1 7426
2 7427
1 7429
2 7431
3 7432
1 7433
4 7434
1 7436
2 7437
2 7439
2 7440
1 7441
5 7442
1 7443
1 7444
1 7445
1 7446
1 7447
2 7451
1 7452
1 7453
6 7454
1 7456
1 7459
5 7460
3 7461
1 7462
1 7466
1 7469
2 7470
2 7472
3 7475
3 7476
4 7477
1 7478
4 7479
1 7480
5 7481
1 7484
1 7485
1 7486
3 7487
2 7488
6 7489
1 7490
2 7491
3 7492
1 7493
2 7494
3 7495
3 7496
4 7497
2 7498
3 7500
2 7502
5 7506
1 7507
2 7508
1 7509
1 7510
1 7511
3 7513
3 7515
1 7516
2 7517
4 7519
1 7520
3 7521
3 7522
1 7523
1 7525
2 7526
1 7527
1 7528
1 7529
1 7530
3 7531
1 7533
3 7534
2 7535
1 7537
1 7538
2 7540
1 7541
3 7542
3 7543
2 7544
3 7545
4 7546
1 7547
1 7548
1 7549
1 7551
2 7552
1 7554
1 7556
1 7561
1 7562
1 7563
1 7564
3 7565
2 7566
2 7567
4 7568
1 7570
1 7572
1 7573
1 7574
1 7575
1 7576
1 7577
1 7579
1 7580
1 7581
1 7582
1 7584
2 7585
1 7587
2 7588
1 7589
1 7592
2 7595
2 7596
3 7597
3 7599
1 7601
3 7602
2 7604
2 7607
2 7608
1 7610
2 7611
2 7614
3 7615
3 7616
1 7619
2 7620
2 7621
3 7622
1 7625
2 7628
1 7629
2 7630
1 7632
3 7634
4 7636
3 7639
2 7641
1 7642
1 7643
3 7644
1 7645
2 7646
2 7648
1 7649
4 7652
3 7656
1 7657
1 7658
2 7660
2 7661
1 7662
2 7663
1 7666
1 7667
2 7669
2 7670
1 7671
1 7673
3 7674
1 7676
2 7677
1 7679
3 7680
3 7682
1 7683
2 7684
2 7685
1 7687
1 7689
2 7692
1 7693
4 7694
1 7695
2 7697
1 7698
3 7700
1 7701
1 7702
1 7704
1 7705
2 7706
2 7707
5 7709
5 7712
2 7713
1 7716
1 7717
2 7718
2 7719
2 7720
1 7723
1 7725
1 7726
2 7727
2 7728
2 7731
2 7732
1 7734
1 7735
2 7736
2 7739
3 7742
1 7743
1 7744
1 7746
2 7747
3 7750
1 7752
1 7755
1 7757
2 7759
2 7764
1 7767
1 7769
1 7770
1 7771
1 7775
1 7777
1 7782
3 7783
3 7785
2 7788
1 7789
1 7792
1 7793
1 7794
1 7798
2 7799
3 7800
1 7801
2 7805
2 7809
2 7811
1 7813
1 7814
1 7816
1 7817
1 7818
1 7819
1 7822
1 7824
2 7826
2 7827
2 7829
1 7830
1 7832
1 7836
1 7839
1 7841
2 7843
1 7846
2 7847
1 7848
2 7849
1 7850
1 7857
2 7858
1 7859
1 7867
1 7869
1 7872
3 7878
1 7879
2 7880
3 7881
2 7882
1 7887
1 7890
1 7891
1 7893
1 7894
1 7898
3 7901
1 7903
1 7905
1 7907
1 7909
1 7912
1 7914
1 7915
1 7917
1 7924
2 7925
2 7926
1 7929
2 7930
2 7931
2 7933
2 7935
1 7938
2 7939
1 7940
1 7943
1 7944
1 7946
1 7947
1 7949
1 7950
2 7951
1 7952
1 7953
1 7954
1 7961
1 7963
2 7964
1 7965
1 7966
1 7968
3 7971
1 7974
1 7975
1 7976
2 7977
2 7978
5 7981
1 7984
1 7985
1 7995
2 7996
1 7997
1 7998
2 8003
1 8004
1 8007
1 8008
1 8009
2 8013
2 8019
1 8022
1 8027
1 8030
1 8032
1 8034
1 8039
1 8040
1 8045
1 8048
1 8049
1 8052
2 8055
1 8062
1 8063
1 8065
1 8068
1 8069
2 8079
1 8080
1 8089
1 8097
1 8098
1 8104
1 8107
1 8109
1 8110
1 8115
3 8118
1 8123
1 8126
1 8128
1 8130
1 8144
1 8149
1 8153
1 8155
1 8159
1 8163
1 8170
1 8174
1 8176
1 8186
1 8188
1 8191
1 8206
2 8207
2 8208
1 8211
2 8215
1 8219
1 8221
1 8225
1 8236
1 8243
1 8258
1 8266
1 8268
1 8270
1 8272
1 8278
1 8287
3 8293
1 8301
1 8307
1 8308
1 8315
1 8325
1 8327
2 8329
1 8342
1 8344
1 8361
1 8362
1 8371
1 8382
2 8407
1 8419
1 8425
1 8434
1 8435
1 8442
1 8448
1 8450
1 8453
1 8455
1 8460
1 8467
1 8472
1 8483
1 8493
1 8499
1 8512
1 8519
1 8538
1 8547
1 8548
1 8562
1 8581
1 8591
1 8601
1 8607
1 8611
1 8621
1 8650
1 8681
1 8691
1 8695
1 8717
2 8722
2 8723
1 8733
2 8746
1 8760
2 8774
1 8787
3 8792
2 8797
1 8798
2 8813
1 8818
1 8821
1 8832
1 8840
1 8860
1 8893
1 8922
1 8943
1 8953
2 8956
1 8964
2 8965
1 8976
1 8990
1 8997
1 9000
1 9003
1 9007
1 9009
1 9011
1 9014
1 9021
1 9026
1 9035
1 9041
1 9044
1 9054
1 9060
1 9069
1 9086
1 9096
1 9105
1 9116
2 9118
1 9120
1 9134
1 9165
1 9168
1 9176
1 9192
1 9199
2 9200
1 9202
1 9215
1 9221
1 9244
1 9259
1 9276
1 9291
2 9304
1 9312
1 9318
1 9359
1 9364
1 9366
1 9388
1 9391
1 9400
2 9408
1 9410
1 9428
1 9433
1 9434
1 9454
1 9506
1 9532
1 9549
1 9594
1 9610
1 9663
1 9666
1 9674
1 9678
1 9681
1 9729
1 9767
1 9776
1 9778
1 9800
1 9843
1 9853
1 9863
2 9912
1 9919
1 10017
1 10072
1 10087
1 10088
1 10127
1 10272
1 10313
1 10315
1 10321
1 10329
1 10381
1 10410
1 10416
1 10474
1 10481
1 10601
1 10605
1 10648
1 10651
1 10655
1 10698
1 10754
1 10785
1 10799
1 10886
1 10902
1 10970
1 11081
1 11089
1 11119
1 11126
1 11127
1 11130
1 11131
1 11145
1 11159
1 11208
1 11231
1 11246
1 11249
1 11284
1 11287
1 11369
1 11449
1 11459
1 11481
1 11602
1 11629
1 11630
1 11652
1 11655
1 11671
1 11735
1 11746
1 11794
1 11826
1 11843
1 11863
1 11866
1 11883
1 11899
1 12009
1 12014
1 12020
1 12061
1 12085
1 12176
1 12236
1 12393
1 12419
1 12596
1 12616
1 12654
1 12711
1 12876
1 12945
1 12976
1 13030
1 13054
1 13094
1 13111
1 13123
1 13128
1 13160
1 13190
1 13243
1 13306
1 13335
1 13373
1 13410
1 13681
1 13726
1 13757
1 13789
1 13815
1 13829
1 13839
1 13953
1 14012
1 14107
1 14143
1 14221
1 14244
1 14351
1 14856
1 14892
1 14927
1 15080
1 15229
1 15456
1 15669
2 15697
1 16375
1 16610
1 16678
1 16784
1 17127
1 17134
1 17983
1 18016
1 18148
1 18157
1 18238
2 18262
1 18299
1 18312
1 18327
1 18358
1 18434
1 18513
1 18754
1 19093
2 19276
1 19301
1 19502
1 20175
1 20543
1 20607
1 20660
1 20691
1 20821
1 20861
1 20862
1 20941
1 21065
1 21345
1 21395
1 21419
1 22793
1 23020
1 23427
1 23462
1 23806
1 23842
1 23882
1 24589
1 25292
1 25350
1 25445
1 25791
1 26314
1 26338
1 26341
1 26416
1 26492
1 26734
1 27436
1 28213
1 28879
1 29208
1 29366
1 29389
1 29497
1 29547
1 30056
1 30112
1 30165
1 30482
1 30986
1 31363
1 31370
1 31427
2 31459
2 31703
2 31779
2 31840
1 32613
1 33760
1 35367
1 35647
1 35775
1 35781
1 35925
1 35931
1 37607
1 37628
1 39215
1 39249
1 40180
1 49793
1 50943
2 52244
1 55005
1 55151
1 60253
1 61110
1 64550
1 72832
1 72939
1 74577
1 79099
1 79992
1 83460
1 94442
1 113859
1 132492
1 138315
1 148184
1 157393
1 194040
1 219830
1 220083
1 250901
1 262044
1 315352
1 315393
1 315435
1 315527
1 318779
1 318842
1 335294
1 349115
1 363353
1 366642
1 406430
1 443793
1 465618
1 550858
1 774492
1 877625
2 894828
1 928079
1 1150376
1 1212824
1 1270216
1 1453301
1 1674444
1 1742949
1 1775806
1 1901595
1 2045210
1 2045264
1 2059556
1 2059771
1 2095307
1 2107301
1 2227626
1 2330892
1 2374695
1 2791014
1 2863152
1 2863175
1 2863275
1 2863481
1 2863488
1 2863492
1 2863500
1 2863504
1 2863570
1 2863573
1 2863575
1 2863606
1 2863962
1 3047097
1 3578697
1 3627198
1 3753301
1 3967777
1 4175465
1 4179642
1 4250865
1 4386292
1 4481620
1 5338504
1 5404117
1 5563322
1 5781236
1 6112072
1 6336804
1 6439576
1 6545401
1 6816080
1 6837193
1 7153213
1 7185540
1 7356762
1 7530816
1 7555727
1 7577013
1 7667849
1 7818035
1 8259650
1 8355996
1 8457031
1 8472836
1 9144319
1 9186410
1 9336718
1 9409980
2 9425378
1 9425379
1 9425380
7 9425381
9 9425383
4 9425385
2 9425387
2 9425389
1 9425390
2 9425391
2 9425392
1 9425393
3 9425394
6 9425395
6 9425396
5 9425397
2 9425399
1 9425401
3 9425402
1 9425403
1 9425404
8 9425406
2 9425407
1 9425408
1 9425409
2 9425411
2 9425412
3 9425413
1 9425415
2 9425416
1 9425417
8 9425418
1 9425419
1 9425420
1 9425421
9 9425425
12 9425427
3 9425428
3 9425429
2 9425430
3 9425431
2 9425432
6 9425433
2 9425434
27 9425435
10 9425437
1 9425438
2 9425439
2 9425440
6 9425441
1 9425442
10 9425443
5 9425444
6 9425445
11 9425446
8 9425447
34 9425448
3 9425449
20 9425450
16 9425451
9 9425452
12 9425453
6 9425454
3 9425455
18 9425456
14 9425457
12 9425458
9 9425459
10 9425460
13 9425461
18 9425462
50 9425463
7 9425464
34 9425465
5 9425466
22 9425467
13 9425468
21 9425469
21 9425470
20 9425471
10 9425472
9 9425473
9 9425474
8 9425475
21 9425476
21 9425477
13 9425478
11 9425479
5 9425480
9 9425481
7 9425482
17 9425483
15 9425484
14 9425485
20 9425486
5 9425487
10 9425488
1 9425489
17 9425490
13 9425491
10 9425492
5 9425493
4 9425494
3 9425495
3 9425496
10 9425497
19 9425498
5 9425499
9 9425500
8 9425501
5 9425502
5 9425503
4 9425504
5 9425505
3 9425506
4 9425507
3 9425509
2 9425510
1 9425511
4 9425512
2 9425513
1 9425514
1 9425515
1 9425516
1 9425519
1 9425522
1 9425523
1 9425645
1 9425650
1 9690763
1 9877576
1 9877582
2 9877583
3 9877584
1 9877585
3 9877586
3 9877587
3 9877588
6 9877589
1 9877590
2 9877591
1 9877593
2 9877594
4 9877595
3 9877597
2 9877599
3 9877600
6 9877601
5 9877602
2 9877603
2 9877604
7 9877606
1 9877607
24 9877608
2 9877609
1 9877610
25 9877612
10 9877614
2 9877616
2 9877617
4 9877620
1 9877629
1 9877640
1 9877701
1 9877702
2 9877703
2 9877704
6 9877706
5 9877707
2 9877708
4 9877709
1 9877711
1 9877712
1 9877713
2 9877714
2 9877715
1 9877716
7 9877717
1 9877718
2 9877719
1 9877720
1 9877721
2 9877722
3 9877723
2 9877724
1 9877729
1 9877731
2 9877732
1 9877733
1 9877738
1 9877740
1 9877753
1 9917918
1 9944998
1 10141509
1 10149321
1 10947380
1 11699722
1 12001471
1 12091311
1 12133979
1 12633296
1 12638070
1 12907949
1 12908696
1 13532651
1 13669460
1 13713201
1 13883273
1 14127678
1 14306729
1 14502741
1 14892239
1 15248882
1 15284841
1 15425237
1 15701654
2 16157142
1 16157144
1 16157150
1 16157151
1 16157152
1 16157159
1 16157170
1 16157172
1 16157177
1 16157180
1 16157186
1 16157190
1 16157196
1 16157200
1 16157207
1 16157211
1 16157220
1 16157230
1 16157240
1 16157245
1 16157261
1 16157265
1 16157276
1 16157281
1 16157285
1 16157294
1 16157296
1 16157302
1 16157303
1 16157313
1 16157332
1 16157346
1 16157380
1 16157393
1 16157416
1 16157425
1 16157469
1 16157500
1 16157515
1 16157525
1 16157538
1 16157558
1 16157579
1 16157667
1 16157676
1 16447038
1 16473397
1 16920353
1 16956212
1 18460468
1 18734402
1 18922893
1 19413753
1 19536668
1 19774392
1 19783363
1 19999609
1 20295299
1 20317443
1 20471416
1 20528706
1 20574735
2 20825744
1 20898357
1 20924869
1 21187318
1 21741285
1 21958038
1 22040108
1 22099481
1 22292732
1 22664149
1 23667712
1 23969393
1 24111640
1 24212237
1 24357730
1 24374591
1 24382314
1 24460189
1 24460325
1 24937889
1 24967271
1 25030885
1 25146441
1 25484104
1 25488477
1 25988588
1 26955423
1 27225225
1 27527850
1 28326238
1 28700851
1 29253529
1 29833539
1 29860611
1 29860833
1 30355027
1 30384664
1 30386144
1 30467623
1 30803013
1 30810964
1 31039314
1 31204586
1 31455714
2 31531764
1 32124339
1 32814633
1 33190932
1 33419493
1 33984192
1 34117121
1 34520960
1 34531453
1 34720925
1 35470543
1 35754666
1 36594793
1 36623029
1 36623840
1 36812377
1 36869765
1 37410373
1 37466003
1 37897519
1 38389678
1 39803927
1 39915920
1 39941600
1 40605156
1 40779995
1 41055607
1 41132624
1 41288250
1 41485241
1 41526414
1 42106110
1 42551329
1 43188689
1 43188735
1 43439248
1 43649344
1 44595386
1 44763348
1 44771739
1 46260707
1 47017425
1 47424140
1 47691845
1 47854829
1 48677497
1 49074289
1 49966289
1 50301386
1 50657783
1 50864973
1 52229571
1 52474609
1 52475140
1 53710521
1 53725274
1 53793740
1 53977021
1 54426551
1 54550359
1 55316845
1 55661495
1 55750180
1 56425527
1 56508956
1 56511245
1 56632487
1 57420443
1 57443676
1 57681230
1 58000046
1 58536468
1 58717838
1 58803834
1 59550377
1 60636618
1 60857196
1 61296224
1 62025639
1 62411159
1 63141466
1 63415795
1 63871265
1 65023830
1 65875451
1 65908839
1 66063102
1 66876076
1 67686832
1 68112663
1 68128775
1 68486488
1 68593783
1 69812412
1 69852725
1 72333045
1 73021692
1 73439196
1 73627553
1 73936511
1 73968667
1 75496526
1 77384606
1 77590534
1 78330543
1 78780885
1 79107787
1 79186029
1 79975809
1 80373594
1 81037618
1 81173252
1 82009688
1 82339066
1 82339072
1 83310466
1 83564055
1 83959359
1 84013096
1 84943446
1 85251137
1 85546088
1 87129370
1 87220546
1 87256983
1 87642431
1 88580694
1 89251225
1 90876472
1 91115580
1 91436352
1 92436323
1 92436532
1 93149792
2 93149817
1 93149820
2 93149821
1 93149823
1 93149824
1 93149825
5 93149828
2 93149831
1 93149834
2 93149835
3 93149836
4 93149838
2 93149839
1 93149840
5 93149846
4 93149847
1 93149849
2 93149850
2 93149851
1 93149852
1 93149854
5 93149855
3 93149856
9 93149857
4 93149858
1 93149860
8 93149862
2 93149863
3 93149865
1 93149866
6 93149867
7 93149868
3 93149869
2 93149870
2 93149871
4 93149873
8 93149874
2 93149875
6 93149876
8 93149878
4 93149879
3 93149880
1 93149881
4 93149882
9 93149883
9 93149884
3 93149886
1 93149887
4 93149890
2 93149891
2 93149892
1 93149893
1 93149897
2 93149900
1 93149901
1 93149957
1 93149964
1 93149968
1 93149977
1 93149989
1 93149992
1 93150011
1 93150023
1 93729107
1 95945393
1 97228435
1 97698525
1 98397556
1 99762036
1 101856963
2 102060883
1 102089919
1 102589037
1 103027343
1 103027355
1 103027358
1 103027359
1 103027364
2 103027365
1 103027367
1 103027368
1 103027369
1 103027374
1 103027375
2 103027387
4 103027388
2 103027389
1 103027393
3 103027394
1 103027395
1 103027396
4 103027398
1 103027400
2 103027401
1 103027403
3 103027406
1 103027408
2 103027410
1 103027411
2 103027412
1 103027415
1 103027417
2 103027419
1 103027421
1 103027423
1 103027424
1 103027425
2 103027426
1 103027427
1 103027432
1 103027433
2 103027466
1 103027467
3 103027469
4 103027472
1 103027473
5 103027476
1 103027477
2 103027479
3 103027480
2 103027483
1 103027484
3 103027485
1 103027486
1 103027487
1 103027488
4 103027490
2 103027491
1 103027492
7 103027493
9 103027495
9 103027496
1 103027497
3 103027498
6 103027499
2 103027501
2 103027504
9 103027505
12 103027506
1 103027507
2 103027508
3 103027509
5 103027510
12 103027511
13 103027512
11 103027513
11 103027514
12 103027515
18 103027516
2 103027517
8 103027518
2 103027519
8 103027520
12 103027521
9 103027522
4 103027523
4 103027524
11 103027525
5 103027527
6 103027528
7 103027529
14 103027530
8 103027531
9 103027532
1 103027533
1 103027534
5 103027535
2 103027536
18 103027537
3 103027538
8 103027539
1 103027540
3 103027542
5 103027544
1 103027545
12 103027546
3 103027551
4 103027552
4 103027553
9 103027554
4 103027555
2 103027556
2 103027559
8 103027560
3 103027561
1 103027562
2 103027563
2 103027564
4 103027565
1 103027566
3 103027567
2 103027568
3 103027569
8 103027570
9 103027571
4 103027572
1 103027573
1 103027575
1 103027576
4 103027577
1 103027578
2 103027579
1 103027582
5 103027586
1 103027588
1 103259772
1 103876141
1 104153747
1 104467582
1 107369768
1 110123625
1 110484479
1 111351287
1 111729712
1 111804313
1 112285117
1 112848586
1 113469465
1 113869991
1 115751432
1 117515014
1 118971048
1 119395264
1 119395268
1 120137122
1 120186789
1 121186644
1 121186985
1 123672431
1 127814187
1 130235994
1 130560204
1 131769641
1 136641535
1 142653942
1 144295850
1 148709850
1 156263252
1 158349541
1 158945129
1 163408099
