1 34
478 35
818 36
1065 37
1092 38
1707 39
2686 40
4050 41
4215 42
3377 43
3384 44
3693 45
3398 46
3042 47
3194 48
3749 49
5111 50
7832 51
8512 52
6754 53
6318 54
6249 55
6062 56
5567 57
5393 58
5884 59
7050 60
8454 61
9766 62
9529 63
9853 64
10067 65
9943 66
8811 67
8018 68
8419 69
9175 70
10855 71
12523 72
12981 73
14813 74
17470 75
23278 76
15279 77
15476 78
14340 79
16223 80
20049 81
19489 82
19462 83
18661 84
18695 85
18268 86
18464 87
16783 88
16272 89
16814 90
18141 91
19664 92
21019 93
20682 94
21003 95
20284 96
19872 97
19076 98
18854 99
18591 100
19090 101
20597 102
21780 103
22617 104
23812 105
22881 106
22979 107
21907 108
20922 109
21095 110
21504 111
22721 112
24793 113
24692 114
26409 115
26268 116
26100 117
25627 118
25088 119
25017 120
24088 121
25040 122
27119 123
27566 124
32410 125
28493 126
30400 127
27142 128
28226 129
25976 130
26132 131
27802 132
27149 133
28875 134
28497 135
32241 136
37221 137
38713 138
34982 139
29223 140
27693 141
26977 142
27491 143
27275 144
28534 145
31240 146
36603 147
40336 148
39295 149
37328 150
37108 151
35355 152
32031 153
32129 154
33432 155
35795 156
41925 157
47745 158
50315 159
48058 160
43385 161
41326 162
42923 163
49807 164
64610 165
90820 166
114098 167
112758 168
94831 169
80020 170
75149 171
67810 172
67775 173
78697 174
99409 175
120152 176
127469 177
116082 178
103062 179
96091 180
94409 181
89238 182
86399 183
89637 184
100020 185
106667 186
109373 187
105916 188
98964 189
92271 190
89725 191
89609 192
93613 193
101975 194
110644 195
113946 196
113140 197
106847 198
102306 199
99432 200
97501 201
100221 202
100964 203
105904 204
108564 205
109508 206
109517 207
107435 208
104435 209
104238 210
106376 211
108443 212
110849 213
110665 214
110330 215
108367 216
107410 217
104023 218
103206 219
103087 220
102790 221
104966 222
105606 223
106412 224
106565 225
103072 226
101316 227
99616 228
97381 229
95984 230
95670 231
97016 232
96401 233
96935 234
95477 235
93886 236
92890 237
90787 238
87306 239
86445 240
85263 241
84393 242
88974 243
83967 244
83930 245
82186 246
79266 247
79241 248
77656 249
75457 250
72048 251
72020 252
71588 253
71126 254
71271 255
69396 256
68322 257
67314 258
65861 259
65374 260
62797 261
60975 262
59495 263
59520 264
59718 265
58862 266
58503 267
57731 268
57244 269
55434 270
54604 271
53552 272
52395 273
51922 274
51558 275
51875 276
51190 277
51368 278
50364 279
49950 280
48344 281
47905 282
47085 283
47101 284
46021 285
46641 286
46887 287
47423 288
46874 289
45687 290
46130 291
44857 292
43994 293
44123 294
43945 295
43457 296
43960 297
44456 298
45231 299
45499 300
45359 301
43802 302
45126 303
42969 304
42846 305
42720 306
43513 307
44189 308
45197 309
45913 310
45663 311
45482 312
44019 313
43396 314
43271 315
42991 316
43269 317
44664 318
45248 319
46721 320
46918 321
46184 322
45550 323
45091 324
44759 325
44424 326
44957 327
45300 328
45879 329
46651 330
47376 331
46717 332
47255 333
46243 334
46279 335
46764 336
47068 337
47864 338
48361 339
49151 340
49001 341
49798 342
49743 343
49570 344
49464 345
49389 346
49601 347
50314 348
50872 349
51109 350
51864 351
52111 352
52320 353
52558 354
52677 355
53075 356
52958 357
53561 358
53075 359
53461 360
54139 361
53435 362
54011 363
53625 364
54127 365
54358 366
54355 367
55272 368
54556 369
54706 370
54374 371
53570 372
54133 373
53419 374
53515 375
54422 376
53342 377
54488 378
53902 379
54592 380
54484 381
54169 382
53491 383
52249 384
52105 385
51651 386
51951 387
52223 388
52122 389
51972 390
51885 391
51654 392
51686 393
50385 394
50079 395
49686 396
48633 397
48697 398
48343 399
48776 400
48839 401
48398 402
48320 403
48393 404
48030 405
46622 406
46022 407
45454 408
44796 409
45567 410
45310 411
44732 412
44854 413
44205 414
43738 415
42991 416
42929 417
42276 418
41252 419
41531 420
40461 421
40329 422
39588 423
38684 424
38902 425
38454 426
38101 427
37449 428
36517 429
35319 430
35355 431
35089 432
35045 433
35437 434
33451 435
33027 436
32821 437
32005 438
31492 439
30355 440
30616 441
29917 442
29902 443
29495 444
29237 445
28685 446
27786 447
27918 448
27370 449
27111 450
25959 451
25734 452
25617 453
25265 454
25220 455
24983 456
24663 457
24183 458
23933 459
24166 460
23483 461
23496 462
23252 463
22661 464
23248 465
22696 466
22302 467
22382 468
22068 469
22114 470
21825 471
21539 472
21065 473
21303 474
21448 475
21648 476
22195 477
20695 478
21315 479
20749 480
20241 481
20689 482
20349 483
20599 484
19983 485
20129 486
20242 487
19791 488
20194 489
19610 490
19564 491
19685 492
19178 493
20632 494
19251 495
19325 496
19255 497
19310 498
19234 499
19133 500
19594 501
19005 502
19030 503
18880 504
18986 505
19246 506
18541 507
19046 508
19096 509
19045 510
19081 511
19296 512
19030 513
18842 514
18980 515
19130 516
18958 517
19000 518
19435 519
19074 520
19346 521
19095 522
19580 523
19645 524
19258 525
19353 526
19339 527
19325 528
19345 529
19420 530
19735 531
19567 532
19675 533
20185 534
19682 535
19538 536
19668 537
19440 538
19500 539
19473 540
19722 541
19699 542
19576 543
19850 544
19741 545
19782 546
19529 547
19270 548
19303 549
19612 550
19264 551
20295 552
19334 553
19536 554
19573 555
19034 556
19056 557
19228 558
19361 559
19211 560
18714 561
18493 562
18318 563
18404 564
18584 565
18538 566
18357 567
18369 568
18157 569
17877 570
17930 571
17686 572
17644 573
17928 574
17665 575
17440 576
17552 577
17192 578
17235 579
17359 580
16975 581
16986 582
17248 583
17223 584
16763 585
16687 586
16514 587
16558 588
16807 589
16413 590
16281 591
16009 592
16324 593
15947 594
16370 595
15467 596
15539 597
15203 598
15100 599
15239 600
15062 601
14920 602
14592 603
14512 604
14046 605
14196 606
13978 607
13778 608
13630 609
13629 610
13435 611
13430 612
13046 613
12919 614
12801 615
12920 616
12704 617
12417 618
12321 619
12276 620
11941 621
11893 622
11793 623
12049 624
11501 625
11341 626
11299 627
11148 628
10781 629
10957 630
10868 631
10905 632
10787 633
10684 634
10554 635
10333 636
10198 637
10233 638
10105 639
10022 640
9914 641
9994 642
9883 643
9499 644
9556 645
9613 646
9323 647
9282 648
9257 649
9389 650
9414 651
9376 652
9542 653
9035 654
8889 655
8855 656
8588 657
8788 658
8765 659
8876 660
8666 661
8657 662
8403 663
8408 664
8256 665
8387 666
8343 667
8237 668
8194 669
8038 670
7725 671
8011 672
7996 673
7945 674
7746 675
7968 676
7713 677
7714 678
7941 679
7802 680
7718 681
7820 682
7736 683
7791 684
7505 685
7584 686
7574 687
7668 688
7664 689
7608 690
7628 691
7522 692
7623 693
7722 694
7842 695
7463 696
7463 697
7676 698
7605 699
7828 700
7876 701
7871 702
7693 703
7726 704
7664 705
7595 706
7669 707
7774 708
7861 709
8635 710
7730 711
7550 712
7637 713
7423 714
7489 715
7545 716
7609 717
7266 718
7388 719
7113 720
7258 721
7150 722
7327 723
6999 724
7347 725
6961 726
6991 727
7140 728
6775 729
7017 730
6910 731
7138 732
7074 733
6944 734
6812 735
6878 736
6701 737
6731 738
6784 739
6797 740
6620 741
6576 742
6580 743
6556 744
6680 745
6690 746
6515 747
6339 748
6145 749
6387 750
6433 751
6368 752
6208 753
6333 754
6179 755
6247 756
6268 757
6175 758
6111 759
6152 760
6068 761
6011 762
6016 763
6039 764
5980 765
5825 766
5926 767
5982 768
5765 769
5621 770
5876 771
5649 772
5677 773
5506 774
5286 775
5376 776
5454 777
5364 778
5219 779
5270 780
5205 781
5004 782
5187 783
4958 784
5012 785
4922 786
4972 787
4808 788
4826 789
4660 790
4664 791
4611 792
4673 793
4555 794
4507 795
4587 796
4292 797
4305 798
4294 799
4277 800
4348 801
4218 802
4297 803
4161 804
4128 805
4045 806
4031 807
3957 808
3964 809
3891 810
3905 811
3751 812
3872 813
3858 814
3705 815
3696 816
3839 817
3700 818
3733 819
3671 820
3805 821
3567 822
3648 823
3626 824
3513 825
3613 826
3537 827
3596 828
3567 829
3482 830
3477 831
3427 832
3342 833
3236 834
3312 835
3282 836
3158 837
3163 838
3172 839
3116 840
3132 841
3061 842
3004 843
2983 844
3040 845
2879 846
2895 847
2930 848
2831 849
2796 850
2817 851
2859 852
2777 853
2745 854
2644 855
2673 856
2757 857
2579 858
2596 859
2744 860
2526 861
2686 862
2612 863
2634 864
2663 865
2668 866
2559 867
2652 868
2586 869
2658 870
2601 871
2853 872
2616 873
2651 874
2950 875
2626 876
2807 877
2883 878
2665 879
2779 880
2742 881
2849 882
2745 883
2862 884
2820 885
2580 886
2850 887
2617 888
2633 889
2549 890
2502 891
2547 892
2661 893
2422 894
2369 895
2355 896
2444 897
2457 898
2318 899
2295 900
2291 901
2215 902
2188 903
2072 904
2170 905
2130 906
2178 907
2144 908
2075 909
2072 910
2135 911
2049 912
2003 913
2045 914
1996 915
2006 916
1990 917
2028 918
1949 919
1895 920
1961 921
1869 922
1998 923
1851 924
1817 925
1858 926
2006 927
1894 928
1880 929
1899 930
1957 931
2137 932
2050 933
2030 934
2007 935
2027 936
2139 937
2055 938
2324 939
1898 940
2043 941
2130 942
1963 943
3212 944
1981 945
2078 946
1959 947
1789 948
2077 949
1982 950
2126 951
1820 952
1843 953
1815 954
1716 955
1943 956
1553 957
1670 958
1671 959
1553 960
1652 961
1494 962
1494 963
1479 964
1451 965
1423 966
1358 967
1367 968
1408 969
1394 970
1437 971
1343 972
1348 973
1375 974
1287 975
1441 976
1280 977
1322 978
1291 979
1365 980
1302 981
1290 982
1267 983
1347 984
1237 985
1323 986
1428 987
1523 988
1391 989
1513 990
1369 991
1433 992
1678 993
1799 994
1502 995
1526 996
1422 997
1788 998
1941 999
1723 1000
701 1001
634 1002
683 1003
610 1004
576 1005
546 1006
536 1007
507 1008
508 1009
486 1010
507 1011
413 1012
480 1013
452 1014
422 1015
450 1016
477 1017
452 1018
472 1019
513 1020
416 1021
436 1022
409 1023
440 1024
437 1025
396 1026
404 1027
408 1028
381 1029
453 1030
499 1031
370 1032
424 1033
367 1034
387 1035
350 1036
353 1037
385 1038
309 1039
341 1040
346 1041
358 1042
345 1043
294 1044
305 1045
281 1046
340 1047
292 1048
281 1049
299 1050
286 1051
284 1052
291 1053
326 1054
242 1055
262 1056
274 1057
280 1058
240 1059
260 1060
213 1061
245 1062
243 1063
246 1064
228 1065
225 1066
252 1067
222 1068
252 1069
211 1070
204 1071
223 1072
200 1073
234 1074
216 1075
225 1076
206 1077
188 1078
206 1079
204 1080
203 1081
192 1082
190 1083
195 1084
190 1085
178 1086
178 1087
170 1088
183 1089
190 1090
165 1091
178 1092
165 1093
181 1094
160 1095
167 1096
199 1097
165 1098
160 1099
158 1100
145 1101
176 1102
160 1103
160 1104
155 1105
134 1106
159 1107
147 1108
167 1109
147 1110
138 1111
144 1112
133 1113
127 1114
143 1115
131 1116
131 1117
112 1118
135 1119
134 1120
141 1121
130 1122
132 1123
113 1124
107 1125
97 1126
130 1127
96 1128
99 1129
99 1130
112 1131
115 1132
95 1133
118 1134
110 1135
110 1136
98 1137
109 1138
86 1139
92 1140
83 1141
89 1142
88 1143
103 1144
104 1145
87 1146
79 1147
89 1148
84 1149
88 1150
97 1151
87 1152
71 1153
92 1154
78 1155
75 1156
86 1157
85 1158
93 1159
72 1160
60 1161
67 1162
65 1163
82 1164
74 1165
73 1166
66 1167
66 1168
64 1169
77 1170
94 1171
55 1172
52 1173
61 1174
65 1175
57 1176
54 1177
54 1178
59 1179
52 1180
53 1181
62 1182
36 1183
50 1184
66 1185
45 1186
45 1187
48 1188
38 1189
47 1190
47 1191
47 1192
59 1193
36 1194
47 1195
45 1196
40 1197
44 1198
43 1199
40 1200
43 1201
38 1202
37 1203
31 1204
40 1205
29 1206
45 1207
38 1208
41 1209
43 1210
29 1211
38 1212
34 1213
38 1214
29 1215
34 1216
30 1217
26 1218
29 1219
34 1220
33 1221
29 1222
35 1223
33 1224
29 1225
31 1226
29 1227
29 1228
25 1229
20 1230
19 1231
28 1232
32 1233
31 1234
25 1235
31 1236
21 1237
34 1238
35 1239
22 1240
35 1241
28 1242
14 1243
11 1244
27 1245
27 1246
24 1247
26 1248
21 1249
25 1250
18 1251
19 1252
20 1253
18 1254
23 1255
26 1256
16 1257
24 1258
22 1259
17 1260
12 1261
14 1262
17 1263
19 1264
17 1265
12 1266
16 1267
15 1268
14 1269
16 1270
17 1271
11 1272
9 1273
12 1274
11 1275
18 1276
10 1277
11 1278
14 1279
14 1280
14 1281
7 1282
7 1283
9 1284
20 1285
20 1286
8 1287
10 1288
16 1289
10 1290
8 1291
12 1292
16 1293
10 1294
15 1295
8 1296
11 1297
13 1298
10 1299
16 1300
7 1301
7 1302
13 1303
13 1304
10 1305
14 1306
10 1307
5 1308
9 1309
14 1310
8 1311
14 1312
7 1313
6 1314
4 1315
11 1316
11 1317
9 1318
15 1319
10 1320
15 1321
9 1322
8 1323
6 1324
6 1325
8 1326
4 1327
6 1328
10 1329
9 1330
10 1331
5 1332
9 1333
1 1334
7 1335
6 1336
7 1337
10 1338
4 1339
8 1340
5 1341
4 1342
2 1343
7 1344
10 1345
7 1346
7 1347
12 1348
10 1349
6 1350
5 1351
6 1352
3 1353
5 1354
2 1355
3 1356
12 1357
8 1358
7 1359
4 1360
6 1361
2 1362
6 1363
1 1364
6 1365
4 1366
4 1367
2 1368
6 1369
6 1370
4 1371
2 1372
11 1373
4 1374
6 1375
3 1376
3 1377
5 1378
4 1379
4 1380
6 1381
2 1382
3 1383
6 1384
3 1385
9 1386
1 1387
3 1389
5 1390
3 1391
2 1392
4 1393
1 1394
3 1395
4 1396
3 1397
5 1398
3 1399
4 1400
2 1401
3 1402
3 1403
2 1404
3 1405
6 1406
2 1407
5 1408
4 1409
2 1410
5 1411
4 1413
2 1414
5 1415
3 1416
3 1417
1 1418
1 1419
6 1420
3 1421
2 1422
3 1423
2 1425
3 1426
2 1427
2 1428
5 1429
2 1430
3 1431
1 1432
2 1433
4 1434
1 1435
2 1436
2 1437
4 1438
1 1439
4 1440
3 1441
5 1442
2 1444
1 1445
2 1446
1 1447
3 1448
1 1449
1 1450
4 1452
3 1453
2 1454
3 1455
6 1456
2 1457
5 1459
1 1460
4 1462
2 1463
1 1464
7 1465
4 1467
3 1468
2 1469
7 1470
5 1471
5 1472
2 1474
6 1476
2 1477
3 1478
1 1479
1 1480
4 1481
2 1482
6 1483
2 1484
3 1485
4 1486
2 1487
3 1488
4 1489
1 1490
2 1491
1 1492
1 1493
5 1494
2 1495
1 1497
2 1498
2 1499
1 1500
2 1501
1 1502
2 1503
1 1504
5 1505
2 1506
3 1507
1 1508
2 1509
3 1511
1 1512
4 1513
4 1514
3 1515
2 1516
5 1517
5 1518
2 1519
2 1520
1 1521
3 1522
2 1523
2 1524
6 1525
4 1528
3 1529
4 1530
3 1531
3 1532
2 1533
6 1534
3 1535
1 1536
1 1537
9 1538
2 1539
1 1542
1 1543
11 1544
2 1545
3 1546
2 1549
2 1550
5 1551
5 1552
3 1553
3 1555
4 1557
1 1558
1 1559
2 1560
1 1561
2 1562
3 1563
3 1564
3 1565
3 1567
3 1568
2 1569
1 1570
2 1571
6 1572
3 1573
2 1575
3 1576
1 1577
4 1578
4 1580
1 1581
1 1582
1 1584
9 1585
3 1587
3 1588
8 1589
1 1590
2 1591
1 1592
2 1593
1 1594
1 1595
1 1596
4 1597
3 1600
3 1601
3 1602
5 1603
1 1604
2 1605
2 1606
2 1607
2 1608
2 1609
4 1611
1 1612
4 1614
8 1615
3 1616
1 1618
1 1619
2 1622
3 1623
1 1624
2 1625
2 1626
2 1627
2 1628
3 1629
1 1630
1 1631
3 1632
2 1633
3 1634
4 1635
5 1637
1 1639
4 1640
4 1641
1 1642
5 1643
1 1644
1 1645
4 1648
4 1649
1 1650
2 1651
2 1652
3 1653
1 1654
4 1655
2 1656
3 1657
4 1658
2 1659
6 1660
2 1661
1 1662
2 1663
2 1664
1 1666
1 1667
1 1668
1 1669
2 1670
3 1672
2 1673
1 1674
2 1676
1 1678
3 1679
1 1680
1 1681
2 1682
4 1683
1 1684
7 1686
1 1689
2 1691
2 1692
3 1693
3 1694
1 1695
3 1696
3 1697
2 1699
5 1700
1 1702
2 1703
1 1704
5 1706
4 1707
1 1708
1 1711
1 1713
1 1714
2 1715
1 1716
1 1717
2 1719
1 1720
4 1721
2 1722
4 1723
1 1724
1 1725
2 1726
5 1727
1 1728
3 1729
1 1730
2 1731
7 1732
5 1733
1 1735
1 1737
2 1738
6 1739
2 1740
3 1741
1 1742
2 1743
2 1744
5 1746
1 1747
3 1750
2 1751
3 1752
1 1753
1 1754
3 1756
5 1757
2 1758
1 1760
2 1761
4 1764
1 1766
1 1767
1 1768
3 1769
3 1770
1 1771
2 1773
3 1776
5 1777
1 1778
5 1781
2 1782
1 1783
3 1784
2 1785
1 1786
6 1787
1 1788
2 1789
2 1791
2 1792
1 1795
1 1797
2 1798
1 1799
7 1800
2 1802
3 1803
3 1804
2 1805
5 1807
4 1808
3 1809
4 1810
4 1811
3 1812
1 1814
3 1817
1 1818
2 1822
1 1824
1 1825
1 1826
3 1827
1 1828
4 1829
1 1830
1 1831
3 1832
4 1833
2 1834
2 1835
1 1836
1 1837
1 1838
3 1840
1 1841
2 1843
5 1844
4 1845
2 1846
2 1848
1 1849
1 1851
1 1852
2 1853
3 1854
4 1855
4 1859
1 1860
3 1861
1 1862
1 1863
2 1864
1 1865
1 1866
4 1867
3 1868
3 1869
4 1870
2 1871
2 1872
2 1873
2 1874
3 1875
2 1876
1 1877
2 1878
3 1879
3 1882
1 1884
4 1885
2 1886
1 1887
1 1888
2 1892
1 1893
2 1895
2 1900
2 1903
1 1904
1 1905
3 1906
2 1907
4 1909
1 1910
1 1911
1 1912
1 1915
1 1916
3 1918
1 1921
1 1922
3 1924
1 1925
2 1927
2 1928
1 1929
2 1930
3 1931
1 1932
5 1933
2 1934
3 1935
2 1936
2 1938
1 1939
1 1942
4 1943
1 1944
4 1945
2 1946
1 1947
1 1948
2 1949
1 1950
2 1953
3 1954
1 1955
4 1956
2 1957
1 1958
5 1959
2 1961
5 1962
4 1963
1 1964
1 1966
1 1968
1 1970
4 1972
1 1973
1 1974
3 1976
1 1977
2 1980
3 1982
3 1983
1 1984
2 1985
1 1989
1 1992
1 1993
1 1997
4 1998
1 2000
1 2001
1 2002
1 2004
1 2007
1 2009
2 2010
1 2011
1 2015
3 2017
1 2018
1 2021
2 2022
1 2023
2 2026
1 2028
1 2029
1 2030
5 2031
3 2036
2 2039
1 2041
2 2042
2 2043
2 2044
2 2045
1 2046
1 2048
2 2050
4 2051
1 2052
1 2053
2 2054
1 2055
1 2056
2 2057
4 2058
2 2059
1 2060
1 2062
1 2063
1 2064
1 2065
1 2068
1 2070
2 2073
1 2076
1 2077
1 2078
2 2079
3 2080
2 2083
2 2084
3 2085
3 2086
3 2087
1 2088
2 2089
1 2091
1 2093
1 2094
1 2095
2 2097
2 2098
1 2104
3 2105
1 2106
3 2108
1 2109
3 2111
3 2113
1 2114
1 2115
3 2116
1 2118
2 2120
4 2121
2 2122
2 2124
3 2126
1 2127
2 2128
4 2130
1 2132
1 2133
4 2134
2 2136
1 2138
1 2140
3 2141
1 2143
2 2144
2 2145
3 2147
1 2148
1 2150
2 2154
2 2155
2 2156
1 2157
2 2158
1 2160
3 2161
1 2163
3 2164
2 2165
4 2166
3 2167
1 2168
3 2169
1 2170
1 2173
2 2174
2 2176
3 2177
2 2178
2 2179
1 2180
2 2181
5 2182
2 2183
3 2185
1 2186
1 2187
1 2189
3 2190
1 2191
1 2195
2 2196
2 2197
8 2200
2 2201
2 2205
1 2207
2 2208
2 2209
2 2211
3 2214
1 2216
2 2217
2 2222
1 2225
4 2226
1 2227
1 2231
1 2233
2 2234
1 2235
1 2238
3 2239
1 2240
4 2241
1 2242
2 2243
2 2244
1 2245
1 2246
1 2247
1 2249
3 2252
4 2253
2 2254
3 2256
2 2258
4 2259
2 2260
2 2261
2 2262
1 2263
1 2265
3 2266
1 2269
4 2270
3 2271
3 2272
1 2274
1 2275
1 2276
3 2277
2 2278
2 2279
1 2280
2 2282
1 2283
3 2284
2 2286
3 2289
2 2290
1 2291
2 2292
5 2295
2 2298
2 2300
2 2301
5 2302
1 2303
1 2304
3 2307
1 2308
1 2310
1 2311
3 2313
8 2315
2 2318
2 2319
1 2320
2 2322
3 2323
3 2325
2 2328
1 2329
1 2331
1 2332
2 2334
2 2335
1 2336
3 2338
1 2339
1 2340
2 2341
3 2343
4 2345
3 2346
2 2347
2 2351
1 2356
1 2357
2 2358
5 2360
2 2361
3 2362
4 2364
1 2365
1 2367
1 2368
1 2371
1 2372
1 2373
2 2374
1 2377
3 2378
1 2381
1 2383
2 2384
2 2388
4 2390
1 2391
1 2393
1 2394
1 2395
1 2397
7 2399
3 2400
2 2402
1 2404
5 2405
1 2410
1 2412
1 2413
2 2414
1 2415
3 2417
1 2418
2 2421
1 2423
3 2424
1 2425
3 2426
1 2427
1 2429
2 2430
3 2432
4 2433
3 2434
1 2436
3 2438
1 2439
3 2441
1 2443
3 2445
1 2446
3 2447
1 2448
1 2450
4 2455
3 2457
1 2458
2 2461
1 2462
2 2463
1 2466
3 2468
2 2469
2 2470
1 2471
1 2472
2 2476
4 2477
4 2478
1 2479
1 2480
1 2481
1 2482
2 2484
2 2485
2 2487
1 2488
1 2489
1 2492
2 2499
1 2502
5 2504
2 2508
2 2510
2 2513
1 2515
2 2517
6 2518
2 2521
1 2523
1 2524
1 2525
1 2526
1 2528
1 2529
1 2530
1 2531
1 2534
2 2536
1 2537
2 2538
1 2539
1 2542
2 2543
3 2545
2 2547
3 2551
1 2554
1 2555
2 2556
1 2557
2 2558
1 2559
2 2562
3 2563
1 2564
2 2565
1 2566
1 2568
2 2569
1 2572
2 2575
2 2578
4 2584
1 2588
1 2589
1 2591
1 2592
2 2593
4 2594
1 2599
2 2602
1 2604
2 2605
1 2610
1 2613
1 2614
4 2619
1 2620
4 2621
1 2623
3 2624
2 2625
1 2627
2 2628
1 2632
3 2633
1 2636
1 2637
1 2638
2 2646
2 2647
1 2650
3 2651
1 2652
1 2655
1 2657
1 2658
1 2660
3 2661
2 2663
1 2665
1 2666
1 2667
2 2669
2 2672
3 2673
1 2677
2 2678
2 2679
1 2681
1 2682
1 2683
1 2684
1 2685
2 2687
2 2688
2 2689
2 2690
3 2692
2 2694
3 2695
1 2697
2 2699
1 2700
1 2701
1 2705
1 2709
3 2717
4 2720
1 2721
1 2723
1 2729
1 2730
1 2733
2 2738
1 2740
3 2744
2 2746
1 2750
1 2754
3 2756
1 2759
2 2762
2 2766
1 2769
2 2772
1 2776
1 2779
1 2782
5 2783
2 2784
1 2785
1 2786
2 2787
1 2788
1 2789
1 2790
1 2792
4 2793
6 2795
2 2801
2 2803
5 2804
2 2806
1 2807
2 2809
2 2810
1 2811
1 2812
1 2813
1 2816
2 2817
2 2818
1 2819
1 2823
1 2824
1 2826
1 2827
5 2828
2 2829
1 2831
2 2832
1 2834
1 2835
1 2838
1 2839
3 2840
2 2842
1 2844
2 2847
2 2848
3 2850
3 2851
2 2852
2 2856
2 2861
1 2871
1 2872
3 2881
1 2882
1 2886
3 2888
1 2889
1 2890
1 2893
2 2894
1 2899
4 2901
1 2902
1 2903
1 2906
1 2907
1 2908
1 2912
1 2915
1 2919
1 2920
1 2921
1 2923
1 2925
1 2926
1 2931
2 2934
1 2935
1 2937
2 2942
2 2944
1 2949
4 2951
1 2956
1 2959
2 2960
1 2961
2 2965
3 2967
1 2968
1 2969
3 2970
1 2971
2 2973
4 2974
1 2975
2 2977
1 2981
1 2982
3 2983
1 2984
1 2986
1 2988
1 2990
2 2991
1 2992
1 2993
1 2994
2 2997
2 2998
3 2999
2 3000
1 3002
1 3007
1 3008
2 3012
1 3013
1 3014
1 3015
4 3017
1 3021
1 3022
3 3027
5 3031
1 3032
1 3033
1 3034
2 3035
1 3039
1 3040
3 3044
1 3045
1 3048
2 3049
2 3051
1 3053
1 3055
2 3058
2 3059
1 3060
1 3063
1 3064
2 3065
1 3066
2 3068
1 3069
1 3071
1 3075
2 3078
2 3079
3 3081
4 3082
3 3085
2 3087
1 3089
1 3090
2 3093
3 3096
1 3097
1 3100
1 3106
1 3108
1 3111
2 3113
1 3114
4 3117
1 3123
2 3125
1 3128
6 3134
1 3137
2 3139
1 3141
1 3143
2 3145
1 3146
2 3150
1 3151
2 3152
2 3153
2 3154
2 3155
1 3156
1 3157
2 3160
1 3164
2 3168
1 3170
2 3173
3 3174
2 3176
1 3179
2 3180
1 3185
2 3186
1 3189
3 3191
1 3192
1 3196
1 3200
2 3203
1 3205
2 3206
2 3207
1 3210
2 3211
1 3212
1 3216
2 3218
3 3222
2 3224
1 3225
1 3227
2 3230
1 3233
2 3236
2 3238
1 3240
1 3241
1 3243
2 3244
2 3245
1 3247
1 3250
2 3251
2 3253
1 3258
1 3259
1 3260
1 3261
1 3262
1 3263
1 3264
1 3267
1 3271
2 3272
2 3276
1 3277
1 3278
1 3280
4 3281
1 3282
1 3284
1 3285
2 3291
4 3298
2 3299
3 3302
1 3305
1 3307
1 3308
1 3310
2 3314
1 3317
1 3319
2 3320
1 3321
1 3327
2 3329
2 3330
2 3331
1 3333
2 3335
1 3336
1 3337
1 3338
2 3339
1 3340
1 3341
5 3347
1 3348
1 3349
3 3352
1 3357
2 3358
2 3359
3 3361
1 3362
2 3364
2 3365
2 3366
2 3370
1 3371
1 3373
1 3374
2 3377
1 3379
1 3380
1 3381
1 3382
2 3383
1 3384
1 3388
1 3392
2 3394
2 3396
1 3397
2 3400
3 3402
1 3412
3 3414
1 3425
2 3430
2 3431
1 3434
2 3435
3 3437
2 3439
1 3445
1 3447
1 3450
1 3453
1 3455
1 3458
1 3459
2 3460
2 3461
1 3462
1 3464
2 3467
1 3469
3 3471
2 3475
1 3477
1 3478
1 3485
1 3486
1 3489
1 3493
1 3495
1 3499
1 3501
1 3503
1 3504
1 3507
1 3510
1 3511
1 3512
1 3513
1 3515
2 3517
1 3518
2 3519
2 3520
1 3522
2 3523
1 3525
2 3527
1 3529
1 3530
7 3531
2 3545
3 3548
1 3549
2 3550
2 3552
2 3558
1 3559
1 3560
2 3564
1 3568
2 3571
1 3572
1 3574
1 3579
1 3587
1 3588
1 3598
3 3600
3 3601
2 3603
1 3605
1 3609
1 3610
1 3615
4 3622
1 3623
2 3624
1 3629
1 3632
1 3640
1 3645
2 3655
2 3658
1 3660
3 3670
1 3672
2 3676
1 3691
1 3693
1 3698
1 3699
1 3701
1 3702
1 3705
1 3706
1 3709
1 3710
1 3713
1 3715
3 3718
1 3719
1 3727
1 3729
1 3731
1 3733
1 3734
1 3735
1 3736
2 3738
1 3740
1 3747
1 3748
1 3755
1 3758
1 3761
1 3762
1 3765
1 3768
1 3769
1 3773
2 3783
2 3784
1 3787
1 3792
1 3795
2 3796
1 3797
1 3800
1 3805
1 3807
1 3809
1 3810
1 3815
1 3823
1 3824
1 3825
1 3829
1 3830
1 3832
2 3833
1 3834
4 3837
1 3841
1 3844
1 3848
1 3849
1 3850
1 3851
1 3852
1 3853
2 3854
1 3860
1 3865
1 3866
1 3867
1 3869
1 3875
2 3878
1 3882
3 3883
2 3891
2 3892
2 3897
2 3903
1 3905
1 3909
1 3911
2 3913
1 3914
1 3916
2 3920
2 3922
1 3924
1 3925
1 3928
2 3929
3 3935
1 3941
1 3942
1 3944
4 3955
1 3957
1 3960
1 3967
1 3968
1 3973
1 3975
2 3977
1 3979
1 3980
1 3982
1 3984
1 3988
1 3991
1 3992
1 3996
1 3998
1 4001
1 4002
1 4004
3 4007
1 4015
1 4019
2 4021
1 4026
2 4030
2 4031
2 4034
1 4037
1 4039
1 4044
2 4046
1 4047
2 4049
2 4057
1 4061
1 4062
2 4063
1 4074
1 4080
1 4083
2 4087
2 4089
1 4090
1 4094
1 4101
1 4108
1 4118
1 4130
1 4139
1 4141
1 4144
2 4145
2 4152
1 4155
1 4161
1 4166
1 4172
1 4173
2 4174
1 4175
2 4184
1 4202
1 4205
1 4219
1 4220
1 4224
1 4226
1 4232
1 4235
1 4237
1 4239
1 4241
1 4249
2 4250
1 4257
2 4264
2 4274
1 4280
3 4282
1 4290
2 4291
1 4292
1 4296
1 4300
1 4301
1 4312
1 4331
1 4336
1 4341
1 4343
1 4351
2 4353
1 4355
1 4359
1 4361
1 4364
1 4374
2 4376
1 4378
2 4380
1 4392
2 4398
1 4399
1 4407
1 4412
1 4413
1 4421
2 4423
1 4425
2 4432
3 4436
1 4437
1 4452
1 4453
1 4455
1 4457
1 4460
1 4462
1 4465
1 4473
1 4478
1 4481
1 4483
2 4486
1 4504
2 4517
3 4520
1 4535
1 4541
1 4546
2 4552
1 4558
1 4559
1 4576
1 4579
1 4581
1 4583
1 4595
1 4600
1 4609
1 4615
1 4617
1 4622
2 4623
1 4630
1 4632
1 4635
2 4641
1 4648
1 4657
2 4658
1 4662
2 4672
1 4677
1 4680
1 4684
1 4686
1 4689
2 4699
2 4709
1 4712
1 4717
2 4724
1 4727
2 4729
1 4732
2 4734
1 4740
1 4744
2 4749
2 4753
1 4770
1 4771
1 4777
1 4781
1 4786
5 4790
1 4792
1 4793
1 4795
2 4803
1 4806
1 4818
1 4823
2 4832
1 4841
1 4842
1 4856
2 4860
2 4862
4 4863
1 4875
1 4876
1 4877
4 4883
2 4889
1 4893
1 4895
1 4901
2 4903
1 4910
1 4922
1 4923
2 4928
2 4935
4 4947
1 4949
2 4951
1 4952
1 4956
2 4958
1 4962
1 4965
1 4966
1 4972
4 4977
1 4989
2 4995
1 4996
1 5003
1 5004
2 5006
1 5009
1 5012
1 5015
1 5019
1 5025
1 5045
1 5051
1 5052
1 5065
1 5079
1 5087
1 5092
1 5094
1 5100
1 5102
1 5107
2 5109
1 5111
1 5128
3 5131
1 5134
3 5135
1 5143
1 5150
1 5155
1 5159
1 5161
1 5162
1 5173
1 5179
2 5185
1 5189
1 5208
1 5210
1 5211
1 5215
3 5225
2 5243
1 5255
3 5258
1 5267
1 5271
1 5280
1 5283
1 5289
3 5296
1 5302
1 5314
1 5317
1 5321
1 5343
1 5347
1 5349
1 5350
2 5352
1 5358
1 5361
1 5363
1 5365
1 5366
1 5368
1 5371
4 5373
1 5384
2 5391
1 5394
2 5397
1 5398
1 5407
2 5411
3 5412
1 5415
1 5418
2 5419
1 5423
1 5424
1 5432
1 5444
3 5446
1 5451
2 5461
2 5464
2 5466
2 5474
1 5483
1 5484
2 5485
2 5489
1 5492
1 5501
1 5506
1 5511
2 5514
2 5515
1 5516
1 5520
3 5528
2 5533
1 5535
1 5540
1 5545
1 5549
1 5554
1 5556
1 5561
1 5563
2 5568
1 5569
1 5574
3 5577
1 5586
2 5589
2 5593
1 5615
2 5622
1 5631
1 5633
1 5638
1 5639
1 5645
1 5646
1 5647
1 5649
1 5650
1 5655
1 5658
1 5664
2 5666
3 5676
2 5685
2 5697
1 5700
2 5703
1 5704
1 5708
1 5711
1 5715
1 5721
1 5722
1 5725
3 5726
2 5729
1 5731
1 5737
2 5738
2 5739
2 5740
2 5742
2 5757
1 5761
1 5766
1 5770
3 5772
1 5776
2 5781
1 5787
2 5797
2 5798
2 5802
1 5806
1 5809
2 5811
1 5812
1 5816
2 5817
2 5821
1 5822
1 5825
1 5826
1 5828
1 5829
2 5830
1 5831
2 5832
2 5834
1 5841
1 5842
1 5846
1 5849
1 5859
1 5860
1 5861
1 5866
1 5879
1 5880
1 5882
1 5886
1 5892
1 5893
1 5897
1 5898
1 5906
1 5910
1 5912
3 5914
1 5915
1 5920
1 5922
1 5925
1 5934
2 5940
2 5942
1 5943
1 5949
1 5951
1 5956
2 5963
2 5964
2 5968
1 5973
1 5977
1 5978
1 5986
1 5987
1 5996
2 5997
1 5999
1 6001
1 6002
3 6004
3 6005
1 6008
1 6010
1 6011
1 6015
2 6018
1 6023
3 6024
1 6032
2 6039
1 6044
3 6047
1 6048
1 6051
1 6056
1 6063
1 6067
1 6078
1 6092
2 6095
1 6098
1 6099
1 6103
1 6114
1 6115
1 6119
1 6138
1 6141
1 6142
2 6143
1 6146
1 6158
2 6178
1 6180
1 6193
2 6207
1 6209
1 6211
1 6223
1 6238
1 6241
1 6244
2 6251
1 6253
1 6254
1 6257
1 6265
1 6267
2 6272
1 6273
1 6277
1 6283
1 6293
1 6309
1 6318
2 6322
1 6328
1 6330
2 6331
1 6341
2 6345
1 6351
1 6358
2 6363
1 6364
1 6365
3 6366
2 6368
1 6370
1 6375
1 6376
1 6378
1 6383
1 6388
1 6389
3 6390
1 6392
1 6400
1 6407
1 6414
1 6415
2 6419
1 6422
1 6423
1 6430
1 6431
1 6437
4 6441
1 6445
1 6449
2 6450
1 6453
1 6457
3 6458
2 6460
1 6465
1 6468
2 6469
1 6472
3 6476
1 6478
1 6480
2 6481
4 6486
1 6489
3 6490
2 6491
1 6495
1 6498
1 6503
4 6506
1 6509
1 6510
2 6512
2 6513
1 6515
3 6523
1 6524
1 6526
1 6528
1 6537
2 6539
1 6540
2 6541
1 6542
2 6547
2 6549
4 6551
4 6555
4 6556
1 6557
1 6559
2 6563
4 6564
1 6565
1 6567
1 6570
1 6571
2 6579
3 6580
1 6581
6 6585
5 6586
1 6589
1 6591
2 6592
3 6594
2 6595
1 6596
4 6597
1 6599
3 6601
2 6603
3 6605
1 6606
2 6608
1 6611
1 6612
2 6614
1 6616
1 6618
2 6622
2 6624
1 6625
2 6628
2 6629
1 6630
1 6633
2 6634
4 6635
1 6637
2 6638
3 6639
1 6641
3 6642
1 6643
2 6644
3 6645
3 6646
1 6647
1 6648
1 6649
1 6651
2 6652
3 6653
1 6654
3 6655
2 6658
2 6659
2 6660
1 6661
1 6662
2 6663
5 6664
5 6667
2 6668
2 6669
2 6670
2 6671
3 6672
3 6673
1 6675
2 6678
4 6679
1 6680
1 6681
3 6682
4 6683
4 6684
2 6685
3 6686
1 6687
1 6688
2 6689
2 6690
2 6691
1 6692
2 6695
3 6696
2 6697
2 6698
3 6700
4 6701
2 6702
2 6704
2 6706
3 6709
4 6711
1 6712
3 6713
1 6714
1 6715
1 6716
1 6717
1 6720
1 6721
2 6723
1 6724
5 6725
2 6726
2 6727
1 6729
2 6731
9 6732
3 6733
2 6735
1 6736
4 6737
1 6738
1 6739
1 6740
1 6741
3 6742
4 6743
1 6745
2 6746
1 6747
2 6752
3 6753
2 6754
3 6755
1 6756
1 6758
2 6761
2 6762
1 6763
3 6764
1 6765
1 6767
1 6768
2 6769
2 6770
1 6771
8 6773
2 6774
1 6775
5 6776
3 6777
1 6778
1 6779
4 6780
1 6781
1 6782
3 6784
2 6785
4 6786
2 6787
1 6788
1 6789
2 6790
2 6793
3 6794
4 6795
7 6796
1 6799
2 6800
3 6801
5 6802
3 6803
1 6804
3 6805
2 6806
2 6807
2 6808
2 6810
3 6811
5 6813
3 6814
7 6815
3 6817
2 6818
3 6819
1 6820
1 6821
3 6823
6 6824
3 6826
3 6827
1 6828
3 6830
4 6831
2 6832
1 6833
3 6836
4 6837
2 6838
3 6839
3 6841
1 6842
1 6844
1 6846
1 6848
2 6849
1 6850
2 6852
2 6853
3 6855
2 6857
4 6858
1 6860
2 6863
3 6865
2 6870
2 6871
2 6872
4 6873
2 6874
3 6875
3 6876
4 6878
1 6880
1 6881
2 6883
1 6884
5 6885
2 6887
2 6888
2 6889
2 6890
3 6891
2 6892
1 6893
1 6896
5 6897
1 6898
2 6899
1 6900
2 6901
1 6904
4 6905
1 6906
1 6907
2 6909
2 6911
3 6913
1 6914
2 6916
3 6917
2 6918
1 6919
3 6920
3 6921
3 6923
1 6924
2 6927
2 6929
1 6930
1 6931
1 6932
5 6933
2 6934
2 6935
1 6936
4 6937
2 6938
1 6940
1 6941
1 6942
4 6943
4 6945
1 6947
2 6949
1 6952
2 6953
2 6955
1 6957
2 6958
2 6960
4 6961
2 6962
2 6963
1 6965
4 6966
4 6967
1 6969
2 6970
1 6971
2 6972
2 6973
2 6974
4 6975
2 6977
1 6978
1 6979
2 6981
3 6982
2 6983
1 6984
1 6985
1 6986
3 6989
1 6991
1 6992
1 6993
1 6995
2 6996
1 6998
1 6999
3 7000
5 7001
5 7002
1 7003
3 7004
1 7005
2 7006
2 7007
4 7008
1 7009
1 7010
3 7011
5 7012
1 7013
1 7014
2 7015
1 7019
6 7020
1 7022
3 7023
3 7024
1 7025
1 7026
5 7028
1 7029
4 7030
3 7034
1 7035
2 7036
3 7038
7 7040
5 7042
1 7043
3 7044
1 7045
1 7052
2 7053
1 7054
5 7055
4 7056
1 7058
3 7059
1 7061
3 7062
5 7063
1 7065
3 7066
2 7068
7 7070
1 7072
5 7073
3 7076
1 7077
3 7078
1 7080
1 7081
3 7082
2 7083
1 7084
1 7086
3 7087
1 7088
4 7089
7 7091
3 7093
1 7094
1 7095
1 7096
1 7098
1 7100
1 7101
1 7102
3 7103
3 7104
1 7105
1 7106
2 7107
1 7108
2 7110
3 7111
1 7113
1 7114
1 7116
2 7118
1 7120
3 7121
1 7122
4 7124
1 7129
1 7134
1 7135
5 7136
1 7140
3 7141
2 7142
1 7143
4 7144
1 7147
1 7148
1 7149
2 7150
1 7152
1 7157
2 7158
1 7159
1 7160
2 7163
1 7165
1 7166
1 7167
2 7168
1 7169
1 7170
1 7172
1 7174
1 7176
1 7178
1 7179
1 7180
1 7182
1 7185
1 7186
1 7187
2 7188
3 7190
1 7191
1 7193
1 7196
1 7198
1 7199
1 7200
2 7201
3 7202
1 7207
3 7208
2 7210
1 7211
3 7212
2 7214
3 7216
1 7217
2 7218
1 7223
2 7224
4 7225
3 7226
2 7227
3 7229
1 7230
1 7233
1 7234
1 7235
2 7237
1 7240
2 7242
3 7244
1 7246
1 7248
3 7250
4 7252
1 7253
2 7255
1 7256
1 7257
1 7258
1 7260
2 7265
1 7266
1 7267
1 7268
2 7269
2 7270
2 7271
1 7272
1 7277
1 7278
1 7279
2 7281
1 7283
3 7284
2 7285
2 7286
1 7287
1 7288
1 7290
7 7291
3 7292
1 7293
1 7294
2 7295
1 7299
1 7300
3 7303
1 7305
2 7308
1 7310
1 7311
1 7313
1 7315
1 7316
1 7317
1 7318
3 7321
1 7322
2 7323
2 7324
2 7325
1 7328
1 7329
4 7330
1 7331
4 7335
3 7336
1 7337
1 7338
2 7339
1 7340
3 7341
1 7344
1 7345
4 7346
2 7347
1 7348
1 7351
2 7355
3 7356
4 7357
2 7359
2 7361
1 7363
3 7364
2 7365
1 7369
2 7370
1 7371
3 7372
2 7373
1 7375
4 7377
3 7379
1 7382
3 7383
4 7384
1 7386
6 7387
2 7389
2 7390
2 7391
3 7392
1 7393
2 7394
1 7395
1 7396
1 7398
1 7399
2 7401
1 7403
1 7404
1 7406
1 7409
1 7411
4 7412
2 7414
4 7415
3 7416
4 7418
1 7420
2 7421
1 7422
1 7424
1 7425
2 7426
2 7428
2 7429
3 7431
1 7432
4 7433
1 7434
1 7436
1 7437
3 7439
2 7441
1 7443
1 7445
1 7446
3 7447
3 7449
1 7451
3 7452
2 7454
1 7455
4 7456
2 7458
2 7459
1 7460
1 7461
2 7462
3 7463
1 7464
3 7466
2 7468
1 7470
3 7474
1 7475
1 7477
3 7479
3 7483
1 7486
4 7487
1 7488
1 7489
2 7493
2 7494
2 7496
3 7497
1 7498
4 7499
1 7502
6 7503
1 7504
4 7505
2 7506
2 7507
1 7509
2 7512
1 7513
1 7517
1 7519
2 7520
2 7521
1 7523
3 7525
2 7527
1 7529
1 7531
2 7532
1 7533
3 7534
1 7535
1 7537
3 7539
1 7540
1 7541
1 7542
1 7544
1 7545
2 7547
3 7548
1 7551
3 7556
2 7557
2 7558
1 7562
1 7563
2 7564
6 7566
2 7567
1 7569
1 7570
1 7572
1 7573
1 7576
2 7579
1 7585
1 7587
3 7590
1 7591
1 7592
2 7594
2 7595
2 7597
1 7598
5 7599
1 7601
2 7609
1 7610
1 7611
1 7612
3 7613
2 7614
1 7615
2 7616
1 7617
1 7618
1 7619
4 7620
2 7621
2 7622
2 7625
1 7628
1 7629
1 7635
1 7636
1 7637
4 7638
1 7639
1 7641
3 7642
1 7643
2 7644
1 7647
1 7648
3 7652
2 7654
1 7655
1 7656
3 7657
1 7659
2 7660
2 7661
2 7662
1 7663
2 7664
1 7667
1 7668
2 7669
1 7670
1 7671
1 7672
1 7675
1 7679
2 7681
5 7682
1 7684
4 7685
4 7686
2 7689
1 7690
3 7692
3 7693
1 7694
4 7697
4 7699
1 7700
1 7703
1 7704
1 7705
2 7706
1 7707
4 7709
1 7712
2 7715
1 7718
1 7719
1 7721
2 7725
3 7726
3 7728
1 7731
2 7732
1 7733
1 7734
1 7737
1 7738
1 7739
2 7740
3 7741
1 7742
1 7743
1 7748
4 7749
1 7750
1 7752
1 7753
1 7754
2 7755
1 7758
2 7761
1 7762
4 7766
1 7768
2 7770
1 7772
2 7773
1 7774
4 7777
4 7783
2 7785
3 7787
1 7788
1 7791
2 7792
2 7793
2 7795
1 7803
1 7811
2 7814
2 7816
1 7818
1 7821
2 7822
1 7823
1 7824
1 7827
4 7829
3 7830
1 7831
1 7837
1 7839
1 7840
1 7841
1 7842
1 7845
1 7846
3 7850
1 7854
1 7863
1 7864
3 7865
2 7867
1 7870
3 7872
1 7881
1 7883
1 7884
1 7888
1 7892
1 7894
1 7902
1 7917
3 7918
2 7919
1 7920
1 7923
1 7930
2 7931
1 7933
2 7935
1 7936
2 7939
2 7940
1 7942
2 7948
1 7949
1 7951
1 7952
1 7959
1 7963
1 7964
2 7968
1 7976
1 7979
1 7983
1 7985
1 7992
2 7994
1 8001
1 8002
1 8010
1 8012
1 8022
1 8025
1 8027
1 8037
1 8046
1 8047
1 8054
1 8059
1 8060
1 8064
1 8079
1 8081
2 8086
1 8112
1 8113
1 8118
1 8123
2 8126
1 8138
1 8153
2 8155
2 8167
2 8174
1 8176
1 8177
1 8181
1 8182
2 8204
1 8207
1 8241
1 8245
1 8252
3 8261
1 8287
1 8289
2 8300
1 8315
1 8319
2 8320
3 8328
1 8331
1 8333
1 8337
1 8339
2 8340
1 8379
1 8381
1 8390
1 8392
2 8396
1 8399
1 8443
1 8463
1 8482
2 8483
1 8489
1 8493
1 8509
1 8520
1 8535
1 8538
1 8544
2 8552
1 8561
1 8572
2 8580
2 8595
1 8600
3 8607
1 8615
1 8632
1 8634
1 8644
1 8645
1 8657
2 8666
1 8679
1 8687
1 8704
1 8705
1 8707
1 8713
1 8732
1 8734
1 8765
2 8767
3 8776
3 8790
1 8799
1 8809
1 8811
1 8816
1 8835
1 8836
2 8843
1 8846
1 8870
1 8922
2 8929
1 8939
1 8968
1 8973
1 9029
1 9052
2 9062
2 9070
1 9079
1 9080
1 9081
2 9082
1 9086
1 9088
1 9102
1 9116
1 9153
1 9154
1 9180
1 9199
1 9206
1 9208
1 9210
1 9216
1 9223
1 9249
2 9287
1 9292
1 9313
1 9327
2 9367
1 9375
2 9378
1 9402
1 9415
1 9429
1 9439
1 9443
2 9451
1 9455
1 9472
1 9515
1 9526
2 9529
1 9537
1 9540
1 9549
1 9553
1 9562
2 9572
1 9588
2 9616
1 9619
1 9637
2 9706
1 9725
1 9733
3 9748
1 9784
1 9785
1 9786
1 9820
1 9879
2 9913
1 9915
1 10021
1 10035
1 10212
1 10252
1 10365
2 10374
1 10417
1 10441
1 10485
1 10518
1 10650
1 10662
3 10673
2 10741
2 10766
1 10821
1 11219
2 11295
1 11343
1 11388
1 11590
1 11616
1 11626
1 11631
1 11691
1 11874
2 11924
1 11961
2 11995
1 12005
1 12084
1 12173
1 12215
1 12222
1 12232
1 12275
1 12577
1 12617
1 12821
1 12823
2 12866
2 13085
1 13123
1 13140
1 13147
1 13197
1 13303
1 13526
1 13573
1 13630
1 13781
1 13787
1 13941
1 13946
1 13954
1 13955
1 14106
1 14183
1 14194
1 14228
2 14445
1 14604
1 15008
1 15041
1 15125
1 15212
1 15652
1 16562
4 17419
1 17591
1 17956
1 18124
1 18128
1 18163
1 18192
1 18264
1 18272
1 18282
1 18372
1 18408
1 18465
1 18482
1 18494
1 18706
1 19277
1 19337
1 19444
2 19777
1 19789
1 20284
1 21018
1 22233
1 22825
1 22986
2 23235
1 23440
1 23468
1 23500
1 24271
1 25271
1 25443
1 26178
1 28504
1 28624
1 28630
1 28644
2 28844
1 28873
1 29020
1 29522
1 29563
1 31262
1 31288
1 31887
1 32454
1 35157
2 35789
3 35794
1 36048
1 38101
1 38177
1 42450
1 45498
2 45511
1 50640
1 52384
1 56092
1 56993
1 58889
1 59050
1 59891
1 103704
1 103731
1 103733
1 110010
1 116286
1 127145
1 127499
1 128845
1 129120
2 129592
1 132326
1 179213
1 213362
1 227048
1 270705
1 292754
1 315356
2 315439
1 315463
1 335350
1 346869
3 373105
1 393358
1 458658
1 521661
1 548023
1 673479
1 741041
1 855686
1 894698
1 934748
1 1029667
1 1194209
1 1265667
1 1361731
1 1627674
2 1994144
1 2037878
1 2282481
1 2323896
1 2341871
1 2381909
1 2535212
1 2863118
1 2863131
1 2863188
1 2863258
1 2863275
1 2863439
1 2863520
1 2863524
1 2863535
1 2863549
1 2863553
1 2863560
1 2863569
1 2863579
1 2863728
1 2863729
1 2863818
1 2880280
1 2891039
1 2906306
1 2907236
1 3204070
1 3283514
1 4194766
1 4332390
1 4429289
1 4786768
1 5309722
1 5377699
1 5405891
1 5504031
1 5881598
1 6163764
1 6186421
2 6207175
1 6538030
1 6756451
1 7289446
1 7882417
1 7939307
1 8005040
1 8314182
1 8814525
1 9276850
1 9331519
5 9425376
2 9425377
14 9425378
3 9425379
4 9425380
27 9425381
5 9425382
61 9425383
3 9425384
10 9425385
2 9425386
2 9425387
11 9425389
3 9425390
4 9425391
4 9425394
6 9425395
8 9425396
8 9425397
4 9425399
3 9425400
10 9425401
5 9425402
1 9425403
12 9425404
13 9425406
3 9425408
4 9425409
6 9425411
3 9425412
1 9425413
2 9425415
3 9425416
5 9425417
16 9425418
6 9425420
1 9425421
2 9425422
8 9425423
27 9425425
4 9425426
8 9425427
20 9425428
9 9425429
16 9425430
11 9425431
23 9425433
6 9425434
70 9425435
3 9425436
30 9425437
23 9425438
12 9425439
9 9425440
26 9425441
3 9425442
19 9425443
9 9425444
5 9425445
35 9425446
6 9425447
92 9425448
18 9425449
40 9425450
36 9425451
27 9425452
14 9425453
29 9425454
5 9425455
40 9425456
32 9425457
32 9425458
22 9425459
24 9425460
30 9425461
40 9425462
140 9425463
25 9425464
75 9425465
14 9425466
52 9425467
37 9425468
57 9425469
67 9425470
46 9425471
31 9425472
21 9425473
18 9425474
31 9425475
39 9425476
36 9425477
37 9425478
26 9425479
28 9425480
51 9425481
10 9425482
42 9425483
45 9425484
13 9425485
56 9425486
15 9425487
22 9425488
15 9425489
20 9425490
33 9425491
7 9425492
15 9425493
9 9425494
9 9425495
7 9425496
23 9425497
44 9425498
6 9425499
26 9425500
6 9425501
13 9425502
4 9425503
9 9425504
19 9425505
2 9425506
3 9425507
3 9425508
4 9425509
6 9425510
7 9425512
1 9425513
1 9425514
7 9425515
4 9425516
1 9425518
6 9425519
1 9425522
1 9425523
3 9425524
1 9425525
1 9425526
2 9425527
1 9425581
1 9425680
1 9425683
1 9425726
1 9425741
1 9425749
1 9425752
1 9425754
2 9877571
1 9877572
1 9877574
3 9877576
4 9877577
3 9877578
2 9877579
1 9877581
4 9877582
10 9877583
2 9877584
4 9877585
10 9877587
8 9877588
6 9877589
7 9877591
8 9877593
4 9877594
10 9877595
3 9877596
20 9877597
3 9877599
13 9877600
44 9877601
30 9877602
14 9877603
14 9877604
3 9877605
28 9877606
1 9877607
80 9877608
3 9877609
15 9877610
4 9877611
71 9877612
2 9877613
37 9877614
7 9877616
10 9877617
2 9877619
10 9877620
1 9877621
1 9877622
2 9877623
1 9877627
1 9877633
1 9877640
2 9877702
2 9877703
2 9877704
19 9877706
13 9877707
5 9877708
15 9877709
2 9877710
1 9877711
1 9877712
1 9877714
5 9877716
15 9877717
4 9877718
3 9877719
4 9877720
5 9877721
6 9877722
2 9877723
3 9877724
5 9877725
1 9877726
1 9877729
1 9877730
5 9877732
3 9877734
1 9877737
2 9877738
1 9877739
1 9877771
1 9880130
1 10141268
1 10141469
1 10141481
1 10141495
1 10141513
1 10141549
1 10141559
1 10141572
1 10141587
1 10141594
1 10141601
2 10141607
1 10141618
1 10141627
1 10217038
1 10743840
1 10946019
1 10948072
1 11930598
1 11995486
1 12149712
1 12376888
1 12581258
1 12721754
1 12908183
1 13899697
1 13915780
1 14133960
1 14270778
1 14586933
1 14977122
1 15022186
1 15131997
1 15145068
1 15150030
1 15188880
2 15284496
1 15412297
1 15599926
1 15917772
1 15928174
2 16157105
2 16157113
1 16157117
1 16157118
1 16157136
1 16157140
2 16157154
2 16157195
2 16157202
1 16157209
2 16157210
3 16157213
2 16157226
1 16157227
1 16157230
1 16157236
2 16157253
1 16157256
1 16157267
1 16157279
1 16157297
1 16157300
1 16157316
1 16157333
1 16157337
2 16157351
1 16157356
1 16157395
1 16157532
1 16157539
1 16157557
1 16157561
1 16157579
1 16157594
1 16157605
1 16157754
1 16586742
1 16921448
1 17962734
1 18640723
1 18734195
1 18734392
1 18734397
1 18734398
1 18734419
1 18734421
1 18749343
1 19587252
1 19675991
1 20024135
1 20075392
2 20394516
1 20613414
1 20819155
1 21785183
1 22639106
1 22674545
1 22796761
1 22973272
1 23201348
1 23364176
1 23482799
1 23845460
1 24693660
1 24732668
1 25043484
1 25112618
1 25139154
1 25409686
1 26123010
1 26166536
1 26351712
1 26391020
1 26768385
1 27011002
1 27034834
1 27388966
1 27511747
1 27703621
1 27711874
1 28073507
1 28211344
1 28412648
1 28717377
1 28726660
1 29772898
1 29880411
1 30102244
1 30259889
1 30692046
1 30746980
1 30766021
1 32125648
1 32448742
1 32759908
1 33309497
1 33342601
1 33628881
1 33662052
1 34941767
1 35006542
1 35754686
1 35876094
1 36075128
1 37443785
1 37827856
1 38090620
1 38465251
2 38675913
1 38857830
1 38989564
1 39070362
1 39613364
1 40634311
1 40637643
1 40650780
1 40728326
1 40927136
1 41128920
1 41521751
1 41532722
1 41580532
1 41658972
1 41748758
1 41980996
1 42161675
1 42321082
1 43000452
1 43594206
2 43861727
1 43861978
1 43862328
1 43931871
1 43982895
1 44024184
1 44277685
1 44509102
1 44584151
1 45218294
1 46082671
2 46575731
1 46670022
1 47395619
1 47624221
1 47920635
2 48067802
1 48135095
1 48381821
1 48524844
1 49106842
1 49107780
1 49713894
1 49847947
1 50526382
1 51489259
1 51643375
1 51654340
1 51954767
1 52655136
1 52795602
1 53379994
1 54174714
1 54539721
1 54872468
1 55185793
1 55185826
1 55185829
1 55558179
1 55992423
1 56735167
1 57269512
1 57280622
1 57868191
1 58453483
1 58882056
1 58982215
1 59060527
1 59296068
1 59502539
1 59502639
1 59989021
1 60488796
2 60525360
1 60999336
1 61203018
1 61541083
1 61797500
1 61866808
1 62438806
1 62834471
1 63398078
1 63744357
1 64523665
1 64937927
1 65175632
1 65408403
1 65850288
1 66246143
1 66985744
1 67165244
1 67578196
1 67894839
1 68521821
1 68709566
1 68938757
1 69075729
1 69218110
1 69694218
1 69908119
1 70961866
1 71371879
1 71940561
1 72101668
1 73255334
1 73283365
1 74524256
1 77071866
1 77579637
1 78045842
1 78802543
1 79109995
1 79379687
1 79585019
1 79719227
1 80021320
1 80069313
1 81199831
1 81538704
1 81798555
1 82107921
1 82339069
1 82708969
1 83714588
1 83839272
1 84622947
1 85369134
1 85562882
1 85775823
1 86324707
1 87628249
1 88459873
1 89419821
1 89878533
1 90034802
1 90872083
1 91310448
1 91990028
1 92007299
1 92436300
1 92436332
2 92436436
2 92436490
1 93149793
1 93149810
2 93149812
2 93149815
5 93149820
2 93149823
2 93149824
4 93149825
1 93149826
1 93149828
3 93149829
1 93149832
2 93149834
4 93149836
1 93149837
8 93149838
5 93149839
2 93149841
6 93149842
1 93149843
6 93149844
5 93149845
9 93149846
3 93149847
1 93149848
4 93149849
1 93149850
5 93149852
5 93149853
8 93149854
10 93149855
3 93149856
21 93149857
13 93149858
2 93149859
4 93149860
2 93149861
16 93149862
12 93149863
11 93149864
11 93149865
2 93149866
12 93149867
26 93149868
12 93149869
3 93149870
6 93149871
19 93149873
13 93149874
5 93149875
7 93149876
19 93149878
3 93149879
3 93149880
7 93149881
15 93149882
10 93149883
10 93149884
7 93149885
8 93149886
1 93149887
4 93149888
3 93149889
11 93149890
3 93149891
9 93149892
1 93149895
4 93149897
7 93149899
7 93149900
2 93149960
1 93149963
1 93149978
1 93149979
2 93149984
1 93149992
1 93149997
1 93149998
2 93150002
1 93150004
1 93150021
1 93150022
1 94111687
1 94679548
1 95063675
1 95274127
1 95924552
1 98758885
1 99128041
1 99182145
1 99308363
1 99658835
1 100029028
1 100976392
1 101795789
1 102348812
1 102520616
2 103027339
3 103027344
2 103027352
3 103027354
2 103027357
3 103027358
3 103027359
3 103027361
1 103027362
1 103027363
2 103027364
2 103027365
2 103027369
1 103027370
1 103027372
1 103027374
1 103027375
2 103027376
1 103027377
8 103027378
1 103027380
1 103027383
1 103027385
3 103027386
7 103027387
9 103027388
6 103027389
8 103027390
1 103027392
7 103027393
6 103027394
6 103027395
1 103027396
1 103027397
3 103027398
7 103027399
3 103027400
4 103027402
12 103027403
2 103027404
9 103027405
3 103027406
2 103027407
5 103027408
1 103027409
3 103027410
2 103027411
3 103027412
2 103027413
4 103027414
4 103027415
3 103027416
4 103027417
6 103027418
5 103027419
1 103027420
7 103027421
1 103027422
4 103027424
1 103027426
1 103027429
1 103027430
1 103027431
1 103027433
1 103027435
1 103027438
1 103027439
1 103027447
1 103027449
1 103027464
1 103027465
7 103027466
4 103027467
2 103027468
4 103027469
1 103027470
2 103027471
3 103027472
1 103027473
2 103027474
5 103027476
5 103027477
2 103027478
8 103027479
6 103027480
4 103027481
6 103027482
4 103027483
4 103027484
9 103027485
1 103027486
3 103027487
2 103027489
5 103027490
2 103027491
2 103027492
4 103027493
3 103027494
15 103027495
6 103027496
4 103027497
4 103027498
7 103027499
4 103027500
5 103027501
1 103027503
6 103027504
10 103027505
41 103027506
4 103027507
8 103027509
3 103027510
53 103027511
21 103027512
11 103027513
20 103027514
5 103027515
26 103027516
6 103027517
21 103027518
4 103027519
18 103027520
21 103027521
16 103027522
17 103027523
4 103027524
16 103027525
2 103027526
12 103027527
12 103027528
14 103027529
30 103027530
17 103027531
9 103027532
3 103027533
7 103027535
6 103027536
24 103027537
8 103027538
11 103027539
2 103027540
1 103027541
3 103027542
4 103027543
9 103027544
6 103027545
15 103027546
4 103027547
1 103027548
1 103027549
4 103027550
4 103027551
7 103027552
5 103027553
14 103027554
14 103027555
12 103027560
6 103027561
2 103027562
1 103027563
1 103027564
9 103027565
4 103027567
3 103027568
8 103027569
20 103027570
14 103027571
7 103027572
1 103027573
2 103027576
15 103027577
10 103027579
1 103027584
1 103027585
2 103027586
2 103027588
1 103036924
1 103980922
1 104414841
1 104873478
1 104935085
1 105100176
1 105425828
1 106269273
1 107404633
1 111154097
1 111479997
1 111738224
1 112254377
1 113427416
1 115569514
1 115933183
1 116151899
1 121186839
1 121463876
1 137895261
1 146208252
1 146306296
1 148847793
1 149132037
2 160537312
1 160537448
1 167227184
