5 34
3439 35
4713 36
4944 37
5440 38
7364 39
10788 40
15480 41
15128 42
11768 43
11287 44
10739 45
9632 46
8385 47
8447 48
9707 49
13798 50
19155 51
19305 52
14438 53
13253 54
12729 55
11645 56
10381 57
9933 58
10371 59
12290 60
14179 61
15175 62
14735 63
15136 64
15116 65
15006 66
12581 67
11235 68
11422 69
12203 70
13918 71
15534 72
15940 73
17341 74
20359 75
25541 76
16106 77
15276 78
14838 79
16431 80
19807 81
18491 82
18007 83
17856 84
17219 85
16999 86
17553 87
14982 88
14687 89
15098 90
15881 91
16869 92
17507 93
17147 94
16892 95
16676 96
15970 97
15168 98
15167 99
15075 100
14936 101
15951 102
15963 103
16822 104
17590 105
16777 106
16801 107
16278 108
15856 109
15524 110
15766 111
15764 112
16747 113
16847 114
18248 115
18047 116
17699 117
17104 118
16943 119
16693 120
16285 121
16693 122
18014 123
18830 124
20800 125
18432 126
19682 127
17801 128
18404 129
16695 130
16874 131
17741 132
17456 133
18247 134
18707 135
23339 136
31305 137
34825 138
28103 139
20363 140
18545 141
17718 142
17453 143
17893 144
18796 145
21755 146
28557 147
34387 148
33867 149
30468 150
28888 151
26258 152
23131 153
23048 154
23955 155
27533 156
35115 157
43734 158
48291 159
44654 160
39096 161
35773 162
36456 163
44329 164
61146 165
91289 166
119748 167
119364 168
99473 169
81816 170
74577 171
66612 172
67039 173
79326 174
104170 175
126255 176
135509 177
125217 178
110610 179
102606 180
99608 181
93147 182
89616 183
93904 184
105080 185
113244 186
117515 187
113663 188
106525 189
99695 190
96693 191
96649 192
101923 193
109840 194
119442 195
124322 196
121107 197
116207 198
110972 199
107749 200
107652 201
110535 202
111636 203
116223 204
119760 205
121055 206
120866 207
117554 208
115191 209
114868 210
118286 211
121510 212
123659 213
123729 214
122218 215
119532 216
116937 217
115052 218
113651 219
113183 220
115193 221
117020 222
119252 223
119320 224
117179 225
113895 226
111372 227
108667 228
105184 229
104332 230
104750 231
105299 232
107269 233
106695 234
104758 235
102119 236
98845 237
95307 238
92759 239
90550 240
89403 241
90043 242
91539 243
89189 244
87872 245
86627 246
83482 247
81203 248
78307 249
75889 250
73611 251
72968 252
72487 253
72224 254
72158 255
70411 256
69854 257
67629 258
65396 259
63706 260
60839 261
59976 262
58696 263
58737 264
59177 265
57932 266
57221 267
56335 268
54815 269
52866 270
51485 271
50596 272
49856 273
48908 274
48932 275
49261 276
49210 277
48675 278
47288 279
46372 280
44903 281
44176 282
43583 283
42870 284
42775 285
43199 286
44262 287
44317 288
44269 289
43475 290
42681 291
41632 292
40338 293
40181 294
40127 295
41265 296
42057 297
43213 298
44066 299
43881 300
43787 301
42315 302
41145 303
40075 304
40085 305
40815 306
42584 307
43750 308
45795 309
46623 310
46702 311
45722 312
44270 313
43600 314
42974 315
43953 316
44819 317
46415 318
49174 319
50415 320
51018 321
50967 322
49503 323
48633 324
48120 325
48466 326
48427 327
49916 328
51886 329
53056 330
54436 331
54729 332
54320 333
53349 334
53183 335
53445 336
53580 337
54756 338
56221 339
57460 340
58835 341
59021 342
59605 343
59239 344
59377 345
59163 346
59622 347
59776 348
60255 349
61923 350
62509 351
63150 352
64051 353
64637 354
64716 355
65485 356
65594 357
65251 358
65653 359
65037 360
65868 361
65169 362
65625 363
66595 364
66270 365
67703 366
67687 367
67507 368
67764 369
67438 370
66630 371
65608 372
65637 373
64881 374
65608 375
65497 376
65766 377
66297 378
66240 379
66214 380
65794 381
65150 382
64798 383
63791 384
62789 385
62699 386
62556 387
62948 388
62595 389
62675 390
62772 391
62301 392
61555 393
60279 394
59553 395
58869 396
57726 397
57879 398
57415 399
56975 400
57717 401
57448 402
57287 403
56500 404
55333 405
54280 406
53163 407
52112 408
51610 409
51661 410
51677 411
50797 412
50833 413
50202 414
49378 415
48077 416
47442 417
46745 418
45324 419
45660 420
44827 421
44151 422
43688 423
43232 424
43161 425
42179 426
40888 427
40380 428
39520 429
38318 430
38046 431
37750 432
37290 433
37063 434
36189 435
35192 436
34819 437
33652 438
33499 439
32113 440
31715 441
31456 442
30943 443
30385 444
30230 445
29548 446
28795 447
28585 448
28042 449
27311 450
26879 451
26483 452
26492 453
25766 454
25446 455
25330 456
24794 457
24974 458
24380 459
23844 460
24025 461
23596 462
23351 463
22902 464
23239 465
22917 466
22499 467
22299 468
22221 469
22124 470
22070 471
21791 472
21355 473
21735 474
21614 475
21680 476
21729 477
21229 478
21101 479
20817 480
20779 481
20575 482
20647 483
20544 484
20703 485
20637 486
20950 487
20484 488
20736 489
19992 490
20107 491
20500 492
20268 493
20361 494
20433 495
20554 496
20726 497
20471 498
20695 499
20964 500
21089 501
20647 502
20758 503
20581 504
20618 505
21019 506
20696 507
21250 508
21480 509
21377 510
21459 511
21053 512
21164 513
21295 514
21273 515
21149 516
21655 517
21658 518
21561 519
21857 520
21811 521
21781 522
21746 523
22027 524
21616 525
21782 526
21868 527
21909 528
21767 529
22201 530
22030 531
22234 532
22323 533
22777 534
22205 535
22221 536
22161 537
22147 538
22139 539
22034 540
22448 541
22386 542
22103 543
22345 544
22375 545
22037 546
22182 547
21879 548
22063 549
21848 550
21773 551
22194 552
21586 553
21930 554
21656 555
21468 556
21640 557
21801 558
21248 559
21227 560
20840 561
20858 562
21073 563
20921 564
20517 565
20501 566
20340 567
20332 568
20137 569
19960 570
19558 571
19586 572
19678 573
19243 574
19390 575
19339 576
19078 577
19144 578
18777 579
18807 580
18991 581
18409 582
18472 583
18321 584
18040 585
17966 586
17877 587
17587 588
17383 589
17143 590
17219 591
17165 592
16900 593
16492 594
16806 595
16679 596
16324 597
15880 598
15678 599
15774 600
15673 601
15266 602
15166 603
14966 604
14909 605
14465 606
14468 607
14276 608
13957 609
13955 610
13757 611
13781 612
13646 613
13242 614
13033 615
13170 616
12837 617
12757 618
12342 619
12503 620
12254 621
11981 622
11942 623
11576 624
11516 625
11370 626
11145 627
11264 628
11015 629
10866 630
10891 631
10759 632
10625 633
10611 634
10414 635
10208 636
10137 637
10287 638
10171 639
9912 640
9892 641
9848 642
9892 643
9490 644
9779 645
9560 646
9380 647
9431 648
9340 649
9048 650
9154 651
9276 652
9275 653
9026 654
8943 655
8658 656
8922 657
8735 658
8800 659
8652 660
8664 661
8781 662
8549 663
8575 664
8359 665
8369 666
8381 667
8326 668
8451 669
8351 670
8373 671
8345 672
8213 673
8262 674
8099 675
8090 676
8107 677
8118 678
8239 679
8121 680
8046 681
8058 682
7962 683
8100 684
7998 685
8121 686
8090 687
8134 688
8060 689
8069 690
8017 691
8068 692
7979 693
8084 694
8105 695
7998 696
8117 697
8169 698
8093 699
8009 700
8107 701
8303 702
7893 703
7843 704
8063 705
7865 706
7945 707
7903 708
7934 709
8220 710
7856 711
7821 712
7791 713
7696 714
7718 715
7723 716
7873 717
7563 718
7935 719
7773 720
7708 721
7487 722
7738 723
7482 724
7604 725
7494 726
7526 727
7489 728
7157 729
7269 730
7302 731
7454 732
7343 733
7177 734
7299 735
7083 736
7056 737
7080 738
7026 739
6982 740
6785 741
6959 742
6863 743
6747 744
6902 745
6730 746
6720 747
6698 748
6622 749
6599 750
6730 751
6506 752
6464 753
6528 754
6269 755
6415 756
6369 757
6354 758
6268 759
6237 760
6130 761
6096 762
6059 763
6046 764
5854 765
5944 766
5590 767
5819 768
5756 769
5736 770
5688 771
5708 772
5509 773
5541 774
5413 775
5327 776
5311 777
5291 778
5126 779
5169 780
5131 781
5036 782
5027 783
5023 784
4791 785
4936 786
4857 787
4742 788
4651 789
4717 790
4615 791
4469 792
4469 793
4433 794
4458 795
4214 796
4254 797
4274 798
4267 799
4067 800
4082 801
4077 802
4089 803
4010 804
3913 805
3916 806
3910 807
3983 808
3932 809
3869 810
3683 811
3853 812
3716 813
3651 814
3690 815
3591 816
3654 817
3540 818
3644 819
3591 820
3506 821
3533 822
3428 823
3472 824
3276 825
3333 826
3292 827
3356 828
3519 829
3307 830
3286 831
3150 832
3185 833
3164 834
3168 835
3166 836
3104 837
3125 838
3048 839
3052 840
3017 841
3009 842
2936 843
2901 844
2768 845
2914 846
2902 847
2795 848
2843 849
2865 850
2781 851
2800 852
2698 853
2778 854
2666 855
2837 856
2675 857
2695 858
2690 859
2675 860
2581 861
2590 862
2637 863
2691 864
2662 865
2604 866
2515 867
2660 868
2675 869
2659 870
2572 871
2573 872
2522 873
2545 874
2775 875
2717 876
2676 877
2741 878
2730 879
2649 880
2646 881
2575 882
2467 883
2733 884
2603 885
2516 886
2617 887
2474 888
2536 889
2429 890
2488 891
2446 892
2457 893
2368 894
2378 895
2369 896
2329 897
2266 898
2308 899
2305 900
2229 901
2331 902
2193 903
2133 904
2226 905
2133 906
2136 907
2211 908
2165 909
2065 910
2072 911
2022 912
2028 913
2027 914
2041 915
1935 916
2012 917
2015 918
1977 919
1988 920
1917 921
1903 922
1876 923
1951 924
1880 925
1932 926
1853 927
1901 928
1851 929
1855 930
1873 931
2055 932
1897 933
1942 934
1737 935
1836 936
1863 937
1849 938
1946 939
1703 940
1833 941
1810 942
1760 943
2181 944
1766 945
1741 946
1761 947
1736 948
1766 949
1798 950
1723 951
1641 952
1577 953
1555 954
1522 955
1728 956
1476 957
1476 958
1523 959
1428 960
1504 961
1408 962
1379 963
1389 964
1390 965
1338 966
1302 967
1273 968
1271 969
1298 970
1274 971
1294 972
1248 973
1193 974
1275 975
1283 976
1218 977
1204 978
1194 979
1167 980
1134 981
1166 982
1197 983
1208 984
1173 985
1243 986
1211 987
1313 988
1203 989
1208 990
1276 991
1204 992
1370 993
1395 994
1266 995
1215 996
1155 997
1357 998
1395 999
1337 1000
680 1001
610 1002
595 1003
570 1004
604 1005
571 1006
502 1007
549 1008
552 1009
529 1010
500 1011
523 1012
525 1013
494 1014
494 1015
490 1016
512 1017
503 1018
452 1019
491 1020
476 1021
453 1022
436 1023
481 1024
433 1025
424 1026
462 1027
446 1028
431 1029
485 1030
495 1031
473 1032
488 1033
443 1034
446 1035
348 1036
347 1037
420 1038
358 1039
364 1040
402 1041
370 1042
347 1043
343 1044
334 1045
337 1046
359 1047
310 1048
341 1049
330 1050
333 1051
298 1052
324 1053
340 1054
328 1055
313 1056
303 1057
298 1058
289 1059
275 1060
266 1061
272 1062
252 1063
261 1064
270 1065
265 1066
255 1067
224 1068
268 1069
236 1070
245 1071
249 1072
203 1073
227 1074
240 1075
210 1076
238 1077
212 1078
254 1079
214 1080
212 1081
214 1082
212 1083
215 1084
245 1085
228 1086
198 1087
199 1088
193 1089
192 1090
196 1091
200 1092
189 1093
194 1094
188 1095
185 1096
183 1097
214 1098
181 1099
214 1100
169 1101
195 1102
179 1103
183 1104
173 1105
158 1106
165 1107
147 1108
159 1109
159 1110
157 1111
163 1112
156 1113
139 1114
156 1115
144 1116
178 1117
171 1118
148 1119
137 1120
131 1121
129 1122
131 1123
150 1124
128 1125
120 1126
119 1127
117 1128
126 1129
122 1130
128 1131
126 1132
122 1133
99 1134
105 1135
108 1136
91 1137
107 1138
121 1139
120 1140
98 1141
86 1142
99 1143
87 1144
93 1145
129 1146
103 1147
107 1148
96 1149
72 1150
91 1151
100 1152
96 1153
74 1154
78 1155
83 1156
83 1157
103 1158
70 1159
78 1160
81 1161
100 1162
89 1163
92 1164
72 1165
86 1166
70 1167
83 1168
75 1169
68 1170
72 1171
79 1172
77 1173
56 1174
66 1175
74 1176
44 1177
72 1178
56 1179
62 1180
58 1181
60 1182
68 1183
48 1184
58 1185
63 1186
58 1187
62 1188
65 1189
52 1190
64 1191
43 1192
44 1193
51 1194
46 1195
53 1196
49 1197
46 1198
46 1199
45 1200
31 1201
42 1202
49 1203
46 1204
42 1205
37 1206
38 1207
46 1208
36 1209
34 1210
36 1211
50 1212
37 1213
38 1214
40 1215
32 1216
37 1217
35 1218
32 1219
33 1220
32 1221
31 1222
33 1223
31 1224
44 1225
26 1226
32 1227
27 1228
20 1229
33 1230
22 1231
29 1232
28 1233
30 1234
24 1235
33 1236
33 1237
19 1238
16 1239
22 1240
31 1241
27 1242
22 1243
33 1244
31 1245
17 1246
23 1247
22 1248
28 1249
22 1250
19 1251
24 1252
13 1253
20 1254
26 1255
22 1256
14 1257
23 1258
23 1259
26 1260
25 1261
19 1262
35 1263
13 1264
15 1265
20 1266
18 1267
20 1268
13 1269
15 1270
28 1271
23 1272
10 1273
17 1274
21 1275
10 1276
21 1277
14 1278
16 1279
16 1280
17 1281
19 1282
25 1283
13 1284
13 1285
15 1286
8 1287
14 1288
13 1289
16 1290
15 1291
8 1292
16 1293
11 1294
12 1295
13 1296
8 1297
12 1298
5 1299
16 1300
12 1301
9 1302
11 1303
15 1304
14 1305
16 1306
19 1307
16 1308
7 1309
4 1310
6 1311
7 1312
14 1313
12 1314
9 1315
10 1316
7 1317
17 1318
8 1319
7 1320
9 1321
9 1322
8 1323
9 1324
12 1325
12 1326
15 1327
10 1328
9 1329
8 1330
9 1331
5 1332
11 1333
13 1334
7 1335
10 1336
8 1337
6 1338
4 1339
6 1340
11 1341
6 1342
7 1343
6 1344
5 1345
8 1346
8 1347
8 1348
5 1349
1 1350
9 1351
3 1352
1 1353
3 1354
5 1355
4 1356
5 1357
7 1358
3 1359
6 1360
10 1361
6 1362
4 1363
6 1364
10 1365
2 1366
2 1367
5 1368
7 1370
4 1371
9 1372
6 1373
5 1374
4 1375
8 1376
5 1377
7 1378
6 1379
4 1380
2 1381
3 1382
4 1383
3 1384
10 1385
5 1386
4 1387
3 1388
4 1389
5 1390
3 1391
2 1392
1 1393
3 1394
3 1395
4 1396
7 1397
6 1398
4 1399
3 1400
6 1401
2 1402
4 1403
4 1404
2 1405
4 1406
4 1407
3 1408
3 1409
2 1410
1 1411
3 1412
2 1413
3 1414
4 1415
5 1416
8 1417
7 1418
6 1419
3 1420
3 1421
5 1422
6 1423
3 1424
5 1425
3 1426
3 1427
4 1428
3 1429
6 1430
2 1431
2 1432
4 1433
7 1434
5 1435
5 1436
5 1437
2 1438
5 1439
5 1440
1 1441
2 1442
4 1443
5 1444
4 1445
3 1446
3 1448
2 1449
2 1450
1 1451
1 1452
2 1453
3 1454
1 1455
5 1456
4 1457
6 1458
2 1459
3 1460
2 1461
5 1462
3 1463
3 1464
3 1465
4 1466
1 1468
3 1469
4 1470
1 1471
1 1475
3 1476
5 1477
2 1478
4 1479
4 1480
3 1481
2 1482
6 1483
5 1484
2 1485
4 1486
2 1487
3 1488
1 1489
1 1490
4 1491
1 1492
6 1493
1 1494
3 1495
1 1496
2 1497
3 1498
2 1499
4 1500
3 1501
5 1502
1 1503
1 1504
2 1505
5 1506
5 1507
3 1508
5 1509
3 1510
4 1511
3 1512
3 1513
2 1514
4 1515
4 1516
3 1517
2 1519
7 1520
3 1521
3 1522
1 1523
7 1524
5 1525
4 1526
2 1527
8 1528
6 1529
3 1530
2 1531
4 1532
4 1533
5 1534
1 1535
6 1536
3 1537
1 1538
2 1540
3 1541
2 1542
1 1543
3 1544
3 1545
3 1546
2 1547
2 1548
3 1549
3 1550
2 1551
3 1552
2 1553
2 1554
2 1555
3 1556
1 1557
3 1558
4 1559
3 1560
6 1562
2 1563
5 1564
2 1565
3 1567
4 1568
3 1569
2 1570
2 1571
1 1572
2 1573
5 1574
3 1575
2 1576
3 1577
3 1578
1 1579
1 1580
1 1581
4 1582
1 1583
1 1584
1 1585
2 1587
1 1588
7 1589
2 1591
3 1592
2 1593
2 1594
1 1595
3 1596
3 1597
3 1598
4 1599
4 1600
2 1601
2 1602
5 1603
2 1604
4 1606
6 1607
2 1608
5 1609
1 1610
3 1611
2 1612
1 1613
1 1614
5 1616
2 1617
5 1618
4 1619
1 1620
2 1621
3 1622
4 1623
3 1624
1 1625
1 1626
1 1627
3 1629
3 1630
1 1631
1 1632
3 1634
3 1636
3 1637
4 1638
2 1639
4 1640
1 1641
2 1642
3 1643
1 1644
3 1645
2 1646
3 1647
1 1648
3 1649
3 1653
1 1654
7 1655
2 1656
1 1658
2 1659
2 1660
1 1661
1 1662
2 1663
4 1664
1 1665
2 1666
1 1667
1 1668
1 1669
1 1670
2 1671
4 1672
1 1673
3 1674
5 1676
3 1677
3 1678
3 1679
4 1680
3 1681
2 1682
1 1683
3 1684
6 1685
4 1686
3 1687
2 1688
1 1689
2 1690
2 1691
1 1693
1 1695
3 1696
1 1698
4 1699
4 1701
4 1702
2 1703
1 1704
2 1705
2 1706
4 1707
2 1708
1 1709
6 1710
2 1711
3 1712
2 1713
3 1715
1 1716
3 1717
2 1718
2 1720
3 1722
3 1723
2 1724
4 1728
1 1729
3 1731
3 1732
1 1734
1 1735
1 1736
1 1737
1 1738
3 1739
1 1740
1 1741
2 1742
5 1743
1 1745
1 1746
1 1747
1 1748
1 1749
3 1750
1 1751
2 1753
3 1754
5 1755
1 1756
3 1758
1 1760
4 1761
2 1762
2 1763
2 1764
1 1765
2 1766
2 1767
1 1768
2 1770
2 1772
2 1773
1 1774
1 1775
1 1777
1 1778
1 1779
1 1780
1 1782
1 1783
3 1785
1 1786
3 1787
4 1788
1 1789
3 1790
3 1791
1 1792
1 1793
1 1794
1 1795
1 1796
1 1797
2 1798
4 1799
1 1800
1 1801
2 1803
2 1804
1 1805
2 1806
1 1807
1 1808
3 1810
3 1811
5 1812
1 1813
1 1814
2 1815
2 1816
1 1817
1 1818
3 1820
2 1821
1 1822
2 1823
2 1824
2 1825
3 1826
1 1827
1 1828
2 1829
3 1830
1 1831
1 1832
1 1833
1 1835
1 1838
1 1839
2 1840
3 1841
1 1843
1 1845
6 1847
2 1848
4 1849
2 1850
2 1851
1 1853
2 1854
2 1857
1 1859
5 1860
1 1861
1 1862
1 1863
1 1864
1 1865
2 1867
2 1869
1 1870
2 1874
2 1877
1 1878
2 1879
1 1880
3 1881
3 1882
1 1883
2 1885
1 1886
2 1888
5 1890
2 1891
2 1893
1 1894
1 1896
1 1897
3 1898
4 1900
3 1902
3 1903
3 1904
1 1907
2 1909
2 1910
6 1911
4 1912
4 1913
1 1915
1 1917
4 1918
2 1921
2 1925
2 1926
3 1927
2 1928
1 1929
1 1930
3 1931
1 1932
1 1933
3 1934
1 1935
1 1936
1 1937
3 1938
2 1939
1 1940
3 1941
1 1942
1 1943
1 1944
1 1945
1 1947
1 1949
2 1950
3 1952
2 1953
1 1954
1 1955
5 1956
1 1959
3 1961
1 1963
3 1964
1 1965
1 1966
1 1967
2 1970
3 1971
1 1972
1 1974
5 1975
4 1976
2 1977
3 1979
2 1980
1 1981
2 1982
2 1984
2 1986
2 1987
1 1989
2 1991
2 1992
1 1994
1 1995
2 1998
1 1999
1 2001
3 2002
3 2003
1 2006
1 2007
4 2008
2 2009
1 2010
3 2011
4 2012
1 2013
1 2015
1 2016
3 2017
2 2018
2 2019
1 2020
2 2021
2 2022
1 2023
1 2025
2 2026
1 2028
1 2029
1 2030
1 2032
1 2033
3 2034
3 2037
1 2038
3 2039
1 2040
1 2042
2 2043
1 2044
1 2045
3 2046
1 2048
4 2049
1 2050
2 2051
1 2052
1 2054
3 2055
1 2056
1 2057
5 2058
1 2060
1 2061
2 2062
2 2063
2 2064
2 2066
1 2067
1 2068
2 2069
1 2070
3 2071
1 2072
1 2073
1 2075
4 2076
3 2077
3 2078
3 2081
2 2082
6 2083
1 2084
1 2085
2 2086
1 2087
3 2088
3 2089
3 2093
2 2094
2 2095
1 2096
1 2097
2 2098
1 2099
2 2100
1 2101
3 2102
1 2103
1 2104
1 2105
1 2106
3 2107
3 2110
2 2111
2 2112
1 2113
2 2114
2 2116
1 2118
1 2119
2 2120
4 2122
2 2123
1 2124
3 2126
3 2127
5 2128
1 2129
2 2130
2 2131
2 2132
2 2134
1 2135
3 2136
1 2138
1 2139
1 2142
1 2143
3 2144
1 2145
2 2147
2 2150
2 2151
3 2152
2 2153
1 2155
1 2156
1 2157
4 2158
4 2159
4 2160
1 2161
2 2164
3 2166
4 2167
1 2168
1 2169
5 2173
1 2174
1 2177
2 2178
3 2179
6 2180
1 2181
4 2182
2 2183
1 2184
1 2185
1 2186
2 2187
1 2188
1 2189
1 2190
3 2192
3 2194
1 2195
2 2196
1 2199
1 2200
1 2201
1 2202
1 2204
1 2205
3 2206
2 2207
2 2208
4 2210
1 2211
2 2212
2 2213
2 2217
3 2218
2 2221
1 2222
3 2225
1 2226
1 2227
1 2228
6 2229
1 2230
4 2231
3 2234
4 2235
3 2238
2 2240
3 2242
1 2243
1 2245
4 2246
2 2247
4 2251
1 2254
2 2255
3 2256
3 2257
1 2258
2 2259
3 2260
2 2262
5 2263
2 2264
1 2266
1 2267
2 2269
2 2270
2 2271
1 2272
1 2273
2 2274
3 2275
1 2277
5 2278
3 2279
3 2280
3 2281
2 2283
1 2285
2 2286
5 2287
1 2288
1 2289
4 2290
4 2291
3 2292
1 2295
4 2296
2 2297
3 2298
3 2299
1 2300
2 2301
2 2302
2 2303
2 2304
3 2305
3 2307
2 2308
2 2309
1 2310
1 2311
4 2312
2 2313
1 2315
1 2316
4 2317
1 2318
4 2319
3 2321
1 2322
1 2323
2 2324
1 2325
1 2327
1 2328
1 2329
1 2331
2 2332
2 2333
1 2335
1 2339
1 2342
2 2343
1 2344
1 2345
2 2346
1 2347
1 2348
3 2350
2 2352
1 2354
2 2358
1 2360
3 2361
4 2364
2 2365
3 2366
1 2367
1 2368
1 2369
1 2370
2 2371
1 2374
2 2375
3 2378
1 2379
1 2380
1 2381
1 2383
1 2384
2 2385
6 2386
1 2387
2 2389
1 2391
1 2392
1 2393
2 2394
1 2396
1 2397
1 2398
2 2401
1 2402
3 2405
2 2406
2 2409
2 2410
1 2412
2 2414
4 2416
3 2417
2 2418
3 2419
4 2421
1 2423
5 2424
3 2425
1 2426
2 2427
1 2428
2 2429
1 2430
1 2431
1 2432
1 2433
1 2435
1 2436
3 2437
1 2438
1 2439
2 2440
1 2444
2 2445
1 2447
1 2448
1 2449
3 2450
1 2452
1 2454
1 2456
1 2457
2 2458
2 2459
1 2460
4 2461
1 2462
1 2463
4 2465
1 2467
4 2468
2 2470
1 2472
2 2475
1 2476
1 2478
1 2479
1 2481
3 2482
1 2483
2 2484
2 2485
2 2486
3 2487
1 2488
2 2490
3 2492
1 2494
5 2495
1 2496
3 2498
1 2499
2 2500
5 2502
1 2503
1 2504
2 2505
2 2507
1 2508
1 2510
2 2511
2 2512
1 2513
1 2514
2 2515
2 2516
2 2519
2 2520
3 2521
1 2522
2 2523
1 2524
3 2527
2 2528
2 2530
1 2533
1 2534
1 2535
3 2536
1 2538
1 2539
3 2542
1 2543
1 2544
1 2546
3 2548
1 2550
1 2551
1 2552
3 2553
1 2554
1 2555
1 2563
1 2564
6 2565
1 2566
1 2567
3 2569
1 2570
2 2573
2 2577
1 2578
2 2579
2 2581
2 2582
5 2583
3 2587
1 2588
3 2589
1 2592
2 2593
2 2595
2 2598
1 2599
1 2602
1 2603
1 2604
2 2605
2 2607
1 2609
1 2610
1 2611
2 2612
2 2613
2 2614
1 2615
2 2616
1 2617
5 2618
1 2619
1 2621
1 2622
4 2623
2 2625
2 2628
1 2629
3 2630
1 2633
1 2634
2 2635
2 2636
1 2637
3 2638
2 2639
2 2641
2 2642
1 2644
1 2645
1 2646
2 2647
3 2649
1 2651
2 2653
2 2654
1 2655
2 2657
2 2658
1 2660
1 2662
1 2663
2 2668
1 2670
1 2671
2 2672
1 2675
1 2676
1 2678
1 2679
1 2680
1 2681
1 2682
2 2685
2 2686
1 2688
1 2691
2 2692
3 2693
1 2695
1 2697
1 2698
1 2703
1 2704
1 2706
1 2707
1 2709
4 2711
1 2712
1 2714
1 2716
2 2717
2 2718
1 2719
4 2722
2 2723
1 2724
1 2729
2 2730
1 2731
2 2732
1 2733
1 2734
1 2735
1 2739
1 2740
2 2742
1 2744
1 2745
1 2747
3 2749
1 2750
1 2753
1 2755
2 2756
2 2759
1 2760
2 2761
1 2762
1 2763
1 2764
2 2765
1 2766
2 2767
1 2772
1 2773
2 2777
4 2778
1 2779
1 2780
3 2781
1 2783
2 2784
1 2785
1 2787
1 2789
3 2792
2 2794
1 2796
2 2798
2 2799
1 2800
1 2801
3 2802
2 2803
2 2804
1 2806
1 2810
1 2812
1 2813
1 2814
1 2815
2 2816
1 2820
2 2822
1 2823
1 2824
1 2825
1 2826
1 2830
2 2831
2 2833
1 2834
3 2835
1 2837
1 2838
4 2840
1 2842
1 2843
1 2844
2 2846
2 2848
1 2850
1 2851
2 2855
1 2858
2 2859
3 2860
1 2862
1 2866
1 2867
5 2871
1 2872
2 2873
2 2880
1 2881
1 2883
3 2889
1 2891
1 2894
2 2896
1 2901
1 2902
3 2903
1 2904
1 2905
1 2908
2 2909
2 2911
1 2913
1 2916
1 2917
1 2918
1 2920
2 2921
1 2922
1 2924
2 2927
3 2928
3 2931
1 2934
1 2938
1 2939
2 2940
1 2942
1 2943
1 2944
1 2945
2 2948
1 2949
1 2950
1 2951
3 2952
2 2953
1 2954
3 2956
5 2957
2 2958
1 2959
1 2960
1 2961
3 2962
3 2963
1 2965
1 2968
1 2969
2 2970
1 2973
2 2974
1 2976
2 2977
2 2981
1 2982
1 2983
2 2984
2 2986
2 2988
2 2989
1 2990
1 2991
1 2993
3 2996
2 2998
2 2999
2 3002
1 3003
1 3005
2 3006
1 3007
2 3008
1 3010
3 3011
1 3015
1 3016
2 3017
2 3019
3 3023
3 3024
3 3026
1 3027
1 3029
4 3033
1 3034
1 3037
1 3038
1 3040
1 3041
1 3043
1 3046
1 3047
1 3049
1 3050
1 3051
2 3052
1 3053
1 3054
1 3057
1 3059
3 3061
1 3064
1 3067
1 3070
1 3071
2 3072
4 3073
1 3075
1 3076
1 3077
2 3079
1 3081
2 3085
1 3087
1 3089
1 3090
2 3093
3 3094
1 3095
3 3102
3 3103
3 3104
1 3107
1 3108
1 3111
1 3112
2 3113
1 3116
1 3120
1 3121
1 3122
2 3124
1 3125
2 3128
1 3129
3 3131
1 3134
1 3135
2 3136
2 3137
2 3138
3 3139
1 3140
1 3144
2 3146
2 3148
1 3149
2 3151
1 3153
2 3155
1 3156
1 3157
1 3158
1 3159
1 3162
3 3164
2 3165
1 3166
1 3170
2 3172
2 3173
1 3175
1 3176
1 3177
1 3178
3 3179
1 3180
1 3181
3 3182
2 3183
1 3184
4 3185
1 3186
2 3187
2 3189
1 3190
1 3193
1 3194
1 3196
2 3197
1 3198
1 3202
2 3203
3 3206
3 3207
1 3209
2 3213
1 3214
3 3215
1 3217
1 3220
1 3221
1 3222
1 3225
1 3228
1 3229
2 3230
1 3232
1 3234
1 3235
1 3236
4 3237
1 3238
3 3239
2 3241
1 3242
1 3243
2 3245
3 3246
1 3247
1 3248
2 3249
1 3250
1 3251
2 3253
1 3254
1 3255
1 3256
1 3257
1 3259
1 3260
2 3261
2 3262
2 3263
1 3264
2 3266
1 3268
3 3269
5 3270
2 3272
1 3273
1 3274
2 3275
1 3277
2 3281
1 3283
2 3285
3 3286
1 3289
1 3293
1 3294
2 3295
1 3297
1 3298
2 3300
2 3301
2 3302
3 3303
1 3305
1 3306
1 3311
1 3312
2 3313
1 3314
3 3315
1 3316
1 3321
3 3322
1 3323
1 3324
1 3325
1 3327
3 3331
1 3333
1 3336
1 3340
1 3341
1 3342
1 3343
1 3346
1 3347
1 3348
2 3350
3 3352
2 3354
1 3357
1 3361
1 3362
1 3365
1 3366
1 3371
1 3372
2 3373
1 3374
1 3375
2 3376
1 3377
2 3382
1 3384
1 3386
3 3390
1 3391
1 3392
1 3393
1 3403
1 3405
2 3406
1 3413
1 3414
2 3417
1 3422
2 3424
2 3425
2 3426
1 3427
1 3429
2 3431
1 3432
1 3434
1 3436
2 3437
1 3440
1 3441
1 3443
2 3444
1 3448
1 3449
2 3451
2 3456
2 3458
1 3460
1 3461
1 3462
1 3463
1 3464
1 3467
1 3468
1 3469
1 3471
1 3473
1 3474
1 3476
3 3478
3 3483
1 3486
2 3487
1 3490
1 3491
1 3494
1 3496
1 3499
1 3504
1 3505
2 3511
1 3515
2 3517
1 3518
1 3519
2 3521
1 3523
1 3524
1 3525
1 3526
1 3527
2 3528
1 3530
1 3536
3 3537
1 3538
1 3539
1 3542
1 3543
1 3545
1 3547
4 3549
1 3550
2 3552
1 3556
2 3557
1 3559
1 3565
1 3566
2 3568
1 3571
1 3572
2 3573
3 3574
1 3576
1 3579
1 3580
1 3584
1 3585
2 3586
1 3587
1 3588
2 3591
1 3593
1 3596
1 3597
1 3598
2 3600
2 3602
2 3604
1 3605
1 3606
1 3607
2 3609
2 3611
1 3612
1 3614
1 3615
1 3616
1 3617
1 3619
1 3620
1 3625
2 3626
1 3629
1 3631
1 3633
1 3637
1 3640
1 3642
1 3651
1 3653
1 3654
1 3656
3 3657
1 3659
1 3660
1 3664
1 3673
2 3674
1 3677
1 3678
1 3687
1 3689
3 3693
2 3698
2 3700
2 3702
1 3705
1 3706
2 3708
2 3709
1 3715
1 3716
1 3717
1 3718
1 3719
1 3720
1 3721
1 3722
2 3723
1 3724
1 3725
1 3726
1 3727
1 3729
1 3731
1 3732
1 3734
2 3738
1 3739
1 3741
1 3742
1 3743
1 3746
1 3749
2 3751
1 3753
1 3754
2 3755
1 3756
1 3757
1 3758
1 3762
2 3764
1 3765
2 3767
1 3768
1 3769
1 3773
1 3781
1 3782
1 3784
1 3787
1 3790
1 3795
2 3798
1 3799
1 3805
1 3806
1 3811
2 3812
2 3817
1 3819
2 3821
1 3822
1 3827
1 3828
3 3830
1 3832
1 3834
2 3843
2 3844
1 3849
1 3854
1 3856
2 3860
1 3861
2 3862
1 3864
1 3865
1 3867
1 3870
1 3884
1 3886
1 3891
1 3892
2 3894
1 3895
1 3905
1 3911
1 3918
2 3919
1 3922
1 3923
1 3926
1 3929
1 3930
1 3936
2 3938
3 3942
1 3943
3 3947
1 3949
1 3950
2 3952
1 3954
2 3955
1 3963
1 3967
1 3969
3 3976
2 3977
1 3978
1 3979
1 3986
1 3988
1 3990
2 3995
1 4002
1 4003
1 4007
1 4011
1 4013
1 4018
3 4022
2 4029
2 4043
1 4044
1 4047
1 4050
1 4061
1 4066
1 4067
1 4068
1 4069
1 4074
1 4076
1 4080
1 4081
1 4084
1 4096
1 4098
1 4109
1 4123
1 4126
2 4128
2 4133
2 4134
1 4141
1 4146
1 4159
1 4160
1 4166
1 4172
1 4181
1 4183
1 4185
1 4197
1 4204
2 4205
1 4206
2 4207
1 4213
1 4215
1 4218
1 4221
1 4224
1 4229
2 4243
1 4245
1 4246
1 4253
1 4255
2 4256
1 4261
1 4263
1 4267
1 4269
1 4272
2 4273
1 4274
1 4279
2 4280
1 4287
1 4288
2 4302
1 4305
1 4307
1 4309
1 4320
2 4327
1 4328
1 4330
1 4332
1 4334
1 4335
1 4336
2 4337
1 4342
2 4349
1 4352
1 4359
2 4361
1 4362
1 4363
2 4367
1 4371
1 4372
1 4375
1 4379
1 4386
1 4396
1 4400
1 4405
1 4408
2 4422
1 4423
1 4430
1 4432
1 4439
1 4442
1 4450
2 4453
1 4462
1 4464
1 4474
2 4478
1 4484
2 4492
1 4499
1 4505
1 4507
2 4513
1 4515
1 4522
2 4525
1 4537
1 4541
1 4550
1 4555
1 4559
1 4563
1 4565
1 4570
1 4573
1 4576
2 4585
1 4590
1 4600
1 4615
1 4622
1 4624
1 4625
1 4634
1 4636
1 4637
1 4642
1 4644
1 4647
1 4651
2 4659
1 4660
1 4667
1 4669
2 4672
3 4675
2 4679
1 4687
1 4699
1 4703
1 4705
1 4706
1 4709
1 4722
2 4734
1 4738
1 4740
1 4746
1 4751
1 4754
1 4757
1 4758
1 4762
1 4766
2 4771
2 4773
1 4776
1 4781
1 4785
1 4797
1 4813
1 4814
1 4822
1 4830
4 4833
1 4834
2 4837
1 4838
1 4852
2 4853
1 4855
1 4858
1 4865
1 4869
1 4873
2 4877
2 4880
1 4881
1 4885
1 4888
1 4897
1 4898
1 4903
1 4905
2 4906
1 4909
1 4910
1 4917
1 4921
1 4922
1 4927
1 4928
1 4929
1 4930
2 4934
1 4935
2 4950
1 4953
1 4956
1 4960
1 4963
1 4964
1 4980
1 4981
1 4984
1 4986
1 4991
1 4995
1 4997
2 5013
1 5014
1 5015
1 5024
1 5030
1 5031
1 5040
1 5045
1 5049
1 5051
1 5054
1 5064
1 5065
1 5068
1 5074
2 5081
2 5082
1 5086
1 5089
1 5092
1 5097
1 5100
2 5104
1 5106
1 5111
2 5117
1 5122
1 5123
2 5124
1 5127
1 5145
1 5155
1 5156
2 5161
1 5167
1 5181
1 5184
1 5186
1 5191
1 5193
1 5195
1 5196
2 5199
1 5208
2 5215
1 5219
1 5221
1 5227
1 5234
1 5235
1 5242
1 5245
1 5256
1 5257
1 5259
1 5260
1 5261
1 5263
1 5265
2 5266
1 5267
1 5276
2 5279
1 5281
1 5283
1 5285
1 5291
1 5298
1 5299
1 5307
1 5314
1 5318
1 5319
1 5322
1 5326
1 5332
1 5333
1 5338
2 5339
1 5342
1 5344
1 5352
2 5354
1 5356
1 5362
2 5363
2 5368
1 5370
1 5382
1 5387
2 5389
1 5393
1 5394
1 5400
2 5407
2 5410
1 5411
2 5414
1 5417
2 5422
1 5432
1 5435
2 5439
1 5448
1 5451
2 5452
2 5456
1 5461
2 5465
2 5469
1 5474
1 5475
1 5478
2 5479
2 5485
2 5490
1 5492
1 5493
1 5499
1 5502
1 5507
1 5509
2 5517
1 5519
1 5520
1 5521
2 5527
1 5531
1 5534
1 5538
1 5542
1 5551
1 5552
1 5554
2 5557
1 5559
1 5563
1 5574
1 5575
1 5577
1 5578
1 5587
1 5596
2 5603
1 5606
2 5610
1 5617
2 5618
1 5619
1 5625
2 5628
2 5629
1 5634
1 5635
1 5637
1 5643
1 5645
1 5647
1 5651
1 5653
1 5655
2 5661
1 5670
1 5671
1 5679
2 5680
1 5683
1 5685
1 5687
1 5690
1 5695
1 5697
1 5702
1 5712
1 5718
1 5719
3 5723
1 5725
1 5727
2 5729
1 5731
1 5735
1 5736
2 5740
2 5742
1 5746
1 5754
2 5760
1 5761
3 5763
1 5769
2 5770
1 5773
1 5774
1 5776
1 5782
2 5783
1 5785
2 5797
1 5802
1 5807
1 5809
1 5810
1 5811
1 5813
1 5815
1 5816
1 5819
1 5820
1 5822
1 5823
1 5830
1 5836
2 5838
1 5839
1 5840
1 5843
1 5845
1 5846
1 5848
1 5850
3 5852
1 5853
1 5854
1 5856
2 5858
1 5859
1 5860
2 5863
1 5866
2 5867
1 5868
1 5871
4 5874
1 5876
1 5877
1 5881
1 5882
2 5884
1 5886
1 5887
1 5890
1 5892
1 5896
1 5897
1 5903
2 5908
1 5910
1 5916
1 5919
1 5920
1 5922
1 5923
1 5928
1 5929
1 5931
1 5933
1 5937
1 5938
2 5941
1 5942
1 5944
1 5949
1 5954
1 5955
1 5962
1 5963
1 5969
1 5970
1 5975
2 5976
1 5979
1 5986
1 5989
2 5997
1 6003
1 6004
1 6005
2 6007
1 6016
1 6018
1 6020
2 6025
1 6033
2 6034
1 6038
1 6041
1 6043
1 6044
1 6045
1 6046
2 6049
1 6054
1 6061
1 6065
1 6069
2 6080
1 6085
1 6089
1 6090
1 6093
1 6094
1 6099
1 6103
2 6105
1 6107
1 6108
1 6113
1 6117
1 6118
2 6121
1 6125
1 6131
1 6143
1 6145
1 6151
1 6162
1 6164
1 6165
1 6179
1 6188
1 6192
1 6195
2 6218
1 6223
1 6227
1 6228
1 6229
1 6234
1 6237
2 6241
1 6246
1 6251
1 6256
1 6257
1 6260
1 6266
1 6267
1 6272
1 6273
2 6283
1 6286
1 6291
1 6296
1 6297
2 6305
1 6307
1 6310
1 6311
1 6317
1 6330
1 6336
1 6337
1 6339
2 6345
2 6350
5 6352
1 6362
1 6367
1 6370
1 6376
2 6377
2 6380
1 6381
2 6382
2 6387
1 6389
2 6390
1 6392
1 6393
1 6395
1 6396
1 6397
1 6399
1 6400
2 6403
1 6406
1 6408
1 6410
1 6415
3 6418
1 6420
1 6421
2 6422
3 6423
1 6426
1 6429
1 6430
1 6431
1 6433
1 6436
3 6437
1 6440
2 6441
3 6445
2 6446
2 6449
2 6450
1 6451
1 6452
1 6453
1 6455
2 6457
1 6458
1 6461
1 6464
1 6465
1 6470
3 6472
3 6473
1 6474
2 6476
2 6477
2 6478
2 6480
1 6481
1 6482
2 6485
1 6487
1 6490
2 6492
1 6495
2 6498
1 6502
2 6505
1 6507
2 6509
3 6511
1 6512
2 6517
1 6518
2 6520
1 6523
2 6527
1 6529
1 6530
2 6531
1 6532
1 6534
2 6537
2 6541
1 6545
1 6547
1 6548
1 6550
1 6551
5 6552
1 6553
1 6554
4 6555
1 6556
1 6558
2 6559
1 6560
2 6561
1 6562
1 6563
2 6564
2 6565
2 6568
2 6569
1 6575
1 6576
1 6577
2 6578
1 6580
1 6582
1 6583
1 6585
1 6586
1 6587
1 6588
2 6589
1 6590
3 6591
2 6592
1 6594
2 6596
4 6597
2 6598
1 6599
2 6601
1 6602
1 6603
3 6604
5 6605
2 6606
4 6607
2 6608
3 6609
5 6610
3 6611
1 6612
4 6613
2 6614
2 6615
1 6616
2 6617
1 6619
2 6620
4 6621
3 6622
2 6625
3 6627
5 6628
2 6629
2 6630
2 6631
2 6632
2 6634
2 6635
1 6638
3 6639
3 6641
2 6642
2 6643
1 6645
2 6646
1 6647
3 6648
1 6649
2 6650
3 6651
4 6652
3 6653
7 6656
1 6657
3 6658
3 6659
3 6660
2 6661
4 6662
1 6663
1 6664
4 6665
2 6666
3 6667
1 6668
2 6669
1 6670
6 6672
3 6673
7 6675
3 6676
4 6677
3 6678
3 6679
2 6680
1 6681
3 6682
1 6683
2 6684
3 6685
2 6686
1 6688
1 6689
3 6690
4 6691
1 6692
5 6696
3 6697
1 6698
6 6699
3 6702
1 6703
2 6704
1 6706
4 6707
2 6709
3 6711
1 6713
6 6714
3 6715
1 6716
2 6717
4 6719
2 6720
1 6721
1 6723
1 6724
1 6726
3 6727
1 6728
1 6729
1 6730
3 6732
1 6735
2 6736
5 6737
2 6738
2 6739
1 6741
4 6742
1 6744
4 6745
1 6746
1 6747
2 6748
6 6749
2 6750
1 6751
2 6752
2 6754
1 6756
2 6757
1 6758
1 6759
4 6760
2 6761
6 6762
1 6764
5 6765
3 6766
4 6767
1 6768
4 6769
2 6770
3 6772
1 6773
2 6774
3 6775
5 6776
1 6777
5 6778
7 6779
2 6780
5 6781
1 6782
1 6783
4 6784
2 6785
6 6786
2 6788
2 6789
3 6790
2 6791
1 6792
2 6793
2 6794
5 6795
1 6796
4 6797
3 6800
3 6801
6 6802
3 6803
1 6804
4 6805
5 6806
4 6807
2 6808
2 6810
4 6811
4 6812
6 6813
5 6815
6 6816
5 6817
5 6818
1 6820
1 6821
4 6822
3 6824
5 6825
1 6826
3 6827
2 6828
2 6829
2 6830
2 6831
1 6833
3 6834
4 6835
1 6836
3 6838
1 6839
4 6840
4 6841
1 6842
8 6843
1 6844
1 6845
1 6846
3 6847
3 6850
1 6851
6 6852
4 6853
3 6854
3 6855
3 6856
2 6857
1 6859
2 6860
2 6861
1 6862
5 6863
3 6865
4 6866
2 6867
4 6868
2 6869
4 6870
2 6871
2 6872
2 6873
1 6874
4 6875
1 6876
2 6877
1 6878
2 6880
1 6881
3 6882
1 6883
4 6884
2 6886
2 6887
3 6888
3 6889
2 6890
1 6891
4 6892
1 6893
1 6894
3 6895
4 6896
2 6897
1 6899
4 6900
1 6901
2 6904
1 6905
2 6906
1 6907
2 6908
3 6909
3 6911
3 6912
1 6913
1 6914
1 6915
1 6916
3 6917
3 6919
1 6920
2 6923
1 6924
3 6925
1 6927
2 6928
4 6929
2 6930
4 6931
2 6932
2 6933
3 6934
4 6935
1 6936
3 6937
2 6938
2 6939
4 6940
1 6941
2 6942
2 6943
6 6944
4 6945
1 6946
1 6949
1 6950
5 6951
3 6953
2 6954
6 6956
3 6957
1 6958
1 6960
1 6961
2 6962
2 6963
5 6965
3 6966
2 6967
2 6970
3 6972
1 6973
1 6975
6 6976
2 6977
1 6978
1 6979
1 6980
2 6981
3 6982
1 6983
7 6984
2 6985
4 6986
2 6987
2 6988
3 6989
2 6990
1 6991
1 6992
5 6993
2 6994
1 6996
2 6997
2 6998
1 7000
1 7001
1 7002
2 7003
2 7004
1 7005
3 7006
4 7007
2 7008
2 7009
1 7010
1 7011
3 7012
2 7013
1 7014
4 7016
2 7018
1 7021
2 7022
2 7023
3 7024
5 7025
1 7026
1 7027
1 7028
1 7029
1 7030
2 7031
4 7032
4 7033
3 7034
1 7035
3 7036
1 7037
1 7038
1 7039
2 7040
1 7041
4 7042
2 7043
1 7044
4 7045
3 7046
2 7047
3 7048
3 7049
3 7051
2 7052
2 7053
4 7054
3 7055
2 7056
2 7057
3 7059
1 7061
2 7063
3 7064
2 7065
1 7066
2 7067
3 7068
2 7069
3 7070
4 7071
1 7074
4 7075
7 7076
1 7077
1 7078
1 7080
1 7082
1 7083
1 7084
2 7085
3 7086
3 7087
4 7092
1 7093
2 7094
1 7096
1 7097
3 7098
2 7099
2 7100
3 7101
1 7102
2 7103
1 7104
2 7106
1 7107
1 7108
2 7109
3 7110
1 7111
1 7113
2 7115
1 7116
1 7117
2 7120
1 7121
1 7122
2 7124
3 7125
1 7126
2 7128
3 7131
2 7132
1 7133
1 7134
2 7135
4 7136
1 7137
2 7138
4 7139
3 7141
1 7142
1 7143
1 7144
4 7145
3 7147
2 7148
4 7149
1 7150
2 7151
3 7152
4 7154
5 7155
1 7156
1 7157
2 7159
3 7160
2 7161
2 7162
1 7164
1 7165
1 7166
2 7168
2 7169
2 7170
2 7171
1 7172
1 7173
2 7174
1 7175
1 7176
1 7177
1 7179
1 7180
1 7181
2 7182
2 7184
2 7185
1 7186
3 7187
2 7188
1 7189
2 7190
1 7191
2 7192
2 7193
2 7195
3 7200
3 7201
2 7202
3 7203
1 7204
1 7205
1 7209
2 7210
1 7211
2 7212
1 7213
2 7214
3 7215
1 7217
2 7218
2 7219
2 7220
2 7223
1 7224
2 7227
2 7228
1 7229
4 7230
2 7231
1 7232
3 7233
1 7234
3 7236
2 7237
1 7238
1 7239
4 7240
3 7242
1 7244
1 7246
1 7247
3 7249
1 7250
3 7251
1 7252
3 7255
1 7256
1 7257
3 7259
3 7260
2 7261
2 7262
4 7263
1 7264
2 7265
2 7267
1 7271
1 7273
3 7274
2 7276
1 7277
3 7278
1 7279
2 7280
1 7281
2 7282
6 7283
1 7284
4 7285
1 7289
2 7291
4 7292
1 7293
1 7294
1 7295
2 7297
1 7298
2 7299
2 7300
2 7301
2 7302
1 7303
3 7305
2 7307
2 7308
1 7309
1 7312
1 7313
3 7315
2 7316
3 7317
1 7318
1 7319
2 7320
2 7321
1 7322
2 7323
1 7324
1 7325
1 7326
4 7327
1 7333
1 7335
2 7337
1 7338
1 7339
2 7341
1 7342
2 7344
2 7345
1 7346
3 7347
2 7349
3 7350
1 7351
1 7352
1 7354
4 7355
1 7356
2 7357
2 7358
3 7359
1 7360
2 7361
1 7364
2 7368
1 7369
2 7372
1 7373
2 7376
1 7377
2 7378
2 7379
1 7380
1 7381
2 7382
1 7383
1 7384
1 7385
1 7386
1 7389
1 7390
1 7391
3 7393
1 7396
3 7397
3 7398
3 7400
1 7401
2 7403
1 7404
3 7405
2 7406
1 7407
1 7410
2 7412
1 7413
4 7414
1 7415
1 7416
1 7417
3 7418
1 7420
1 7421
1 7424
1 7425
5 7427
3 7428
1 7430
1 7432
1 7433
3 7434
2 7435
1 7436
1 7437
1 7438
1 7439
1 7440
2 7441
1 7442
1 7443
4 7445
1 7446
4 7449
1 7451
4 7452
1 7453
2 7454
2 7455
3 7456
1 7457
3 7458
3 7459
6 7462
3 7464
2 7465
2 7467
2 7468
3 7469
1 7470
2 7471
1 7472
1 7473
2 7474
1 7475
2 7476
3 7477
2 7478
1 7479
2 7480
3 7481
3 7482
2 7483
6 7484
2 7485
1 7487
1 7488
1 7489
3 7490
1 7491
1 7492
1 7494
2 7495
3 7496
3 7497
1 7498
2 7499
1 7500
1 7501
4 7502
2 7503
2 7504
2 7505
2 7506
1 7507
1 7508
2 7509
1 7511
1 7512
2 7513
2 7514
2 7515
1 7516
3 7517
2 7518
1 7519
2 7520
1 7521
1 7523
3 7524
2 7526
2 7527
2 7530
2 7531
1 7534
1 7535
2 7536
1 7537
2 7539
1 7540
1 7542
1 7543
1 7545
2 7546
1 7547
1 7548
1 7549
1 7550
2 7551
1 7552
3 7559
1 7560
1 7561
3 7562
2 7563
2 7566
3 7567
1 7568
4 7569
2 7570
1 7571
2 7574
2 7575
1 7578
2 7580
2 7582
3 7583
1 7584
2 7585
5 7586
1 7587
1 7588
2 7589
3 7590
2 7591
1 7594
1 7595
1 7596
2 7598
1 7599
3 7602
1 7605
3 7607
1 7608
1 7609
3 7611
2 7618
2 7620
1 7621
1 7622
2 7623
2 7627
2 7631
3 7633
1 7634
5 7635
1 7636
2 7637
1 7639
1 7640
2 7641
2 7642
2 7643
4 7644
2 7646
1 7649
2 7650
1 7651
2 7652
1 7653
3 7654
1 7655
2 7656
3 7657
1 7659
1 7660
1 7661
1 7662
3 7663
2 7664
1 7666
1 7668
2 7672
2 7674
3 7681
1 7682
2 7685
1 7688
2 7690
3 7691
2 7692
1 7695
1 7696
1 7699
2 7700
1 7703
2 7704
2 7705
1 7707
1 7709
1 7712
1 7713
1 7715
1 7716
1 7717
1 7721
1 7723
1 7724
1 7725
1 7726
1 7729
1 7730
1 7731
1 7735
1 7740
2 7741
1 7742
1 7744
4 7745
1 7748
1 7751
1 7752
2 7754
1 7757
4 7760
1 7761
1 7764
1 7765
1 7766
3 7767
1 7768
1 7769
1 7770
1 7774
1 7776
1 7780
3 7781
2 7782
2 7786
1 7787
2 7790
3 7793
2 7796
1 7797
1 7800
1 7801
1 7802
1 7805
1 7806
1 7807
2 7808
1 7814
2 7815
2 7818
1 7819
1 7820
1 7821
1 7822
1 7823
1 7828
1 7832
2 7838
1 7839
1 7842
1 7844
1 7845
1 7848
2 7851
2 7857
1 7859
2 7861
1 7863
1 7864
2 7874
1 7876
1 7879
1 7885
1 7889
1 7892
3 7895
1 7896
1 7898
3 7904
2 7906
1 7907
1 7911
2 7914
1 7915
1 7916
1 7917
1 7922
1 7923
2 7927
1 7930
1 7931
2 7932
1 7933
1 7934
1 7935
1 7937
1 7939
1 7941
1 7944
1 7945
1 7948
1 7949
1 7950
2 7971
1 7972
1 7975
1 7978
1 7979
1 7980
1 7983
1 7984
1 7989
1 7996
1 7999
1 8000
1 8002
1 8005
1 8006
3 8011
2 8013
2 8020
1 8021
1 8025
1 8026
1 8028
1 8029
1 8034
1 8038
1 8040
2 8042
1 8048
2 8052
1 8053
1 8054
1 8057
1 8059
1 8061
1 8063
1 8066
1 8068
1 8070
1 8071
2 8072
2 8084
1 8086
1 8091
1 8092
1 8097
2 8100
1 8102
1 8103
1 8128
1 8132
1 8136
1 8148
1 8151
1 8152
1 8158
1 8161
2 8165
1 8166
2 8171
1 8177
1 8179
1 8185
1 8191
1 8193
1 8194
1 8198
1 8201
1 8206
1 8213
1 8214
1 8219
1 8225
1 8228
1 8235
2 8240
1 8243
1 8244
1 8249
3 8252
1 8253
1 8258
1 8261
1 8266
1 8269
1 8278
1 8286
1 8287
1 8288
1 8305
1 8309
1 8320
1 8322
1 8331
2 8333
2 8337
1 8347
2 8348
1 8349
1 8361
2 8362
1 8365
1 8367
1 8371
1 8373
1 8386
1 8392
1 8396
1 8398
1 8400
1 8404
1 8406
2 8409
1 8410
2 8413
1 8414
1 8416
1 8417
1 8425
1 8436
3 8450
1 8459
1 8493
1 8500
1 8509
1 8521
1 8528
1 8549
1 8550
1 8574
1 8578
1 8582
1 8586
1 8603
1 8604
2 8615
1 8618
1 8639
1 8652
1 8656
2 8658
1 8663
1 8664
1 8677
1 8679
1 8691
1 8692
1 8702
1 8709
1 8716
1 8725
1 8726
1 8731
1 8732
1 8743
1 8745
1 8748
1 8758
1 8767
1 8778
1 8783
1 8787
2 8797
1 8811
1 8828
1 8838
1 8848
1 8861
1 8863
1 8884
1 8885
2 8902
1 8905
1 8911
1 8914
1 8922
1 8931
1 8938
2 8974
1 8996
1 9011
1 9018
1 9066
1 9074
1 9078
1 9105
1 9130
1 9131
1 9150
1 9181
1 9182
1 9183
1 9196
1 9258
1 9328
1 9346
1 9360
2 9367
1 9369
1 9373
1 9389
1 9399
1 9403
1 9406
1 9426
1 9446
1 9448
1 9454
1 9464
1 9494
1 9500
1 9501
1 9511
1 9545
1 9556
1 9561
1 9562
1 9591
1 9634
1 9640
1 9666
1 9694
1 9780
1 9801
1 9818
1 9845
1 9888
1 9958
1 9970
1 9997
1 10075
1 10126
1 10154
1 10163
1 10169
1 10196
1 10202
1 10282
1 10294
1 10299
1 10316
1 10332
1 10340
1 10382
1 10455
1 10499
1 10503
1 10636
1 10682
1 10773
1 10884
1 10893
1 10910
1 10916
1 10924
1 10942
1 10977
1 10982
1 10984
1 10996
1 11025
1 11038
1 11056
1 11093
1 11200
1 11218
1 11233
1 11240
1 11274
1 11299
1 11344
1 11376
1 11476
1 11527
1 11584
1 11627
1 11680
1 11681
1 11704
1 11739
1 11769
1 11774
1 11799
1 11809
1 11843
2 11858
1 11860
1 11879
1 11908
1 11927
2 11953
1 11956
1 12106
1 12270
1 12303
1 12363
1 12495
1 12524
1 12605
1 12623
1 12657
1 12814
1 12829
1 12863
1 12896
1 12902
1 12903
1 12914
1 12986
1 12996
1 13070
1 13077
1 13088
1 13117
1 13120
1 13130
1 13134
1 13169
1 13206
2 13282
1 13288
1 13397
1 13622
1 13651
1 13687
1 13764
2 13797
2 13895
1 13921
1 13929
2 13956
1 13968
1 13991
1 14064
1 14207
1 14250
1 14970
1 15011
1 15171
1 15240
1 15283
1 15319
1 16255
1 16408
1 16584
1 17246
1 17454
1 17567
1 17740
1 17895
1 18025
1 18060
1 18086
1 18113
1 18132
2 18163
1 18182
1 18205
2 18283
1 18308
1 18343
1 18386
1 18427
1 18459
1 18480
1 18490
2 18590
1 18591
1 18615
1 18645
1 18997
1 19010
1 19212
1 20457
1 20697
1 21994
1 22439
1 22798
1 24650
1 25207
1 25216
1 25397
1 25405
1 25768
1 25864
1 26563
1 27314
1 27662
2 27802
1 31258
1 35291
1 35597
1 36670
1 36745
1 38108
1 40094
1 44067
1 44281
1 45508
1 45566
1 47364
1 50222
1 53521
1 57980
1 58249
1 63966
1 64393
1 64522
1 64691
1 74559
1 77977
1 80427
1 82324
1 88299
1 95590
1 100510
2 103776
1 105317
2 109855
1 116406
1 116432
1 117338
1 129211
1 129502
1 142893
1 149885
1 149893
1 191300
1 227038
1 315263
1 315570
1 333884
1 391854
1 406150
1 406383
1 410373
1 422946
1 544401
1 609946
1 647350
1 666526
1 681374
1 882780
1 1024774
1 1226274
1 1246874
1 1265110
1 1342245
1 1476445
1 1553732
1 1662926
1 1876826
1 2059774
1 2059777
1 2383980
1 2528390
1 2668688
2 2863115
1 2863194
1 2863238
1 2863502
1 2863512
1 2863545
1 2863553
1 2863559
1 2863569
1 2863599
1 2863612
1 2863616
1 2863644
1 2863721
1 2863771
1 2863810
1 2878687
1 3353987
1 3354714
1 3493927
1 3824535
1 3849223
1 3858552
1 4455228
1 4528498
1 4651031
1 5134471
1 5267358
1 5716468
1 6466893
1 6878963
1 6957748
1 6970400
1 7359919
1 7372808
1 7892583
1 8110915
1 8160961
1 8595632
1 8884264
1 9001458
1 9228407
1 9425370
1 9425372
3 9425377
7 9425378
5 9425379
14 9425381
1 9425382
28 9425383
3 9425385
1 9425386
3 9425387
2 9425389
2 9425390
1 9425391
2 9425392
1 9425393
4 9425394
2 9425395
7 9425396
4 9425397
3 9425399
5 9425401
2 9425402
2 9425403
6 9425404
2 9425406
1 9425408
1 9425409
4 9425411
6 9425413
1 9425414
1 9425415
7 9425416
2 9425417
13 9425418
1 9425419
2 9425420
7 9425423
17 9425425
1 9425426
7 9425427
12 9425428
6 9425429
4 9425430
6 9425431
1 9425432
22 9425433
2 9425434
64 9425435
2 9425436
20 9425437
12 9425438
9 9425439
6 9425440
17 9425441
7 9425442
17 9425443
10 9425444
10 9425445
17 9425446
14 9425447
58 9425448
22 9425449
33 9425450
28 9425451
14 9425452
12 9425453
21 9425454
7 9425455
29 9425456
23 9425457
23 9425458
13 9425459
22 9425460
27 9425461
22 9425462
96 9425463
23 9425464
52 9425465
25 9425466
38 9425467
29 9425468
34 9425469
76 9425470
24 9425471
26 9425472
25 9425473
12 9425474
23 9425475
24 9425476
23 9425477
33 9425478
26 9425479
26 9425480
34 9425481
21 9425482
42 9425483
32 9425484
30 9425485
43 9425486
11 9425487
17 9425488
11 9425489
17 9425490
24 9425491
14 9425492
15 9425493
12 9425494
11 9425495
4 9425496
19 9425497
35 9425498
11 9425499
12 9425500
6 9425501
23 9425502
5 9425503
11 9425504
11 9425505
6 9425506
14 9425507
1 9425509
1 9425510
2 9425511
10 9425512
4 9425513
2 9425514
4 9425515
7 9425516
1 9425517
1 9425518
2 9425521
1 9425522
1 9425524
1 9425642
1 9425648
1 9436469
1 9488732
2 9877571
1 9877576
3 9877577
1 9877579
3 9877582
12 9877583
1 9877584
1 9877585
2 9877587
8 9877588
10 9877589
2 9877590
4 9877591
8 9877593
1 9877594
11 9877595
3 9877596
7 9877597
4 9877599
9 9877600
9 9877601
18 9877602
8 9877603
5 9877604
1 9877605
18 9877606
1 9877607
54 9877608
3 9877609
5 9877610
6 9877611
59 9877612
20 9877614
1 9877616
7 9877617
1 9877619
7 9877620
1 9877625
2 9877627
1 9877635
2 9877702
5 9877704
2 9877705
14 9877706
9 9877707
7 9877708
9 9877709
1 9877710
4 9877711
3 9877712
3 9877713
5 9877714
6 9877715
5 9877716
13 9877717
1 9877718
3 9877719
3 9877720
2 9877721
9 9877722
3 9877723
5 9877724
3 9877725
2 9877732
1 9877734
1 9877738
1 9877739
1 9945087
1 9954573
1 10106840
1 10141291
1 10141482
1 10141494
1 10141509
1 10141529
1 10141614
1 10141632
1 10639101
1 10758757
1 10856873
1 11131236
1 11496850
1 11615357
1 12888527
1 13001886
1 13757095
1 13887484
1 14244928
1 14394124
1 14483029
1 14752646
1 14822758
1 15206957
1 15284541
1 15284877
1 15568643
1 15729193
1 16157092
1 16157111
1 16157113
2 16157126
1 16157127
1 16157141
1 16157144
1 16157153
1 16157168
1 16157172
2 16157177
1 16157179
2 16157181
1 16157186
2 16157193
1 16157216
2 16157217
1 16157219
1 16157228
1 16157250
1 16157254
2 16157256
1 16157270
1 16157271
1 16157272
1 16157284
1 16157286
1 16157288
1 16157291
3 16157298
1 16157299
1 16157321
1 16157328
1 16157332
1 16157333
1 16157336
1 16157337
2 16157338
1 16157339
1 16157341
1 16157353
1 16157358
1 16157361
1 16157366
2 16157373
1 16157376
1 16157377
2 16157388
1 16157391
1 16157409
1 16157434
1 16157441
1 16157448
1 16157496
1 16157497
1 16157506
1 16157522
1 16157587
1 16157607
1 16157681
1 16157780
1 16168366
1 16478338
1 16520754
1 16871200
1 17027511
1 17158651
1 17332760
1 17347199
1 17356241
1 17574880
1 17647466
1 17660314
1 17752338
1 17974133
1 18734365
1 18734375
1 18734384
1 18734427
1 18734458
1 19277442
1 19635152
1 19983215
1 20026380
1 20362239
1 20517047
1 20799405
1 20842348
1 20930508
1 20940791
1 22117222
1 22134060
1 22635581
1 22646869
1 22756723
1 22779420
1 22911445
1 23534850
1 23762074
1 23805303
1 24466695
1 24723040
1 25025560
1 25278449
1 25629291
1 25903073
1 26911199
1 27153311
1 27202927
1 27270393
1 28365050
1 28464061
1 28481534
1 28955198
1 29042470
1 29146089
1 29160999
1 29963348
1 30323023
1 30573578
1 30743006
1 31204824
1 31515411
1 31672379
1 31995422
1 32163486
1 32268548
1 32330814
1 33205116
1 33368519
1 33707261
1 34172496
1 34182080
1 34511742
1 34659005
1 35227279
1 35264759
1 35309306
1 35576051
1 35714868
1 35950374
1 36157125
1 36167380
1 36545293
1 36586843
1 36623200
1 36623344
1 36653910
1 36746412
1 36846794
1 37466471
1 37554660
1 37820050
1 37983014
1 37995244
1 38552766
1 38833733
1 39696778
1 40608638
1 41583508
1 41890817
1 42118424
1 42121813
1 42297986
1 42482157
1 42884499
1 43000455
1 43000458
1 43293352
1 43730612
1 43811006
1 45663586
1 46275211
1 46369350
1 47231868
1 47672218
1 48237872
1 48839764
1 49122050
1 49675824
1 49956119
1 50658045
1 51500716
1 51558798
1 51562131
1 51973320
1 51980269
1 52354092
1 52364616
1 52475566
1 52492152
1 53390933
1 54245986
1 54470138
1 54479577
1 54515683
1 54800599
1 55185815
1 55185837
1 55260539
1 56095300
1 56165744
1 56233523
1 56913194
1 57012888
1 58594441
1 59502193
1 59572783
1 59863944
1 59909122
1 60156224
1 60328794
1 60516750
1 62097602
1 63044885
1 63075773
1 63830534
1 63926252
1 63979250
1 64313303
1 64591547
1 65010719
1 65296753
1 65333609
1 65842883
1 66745563
1 66780014
1 67284474
1 68593520
1 68594248
1 69018017
1 69637159
1 69755626
1 69995546
1 69996116
1 70320294
1 70407781
1 70456976
1 70822904
1 71110279
1 71163444
1 71669127
1 74196785
1 74902899
1 75141548
1 75307491
1 75387696
1 75610054
1 75678399
1 75684477
1 76775293
1 77465798
1 77795885
1 78677145
1 79270780
1 80310430
1 81851563
3 82339082
1 82339091
1 83240323
1 84188006
1 84557581
1 84570817
1 85540953
1 86391316
1 86828838
1 88194008
1 89904093
1 90336761
1 90847841
1 93081295
1 93149810
1 93149812
2 93149813
2 93149815
1 93149816
1 93149817
1 93149819
2 93149820
2 93149821
4 93149823
1 93149825
1 93149826
1 93149828
2 93149829
2 93149830
1 93149831
2 93149833
3 93149834
3 93149835
8 93149836
1 93149837
5 93149838
13 93149839
2 93149840
8 93149841
7 93149842
5 93149843
8 93149844
7 93149845
5 93149846
8 93149847
2 93149848
4 93149849
2 93149850
9 93149852
3 93149854
8 93149855
1 93149856
23 93149857
10 93149858
2 93149859
4 93149860
3 93149861
11 93149862
8 93149863
3 93149864
10 93149865
6 93149866
6 93149867
24 93149868
13 93149869
3 93149870
7 93149871
1 93149872
22 93149873
15 93149874
2 93149875
4 93149876
1 93149877
12 93149878
5 93149879
6 93149880
5 93149881
8 93149882
11 93149883
10 93149884
5 93149885
1 93149886
1 93149887
6 93149888
1 93149889
7 93149890
1 93149891
5 93149892
1 93149893
1 93149894
1 93149895
1 93149897
1 93149898
3 93149899
3 93149900
1 93149960
1 93149971
1 93149976
1 93149978
1 93149982
1 93149987
1 93149988
1 93149989
1 93149990
1 93149995
3 93150002
1 93150004
1 93150005
2 93150006
1 93150009
2 93150011
1 93150016
1 93641860
1 95497024
1 96980749
1 98935909
1 99053756
1 99155827
1 99206199
1 99451857
1 102576923
1 103027342
1 103027350
1 103027352
1 103027353
1 103027361
1 103027362
1 103027364
3 103027368
2 103027370
1 103027372
2 103027374
2 103027375
1 103027378
2 103027379
2 103027381
1 103027383
3 103027384
1 103027387
3 103027388
2 103027389
4 103027390
1 103027391
2 103027392
6 103027393
1 103027394
1 103027395
1 103027397
4 103027398
5 103027399
1 103027400
1 103027401
8 103027403
2 103027404
3 103027405
1 103027406
2 103027407
1 103027410
1 103027413
1 103027414
2 103027415
1 103027416
3 103027418
1 103027419
4 103027421
1 103027424
1 103027426
1 103027431
1 103027433
1 103027434
1 103027438
1 103027439
1 103027447
1 103027454
1 103027465
7 103027466
1 103027467
1 103027468
2 103027469
4 103027470
1 103027471
6 103027472
1 103027473
4 103027474
1 103027475
8 103027476
1 103027477
2 103027478
6 103027479
7 103027480
3 103027482
1 103027483
4 103027484
6 103027485
1 103027486
6 103027487
3 103027488
1 103027489
8 103027490
2 103027491
5 103027492
7 103027493
5 103027494
10 103027495
10 103027496
7 103027497
6 103027498
7 103027499
7 103027500
13 103027501
2 103027502
8 103027503
4 103027504
15 103027505
36 103027506
2 103027507
2 103027508
5 103027509
8 103027510
30 103027511
21 103027512
12 103027513
19 103027514
6 103027515
19 103027516
6 103027517
5 103027518
8 103027519
10 103027520
34 103027521
11 103027522
15 103027523
8 103027524
16 103027525
3 103027526
8 103027527
16 103027528
6 103027529
28 103027530
16 103027531
12 103027532
7 103027533
3 103027534
4 103027535
7 103027536
27 103027537
8 103027538
10 103027539
3 103027540
1 103027541
5 103027542
14 103027544
5 103027545
9 103027546
10 103027547
1 103027548
2 103027550
3 103027551
9 103027552
9 103027553
18 103027554
17 103027555
4 103027556
1 103027559
16 103027560
12 103027561
6 103027562
2 103027563
15 103027565
1 103027566
5 103027567
6 103027568
5 103027569
31 103027570
15 103027571
6 103027572
7 103027573
1 103027574
2 103027575
3 103027576
11 103027577
4 103027578
8 103027579
1 103027581
2 103027582
1 103027583
1 103027584
8 103027586
1 103027587
1 103027588
1 103177833
1 104186048
1 105957746
1 106133805
1 107584901
1 109049553
1 110116876
1 112285062
1 112486562
1 112882120
1 113460970
1 116412193
1 119606120
1 121584348
1 122311716
1 127099001
1 135490602
1 140904658
1 144438145
1 148246455
1 149889309
1 160536556
1 160536847
1 160537130
1 160537208
1 160537321
1 160537399
1 160537426
1 160537449
1 160537452
1 160537457
1 160537468
1 160537470
1 160537475
1 160537482
2 160537493
1 160537504
1 160537506
1 160537523
2 160537706
1 161483969
