2 32
11 33
58 34
36730 35
53132 36
64007 37
72834 38
80873 39
85635 40
90370 41
95915 42
106043 43
102124 44
95936 45
84814 46
78563 47
76516 48
78421 49
74756 50
75944 51
73372 52
74384 53
73490 54
69106 55
64288 56
58724 57
57615 58
56897 59
61005 60
56837 61
55591 62
54884 63
56896 64
56378 65
51015 66
54914 67
45887 68
52639 69
46957 70
46159 71
46272 72
47024 73
51352 74
59926 75
72544 76
45659 77
45245 78
42905 79
41805 80
45207 81
41831 82
41101 83
39162 84
39035 85
37568 86
36468 87
35191 88
33698 89
33189 90
33193 91
33252 92
33542 93
32171 94
31988 95
31121 96
30272 97
30341 98
29092 99
28180 100
28104 101
28038 102
27777 103
27681 104
28943 105
28399 106
28462 107
27154 108
26613 109
26396 110
26219 111
25527 112
28061 113
25960 114
27667 115
27861 116
28111 117
27716 118
27434 119
27499 120
25456 121
25294 122
26144 123
26387 124
32399 125
25890 126
29801 127
25562 128
27736 129
25096 130
24912 131
26574 132
23229 133
25310 134
24113 135
26630 136
29054 137
28356 138
27953 139
23917 140
23550 141
22199 142
21855 143
21751 144
21771 145
23353 146
25750 147
27100 148
28175 149
28424 150
29253 151
27463 152
24571 153
23536 154
23514 155
24502 156
27144 157
29330 158
31023 159
30056 160
28926 161
27411 162
27539 163
28680 164
32811 165
38805 166
45601 167
45312 168
41836 169
37802 170
36879 171
35463 172
35622 173
37580 174
42581 175
47933 176
50977 177
48388 178
45593 179
43224 180
42074 181
40520 182
41256 183
40903 184
44244 185
45474 186
47482 187
48455 188
47940 189
46698 190
46953 191
46039 192
46038 193
47177 194
48264 195
48603 196
48801 197
49459 198
48438 199
48666 200
48079 201
49150 202
47698 203
49272 204
49315 205
49006 206
49134 207
49177 208
50605 209
49617 210
49932 211
50216 212
51506 213
50077 214
50355 215
49668 216
48161 217
48285 218
47682 219
47880 220
48553 221
48545 222
48867 223
48609 224
48468 225
47527 226
46443 227
46440 228
45546 229
45133 230
46381 231
46298 232
46191 233
46067 234
45414 235
45273 236
44615 237
44877 238
42772 239
43078 240
43120 241
42584 242
48172 243
42427 244
42240 245
41353 246
40794 247
41252 248
40848 249
41176 250
38942 251
39252 252
38899 253
37227 254
38720 255
37007 256
37102 257
37066 258
35183 259
38764 260
34994 261
34669 262
33794 263
33074 264
33620 265
33464 266
33946 267
32679 268
33236 269
32113 270
32547 271
32010 272
31050 273
30348 274
31012 275
30653 276
30530 277
30295 278
30608 279
29792 280
29521 281
29513 282
29229 283
28542 284
28388 285
28691 286
29230 287
29219 288
28889 289
29441 290
28525 291
28369 292
28600 293
27519 294
28195 295
27556 296
28094 297
28717 298
28325 299
29281 300
28980 301
28148 302
29813 303
27199 304
28714 305
27415 306
28112 307
28278 308
28825 309
29729 310
29217 311
28549 312
28194 313
27558 314
28035 315
27730 316
28112 317
29292 318
28325 319
29884 320
29398 321
29069 322
29189 323
28288 324
29138 325
28073 326
27878 327
28711 328
28986 329
29830 330
29851 331
29597 332
29540 333
29037 334
29332 335
29383 336
29484 337
29719 338
29743 339
30755 340
30948 341
30809 342
30541 343
30626 344
30400 345
31558 346
30271 347
30993 348
31530 349
31397 350
31801 351
31535 352
31843 353
32132 354
32403 355
32987 356
32171 357
32614 358
33067 359
32817 360
33785 361
32537 362
33530 363
32923 364
33020 365
33230 366
32870 367
33557 368
32830 369
32713 370
33140 371
32554 372
32392 373
31890 374
32253 375
33897 376
32579 377
32782 378
32160 379
31778 380
32371 381
32335 382
32509 383
30690 384
30551 385
30459 386
31161 387
31177 388
30591 389
30136 390
30694 391
30118 392
30402 393
29348 394
28707 395
28816 396
28112 397
28075 398
28010 399
27920 400
28097 401
27610 402
27967 403
27469 404
27247 405
27196 406
26857 407
26820 408
26191 409
26208 410
26251 411
25374 412
25311 413
25105 414
25288 415
24571 416
24789 417
24892 418
23964 419
23996 420
23254 421
23835 422
22962 423
22527 424
23067 425
23313 426
22412 427
21539 428
21100 429
20272 430
20858 431
20772 432
19832 433
21662 434
19158 435
19064 436
18878 437
18313 438
17949 439
17742 440
17738 441
17447 442
18280 443
16704 444
16719 445
16669 446
16323 447
16037 448
16046 449
15776 450
14995 451
15082 452
15604 453
14761 454
15263 455
14628 456
14155 457
14233 458
14005 459
14495 460
14235 461
14364 462
13677 463
13847 464
14613 465
14195 466
13262 467
13932 468
13452 469
13699 470
13357 471
13607 472
13194 473
13887 474
13863 475
14145 476
14744 477
12962 478
15077 479
13559 480
13325 481
13120 482
13102 483
13245 484
12817 485
13238 486
13290 487
12855 488
13446 489
12808 490
12917 491
13220 492
12887 493
14460 494
12932 495
12921 496
12797 497
12765 498
12938 499
12703 500
13268 501
12866 502
12681 503
12932 504
12520 505
13159 506
12728 507
12997 508
13043 509
12667 510
12872 511
13095 512
12950 513
12356 514
13030 515
12579 516
12809 517
13229 518
13007 519
13119 520
13203 521
13546 522
13322 523
13353 524
13349 525
13563 526
13543 527
13429 528
13329 529
13546 530
13644 531
13615 532
13999 533
14124 534
13772 535
13624 536
14244 537
13928 538
13617 539
13476 540
13833 541
13804 542
14243 543
14004 544
14091 545
13612 546
13216 547
13849 548
13749 549
13729 550
13266 551
14681 552
13377 553
14129 554
13795 555
13471 556
13572 557
14013 558
14129 559
13608 560
13009 561
13085 562
13166 563
13020 564
13279 565
13186 566
12570 567
12569 568
12366 569
12305 570
12370 571
12040 572
12031 573
12068 574
12035 575
11742 576
12150 577
12124 578
11500 579
11846 580
11885 581
11855 582
11690 583
11901 584
11244 585
11022 586
11506 587
11541 588
11420 589
10935 590
11066 591
10899 592
11174 593
10769 594
11820 595
11044 596
10876 597
10206 598
10354 599
10719 600
10414 601
10499 602
9748 603
10110 604
9447 605
9806 606
9732 607
9438 608
9192 609
9376 610
8825 611
8934 612
8967 613
8863 614
8607 615
8926 616
8488 617
8185 618
8103 619
8329 620
8203 621
8143 622
8126 623
8150 624
8113 625
7937 626
7977 627
7586 628
7604 629
7539 630
7327 631
7631 632
7453 633
7909 634
7356 635
7477 636
6977 637
7297 638
7109 639
6899 640
7240 641
6980 642
6941 643
7085 644
7103 645
6767 646
6629 647
6817 648
6803 649
6667 650
6881 651
7179 652
7118 653
6902 654
6620 655
6394 656
6532 657
6548 658
6764 659
6467 660
6447 661
6518 662
6242 663
6228 664
6260 665
6350 666
6249 667
6123 668
6237 669
6193 670
6031 671
6183 672
6227 673
6195 674
6045 675
6293 676
6049 677
6038 678
6181 679
6078 680
6243 681
6195 682
6249 683
6170 684
6189 685
6443 686
6327 687
6304 688
6408 689
6695 690
6315 691
6537 692
6300 693
6493 694
6561 695
6769 696
6686 697
6732 698
6933 699
6969 700
6945 701
7255 702
6854 703
6724 704
6764 705
7005 706
6793 707
6693 708
6888 709
8100 710
7130 711
6722 712
6906 713
6485 714
6877 715
6851 716
6832 717
6491 718
6490 719
6535 720
6493 721
6460 722
6454 723
6358 724
6549 725
6437 726
6436 727
6655 728
6183 729
6363 730
6334 731
6468 732
6259 733
6149 734
6097 735
6242 736
6119 737
6142 738
6132 739
6146 740
6043 741
6109 742
6201 743
5933 744
6086 745
6011 746
6144 747
5937 748
5912 749
6050 750
6014 751
5897 752
5897 753
5861 754
6160 755
5972 756
5910 757
5923 758
5991 759
5779 760
5763 761
5840 762
5302 763
5707 764
5612 765
5562 766
5608 767
5608 768
5581 769
5231 770
5672 771
5207 772
5266 773
5267 774
5161 775
4784 776
5102 777
4904 778
4874 779
4755 780
4805 781
4597 782
4802 783
4815 784
4846 785
4435 786
4606 787
4522 788
4394 789
4454 790
4444 791
4337 792
4270 793
4193 794
4310 795
4132 796
4186 797
4090 798
4064 799
4243 800
4062 801
3831 802
3990 803
3859 804
3913 805
3756 806
3797 807
3885 808
3902 809
3813 810
3793 811
3800 812
3615 813
3848 814
3614 815
3688 816
3657 817
3755 818
3535 819
3583 820
3647 821
3514 822
3654 823
3651 824
3638 825
3701 826
3687 827
3701 828
3962 829
3617 830
3578 831
3427 832
3541 833
3428 834
3557 835
3571 836
3171 837
3368 838
3363 839
3246 840
3227 841
3142 842
3267 843
3139 844
3080 845
3135 846
3240 847
3047 848
2989 849
3165 850
3186 851
3207 852
3069 853
2934 854
3017 855
3363 856
3138 857
3155 858
3041 859
3151 860
3191 861
3161 862
3145 863
3039 864
3227 865
3149 866
3210 867
3158 868
3221 869
3301 870
3248 871
3406 872
3408 873
3201 874
3633 875
3502 876
3533 877
3526 878
3545 879
3614 880
3432 881
3513 882
3462 883
3914 884
3678 885
3394 886
3606 887
3373 888
3410 889
3456 890
3343 891
3274 892
3357 893
3311 894
3410 895
3209 896
3275 897
3150 898
3142 899
3095 900
3071 901
3036 902
2957 903
2941 904
2998 905
2820 906
2931 907
2855 908
2859 909
2915 910
2883 911
2997 912
2863 913
2784 914
2927 915
2788 916
2934 917
2914 918
2749 919
2834 920
2747 921
2921 922
2769 923
2683 924
2748 925
2812 926
2815 927
2718 928
2863 929
2820 930
2827 931
3122 932
3000 933
2948 934
2745 935
2853 936
3011 937
2913 938
3115 939
2705 940
3012 941
3071 942
2927 943
4495 944
2796 945
2966 946
2969 947
2726 948
2932 949
2859 950
3058 951
2642 952
2679 953
2534 954
2528 955
2840 956
2357 957
2458 958
2531 959
2334 960
2368 961
2275 962
2289 963
2229 964
2385 965
2268 966
2190 967
2130 968
2096 969
2002 970
2165 971
2144 972
2135 973
2160 974
2232 975
2037 976
2090 977
2098 978
2149 979
2067 980
1906 981
2044 982
1986 983
2215 984
2044 985
2137 986
2249 987
2454 988
2154 989
2181 990
2208 991
2175 992
2478 993
2930 994
2323 995
2377 996
2256 997
2762 998
2838 999
2591 1000
998 1001
1040 1002
1028 1003
918 1004
913 1005
914 1006
873 1007
829 1008
857 1009
846 1010
755 1011
814 1012
771 1013
795 1014
750 1015
803 1016
803 1017
744 1018
756 1019
756 1020
767 1021
737 1022
757 1023
737 1024
691 1025
736 1026
733 1027
694 1028
719 1029
693 1030
816 1031
667 1032
769 1033
736 1034
693 1035
683 1036
766 1037
610 1038
596 1039
573 1040
646 1041
612 1042
604 1043
618 1044
685 1045
625 1046
626 1047
590 1048
636 1049
633 1050
567 1051
589 1052
622 1053
522 1054
557 1055
545 1056
587 1057
510 1058
519 1059
560 1060
573 1061
507 1062
500 1063
530 1064
512 1065
529 1066
535 1067
482 1068
468 1069
412 1070
480 1071
465 1072
483 1073
456 1074
522 1075
479 1076
497 1077
543 1078
512 1079
483 1080
490 1081
470 1082
485 1083
444 1084
481 1085
472 1086
454 1087
443 1088
405 1089
459 1090
480 1091
427 1092
450 1093
427 1094
414 1095
404 1096
393 1097
411 1098
403 1099
399 1100
401 1101
421 1102
424 1103
437 1104
397 1105
446 1106
375 1107
382 1108
345 1109
388 1110
384 1111
328 1112
328 1113
379 1114
329 1115
352 1116
342 1117
348 1118
364 1119
344 1120
352 1121
332 1122
330 1123
314 1124
325 1125
313 1126
302 1127
290 1128
305 1129
337 1130
269 1131
261 1132
343 1133
301 1134
307 1135
285 1136
277 1137
332 1138
242 1139
264 1140
295 1141
291 1142
260 1143
239 1144
258 1145
210 1146
224 1147
230 1148
267 1149
236 1150
239 1151
222 1152
236 1153
206 1154
207 1155
251 1156
224 1157
208 1158
216 1159
221 1160
211 1161
225 1162
186 1163
205 1164
192 1165
169 1166
204 1167
211 1168
181 1169
191 1170
203 1171
182 1172
180 1173
180 1174
183 1175
173 1176
173 1177
180 1178
145 1179
152 1180
146 1181
151 1182
154 1183
127 1184
149 1185
164 1186
145 1187
137 1188
142 1189
147 1190
134 1191
135 1192
120 1193
125 1194
123 1195
148 1196
121 1197
149 1198
132 1199
122 1200
123 1201
119 1202
125 1203
109 1204
122 1205
117 1206
117 1207
117 1208
119 1209
101 1210
105 1211
122 1212
79 1213
99 1214
102 1215
94 1216
87 1217
85 1218
99 1219
103 1220
92 1221
108 1222
116 1223
88 1224
105 1225
93 1226
95 1227
86 1228
92 1229
93 1230
79 1231
90 1232
86 1233
80 1234
61 1235
84 1236
83 1237
61 1238
63 1239
85 1240
81 1241
69 1242
79 1243
81 1244
80 1245
76 1246
68 1247
67 1248
60 1249
61 1250
64 1251
66 1252
61 1253
63 1254
58 1255
54 1256
62 1257
52 1258
51 1259
44 1260
56 1261
51 1262
51 1263
56 1264
56 1265
72 1266
52 1267
57 1268
48 1269
42 1270
53 1271
49 1272
64 1273
41 1274
47 1275
52 1276
50 1277
56 1278
44 1279
48 1280
46 1281
36 1282
48 1283
52 1284
41 1285
34 1286
49 1287
36 1288
32 1289
32 1290
38 1291
32 1292
27 1293
39 1294
29 1295
40 1296
35 1297
40 1298
46 1299
33 1300
26 1301
39 1302
37 1303
38 1304
34 1305
28 1306
23 1307
38 1308
29 1309
23 1310
31 1311
32 1312
21 1313
24 1314
24 1315
18 1316
15 1317
25 1318
22 1319
21 1320
15 1321
30 1322
32 1323
32 1324
21 1325
21 1326
19 1327
18 1328
13 1329
17 1330
15 1331
15 1332
22 1333
19 1334
10 1335
8 1336
15 1337
18 1338
14 1339
15 1340
16 1341
13 1342
20 1343
28 1344
18 1345
16 1346
13 1347
16 1348
17 1349
13 1350
13 1351
14 1352
14 1353
8 1354
18 1355
16 1356
16 1357
10 1358
10 1359
14 1360
6 1361
9 1362
12 1363
11 1364
10 1365
2 1366
11 1367
10 1368
12 1369
10 1370
16 1371
9 1372
6 1373
6 1374
6 1375
10 1376
8 1377
4 1378
9 1379
7 1380
13 1381
9 1382
9 1383
9 1384
7 1385
7 1386
13 1387
9 1388
13 1389
8 1390
7 1391
8 1392
5 1393
4 1394
4 1395
7 1396
7 1397
15 1398
7 1399
10 1400
8 1401
5 1402
2 1403
8 1404
5 1405
6 1406
10 1407
5 1408
1 1409
3 1410
2 1411
6 1412
4 1413
2 1414
3 1415
6 1416
7 1417
5 1418
8 1419
5 1420
4 1421
2 1422
13 1423
4 1424
5 1425
9 1426
1 1427
4 1428
3 1429
5 1430
4 1431
6 1432
5 1433
1 1434
5 1435
4 1436
4 1437
4 1438
2 1439
4 1440
5 1441
4 1442
5 1443
8 1444
2 1445
11 1446
4 1447
4 1448
7 1449
4 1450
4 1451
3 1452
3 1453
1 1454
4 1455
5 1456
3 1457
4 1458
1 1459
1 1460
2 1461
7 1462
3 1463
1 1464
2 1465
1 1468
1 1469
1 1470
3 1471
4 1472
1 1473
1 1474
1 1475
3 1476
6 1477
5 1478
5 1479
5 1480
1 1481
5 1482
2 1483
2 1484
1 1486
2 1487
1 1488
4 1489
1 1490
3 1491
4 1492
1 1493
6 1494
2 1495
4 1496
2 1497
9 1498
1 1500
1 1501
5 1502
1 1503
2 1504
2 1505
3 1506
9 1507
1 1508
1 1509
3 1510
4 1511
5 1512
2 1513
2 1514
2 1515
7 1517
10 1518
1 1519
4 1521
1 1522
3 1523
3 1524
2 1525
1 1526
3 1527
2 1528
4 1529
1 1530
3 1531
2 1533
6 1534
5 1535
1 1536
4 1537
5 1539
3 1540
4 1542
7 1543
2 1544
2 1545
5 1546
7 1547
1 1548
1 1549
1 1551
2 1552
2 1554
2 1555
1 1556
1 1558
3 1559
2 1560
1 1561
2 1562
5 1564
6 1565
1 1566
2 1567
3 1568
2 1569
1 1571
3 1572
1 1573
2 1574
4 1575
2 1576
4 1577
1 1578
3 1579
1 1580
1 1581
2 1582
2 1583
1 1585
4 1586
5 1587
6 1588
2 1590
5 1591
3 1592
2 1593
1 1594
1 1595
3 1600
8 1601
5 1602
3 1604
3 1605
4 1606
2 1608
1 1609
2 1611
1 1612
1 1615
2 1617
3 1618
5 1619
2 1620
3 1622
3 1623
1 1625
6 1627
3 1629
1 1630
2 1631
1 1632
3 1633
1 1634
1 1636
2 1637
4 1638
1 1639
2 1640
4 1641
3 1643
2 1644
2 1645
1 1646
1 1647
3 1648
2 1651
2 1652
1 1654
6 1655
1 1656
6 1657
3 1658
5 1659
4 1662
1 1664
3 1665
6 1666
2 1667
1 1668
1 1670
3 1674
4 1675
1 1676
1 1679
3 1680
2 1681
1 1683
1 1685
1 1686
7 1687
1 1688
5 1689
5 1691
2 1692
1 1693
1 1694
2 1697
4 1698
2 1700
4 1701
2 1702
3 1704
2 1705
1 1707
5 1709
1 1710
1 1711
6 1712
5 1713
3 1716
2 1717
1 1718
3 1719
3 1720
8 1721
2 1724
1 1726
3 1727
2 1728
1 1730
2 1731
1 1732
3 1733
1 1734
2 1737
2 1739
4 1740
2 1741
9 1742
2 1743
4 1744
4 1746
1 1747
3 1750
1 1751
1 1753
1 1755
2 1756
6 1758
1 1759
1 1760
5 1761
1 1762
2 1767
8 1769
2 1770
2 1771
1 1772
4 1773
4 1774
2 1775
5 1777
2 1781
3 1782
4 1785
2 1787
2 1790
2 1792
3 1793
1 1794
3 1795
4 1796
1 1797
3 1799
1 1800
3 1802
1 1804
7 1806
2 1809
2 1810
3 1813
1 1815
4 1816
1 1817
1 1818
1 1819
1 1820
3 1821
1 1822
4 1824
1 1825
3 1828
3 1829
1 1830
5 1831
3 1833
2 1834
2 1835
1 1836
1 1837
1 1838
1 1839
1 1841
6 1842
1 1843
1 1844
1 1845
1 1847
6 1848
2 1850
3 1852
3 1853
2 1856
1 1857
3 1859
1 1860
5 1861
2 1870
5 1872
1 1873
2 1874
1 1876
3 1878
1 1879
2 1881
2 1882
1 1883
2 1885
2 1887
1 1889
6 1891
2 1892
3 1894
5 1895
2 1897
1 1898
4 1899
3 1900
4 1901
1 1902
3 1903
1 1904
4 1905
1 1907
1 1908
3 1910
3 1911
1 1914
3 1916
2 1918
4 1919
2 1921
5 1923
1 1924
1 1925
3 1936
2 1937
1 1940
1 1941
2 1942
1 1945
1 1947
5 1948
2 1949
4 1950
2 1951
2 1952
4 1953
7 1955
2 1957
4 1958
6 1959
1 1960
4 1963
2 1967
1 1968
4 1970
1 1973
1 1974
3 1975
5 1976
5 1977
4 1978
2 1980
2 1982
2 1983
2 1986
2 1987
1 1988
1 1989
1 1993
2 1994
3 2001
1 2004
4 2005
2 2006
6 2007
3 2008
1 2009
1 2014
1 2015
2 2017
1 2018
1 2021
2 2022
2 2023
2 2026
1 2028
1 2030
1 2031
2 2034
3 2035
3 2036
1 2037
3 2041
3 2042
2 2045
3 2050
1 2051
2 2053
1 2054
3 2057
1 2062
2 2064
2 2065
3 2066
3 2067
1 2070
2 2074
4 2075
2 2076
2 2078
6 2079
1 2086
5 2087
4 2089
1 2098
3 2099
1 2100
1 2102
1 2104
2 2106
4 2107
3 2110
1 2111
3 2112
2 2114
3 2115
7 2116
1 2117
1 2118
8 2119
2 2122
1 2123
2 2125
5 2127
3 2130
2 2131
6 2133
1 2134
3 2135
1 2137
3 2139
2 2140
1 2144
1 2145
1 2147
6 2151
2 2152
1 2157
1 2158
3 2160
5 2163
1 2165
1 2167
1 2168
4 2169
1 2170
2 2171
2 2172
3 2173
3 2174
1 2175
1 2176
1 2178
2 2179
2 2180
1 2181
1 2182
4 2185
3 2186
1 2187
3 2188
1 2189
1 2190
6 2193
4 2196
2 2198
3 2199
1 2200
2 2202
1 2208
1 2209
3 2210
2 2212
2 2213
2 2215
6 2216
2 2219
1 2224
6 2225
1 2227
2 2230
1 2231
2 2232
2 2235
2 2236
1 2237
1 2238
5 2241
2 2242
1 2244
4 2245
1 2248
1 2249
6 2252
1 2253
3 2254
2 2256
1 2258
3 2259
2 2261
1 2262
2 2264
6 2265
6 2269
3 2270
3 2272
5 2276
2 2281
1 2282
1 2287
4 2290
1 2291
1 2292
1 2293
5 2295
1 2298
1 2300
2 2301
1 2302
2 2303
1 2304
2 2306
3 2307
3 2309
1 2311
5 2318
2 2319
3 2323
1 2324
2 2326
1 2328
1 2331
1 2333
1 2334
2 2336
3 2337
1 2339
3 2345
3 2346
5 2347
4 2349
1 2350
1 2352
2 2354
5 2356
1 2358
3 2359
1 2360
8 2361
2 2362
1 2366
1 2367
3 2371
1 2373
6 2375
1 2376
2 2380
1 2382
2 2383
5 2384
1 2387
2 2388
1 2389
1 2391
2 2392
1 2395
4 2398
1 2400
1 2403
1 2408
2 2409
1 2410
1 2413
2 2414
3 2415
1 2418
1 2419
2 2423
2 2425
3 2426
1 2427
1 2430
1 2432
3 2433
1 2434
1 2435
2 2436
1 2440
1 2441
2 2442
1 2446
6 2447
1 2449
1 2450
2 2451
1 2452
2 2453
2 2454
4 2455
1 2456
5 2458
5 2462
3 2463
2 2465
3 2466
4 2470
2 2476
3 2477
2 2480
4 2481
1 2482
4 2484
2 2486
3 2487
1 2488
1 2489
5 2490
2 2498
5 2501
1 2504
2 2505
1 2506
1 2507
3 2512
1 2513
2 2516
2 2517
5 2522
2 2525
1 2528
3 2530
1 2532
2 2534
1 2537
2 2538
1 2539
5 2540
3 2541
1 2550
3 2553
1 2558
2 2562
1 2565
1 2567
1 2575
1 2578
2 2579
4 2583
3 2585
6 2587
2 2589
3 2591
2 2593
1 2599
2 2600
2 2601
2 2604
2 2605
2 2606
4 2608
3 2610
2 2612
2 2613
1 2617
2 2619
1 2620
1 2621
5 2624
1 2627
1 2629
1 2632
2 2635
1 2637
2 2639
1 2640
3 2642
1 2646
1 2647
3 2648
4 2649
2 2651
1 2655
3 2660
2 2664
1 2669
3 2674
1 2675
2 2680
2 2681
2 2682
2 2686
1 2689
1 2696
2 2703
2 2707
1 2709
1 2710
1 2719
1 2722
5 2723
2 2725
1 2727
3 2728
1 2732
1 2733
1 2734
3 2738
4 2739
3 2740
2 2743
2 2745
3 2749
4 2750
3 2753
3 2759
2 2762
3 2768
1 2770
1 2771
4 2772
3 2774
2 2776
2 2778
1 2781
2 2782
1 2785
1 2786
2 2788
1 2798
2 2799
1 2800
2 2804
1 2805
1 2817
6 2818
1 2821
1 2825
6 2827
1 2831
1 2833
1 2834
1 2835
3 2838
2 2839
1 2841
2 2842
1 2843
1 2844
1 2845
1 2850
2 2851
2 2855
1 2859
2 2862
2 2865
1 2866
1 2868
1 2869
3 2873
1 2874
2 2875
3 2878
1 2883
1 2886
2 2888
3 2890
1 2895
2 2897
1 2900
1 2908
2 2915
3 2919
1 2920
1 2921
1 2928
1 2929
3 2930
1 2935
1 2936
1 2942
9 2945
1 2946
1 2947
1 2949
1 2951
1 2952
2 2956
2 2958
2 2961
2 2962
4 2965
2 2967
3 2968
5 2969
1 2973
4 2980
5 2984
1 2986
3 2989
1 2996
4 2997
3 2999
4 3002
1 3004
1 3005
1 3006
8 3007
1 3008
1 3013
1 3014
1 3016
1 3019
1 3021
1 3022
1 3024
1 3028
1 3037
1 3058
3 3060
3 3061
1 3062
1 3065
1 3066
1 3068
2 3070
2 3072
1 3078
1 3082
1 3085
3 3086
1 3087
1 3092
2 3093
1 3097
1 3098
1 3100
3 3102
1 3106
5 3109
1 3111
6 3113
1 3115
5 3116
1 3120
1 3121
2 3123
3 3125
2 3126
3 3127
1 3132
1 3136
1 3139
2 3140
2 3141
1 3142
2 3143
2 3150
2 3152
2 3157
1 3160
1 3162
2 3163
4 3173
1 3175
5 3176
2 3182
5 3188
2 3191
1 3192
2 3203
2 3205
1 3212
1 3217
1 3229
1 3237
5 3240
4 3243
3 3245
1 3247
1 3248
3 3249
2 3251
1 3254
2 3258
3 3259
3 3264
5 3267
2 3269
1 3270
4 3278
1 3281
1 3287
1 3288
6 3290
3 3300
1 3303
1 3304
2 3306
3 3307
1 3312
1 3314
1 3320
1 3321
1 3322
1 3331
1 3332
1 3333
1 3342
1 3344
2 3347
1 3351
2 3355
3 3356
3 3358
1 3361
1 3363
1 3367
2 3370
3 3373
1 3381
2 3389
1 3390
9 3393
2 3395
3 3396
2 3405
1 3409
1 3412
1 3421
3 3423
3 3426
2 3427
1 3429
2 3431
2 3433
2 3434
2 3435
2 3437
1 3442
1 3443
2 3446
2 3447
1 3452
4 3453
1 3455
2 3456
1 3466
4 3468
2 3469
6 3471
2 3473
1 3478
5 3482
1 3487
1 3489
3 3491
1 3492
2 3496
1 3497
2 3499
1 3505
5 3509
1 3520
1 3546
1 3549
3 3554
2 3556
1 3558
1 3566
1 3570
2 3572
1 3576
1 3577
2 3581
1 3583
2 3587
5 3591
1 3596
1 3599
3 3601
3 3603
2 3605
4 3606
1 3608
1 3609
2 3611
3 3624
1 3627
2 3637
2 3643
2 3647
1 3652
2 3655
2 3661
2 3674
4 3680
1 3682
2 3687
1 3700
2 3706
1 3718
1 3720
1 3726
1 3727
1 3730
2 3735
1 3741
2 3744
1 3748
4 3749
2 3751
2 3752
3 3757
1 3761
1 3763
1 3765
2 3767
2 3768
3 3773
1 3776
1 3778
3 3785
1 3796
2 3801
3 3809
1 3818
3 3819
1 3830
1 3831
1 3832
1 3834
1 3847
2 3848
1 3853
2 3861
1 3864
2 3867
1 3873
3 3881
2 3882
1 3889
3 3897
1 3900
1 3902
2 3906
1 3907
3 3908
2 3919
1 3926
1 3927
2 3928
1 3929
2 3931
1 3932
1 3933
3 3938
3 3939
1 3940
1 3948
2 3950
2 3952
2 3953
3 3966
2 3970
4 3974
1 3975
2 3989
4 4002
1 4006
3 4009
2 4021
1 4026
2 4027
2 4033
2 4034
4 4048
1 4052
1 4060
2 4062
3 4065
1 4067
1 4073
3 4075
2 4086
4 4088
1 4112
1 4137
1 4138
2 4142
2 4153
1 4164
1 4167
1 4173
1 4178
1 4184
3 4191
1 4193
1 4196
2 4222
3 4228
1 4230
2 4231
4 4234
1 4249
4 4252
1 4253
5 4256
1 4258
1 4260
1 4275
1 4284
1 4291
1 4292
1 4306
3 4313
3 4317
1 4326
1 4337
1 4355
1 4370
1 4391
1 4392
1 4396
2 4412
2 4413
1 4417
3 4435
3 4437
1 4444
1 4449
1 4457
6 4460
5 4467
3 4470
7 4471
5 4476
2 4484
3 4486
1 4493
1 4499
4 4505
1 4511
1 4520
3 4542
2 4547
1 4559
5 4568
1 4570
3 4575
3 4580
1 4582
1 4583
2 4584
2 4586
1 4587
1 4601
3 4607
1 4624
2 4637
1 4638
1 4647
1 4649
1 4660
8 4670
1 4678
1 4679
2 4685
1 4688
1 4691
3 4699
1 4705
2 4710
1 4724
6 4728
1 4742
1 4743
1 4754
1 4758
2 4767
4 4768
2 4775
1 4794
1 4808
2 4809
1 4818
1 4823
1 4828
2 4835
1 4836
2 4838
2 4845
1 4850
1 4851
3 4862
1 4870
1 4871
3 4877
1 4881
1 4882
3 4897
3 4900
1 4902
1 4925
2 4935
1 4940
1 4942
1 4947
1 4950
2 4952
2 4963
1 4967
3 4975
3 4992
2 5011
2 5014
1 5022
5 5026
1 5027
1 5035
2 5042
1 5050
3 5052
2 5060
2 5065
2 5101
1 5104
3 5106
1 5109
4 5111
1 5127
2 5147
2 5151
1 5179
4 5183
2 5189
1 5201
1 5206
1 5212
2 5213
1 5235
2 5236
1 5253
1 5256
1 5257
5 5261
2 5263
2 5265
1 5308
1 5309
1 5317
1 5323
2 5329
2 5350
2 5362
3 5369
2 5382
3 5385
2 5387
2 5389
2 5390
2 5398
2 5407
3 5423
5 5427
1 5431
2 5434
1 5435
2 5446
2 5448
2 5454
2 5456
1 5457
1 5461
1 5469
2 5471
1 5472
1 5474
1 5491
1 5493
3 5508
3 5509
1 5517
2 5520
1 5526
1 5528
1 5532
2 5540
2 5541
2 5550
1 5552
1 5564
1 5568
1 5577
4 5583
2 5585
3 5589
3 5600
4 5602
1 5604
1 5623
4 5629
1 5639
1 5641
1 5653
1 5654
3 5662
4 5663
1 5673
1 5674
2 5677
3 5684
3 5688
2 5691
4 5695
1 5700
1 5705
4 5709
2 5711
1 5716
4 5738
1 5747
4 5750
2 5751
2 5753
1 5761
1 5767
2 5793
3 5800
1 5806
2 5819
1 5827
4 5831
1 5833
2 5841
1 5857
3 5864
2 5869
3 5872
1 5878
3 5879
1 5891
1 5892
1 5898
1 5926
2 5932
1 5954
1 5956
4 5958
1 5960
1 5964
1 5968
1 5977
1 5981
4 5988
3 5998
1 6000
1 6006
2 6029
1 6031
3 6038
1 6039
1 6054
1 6064
1 6099
2 6101
2 6104
2 6118
1 6123
1 6134
1 6164
1 6176
1 6178
3 6193
1 6196
3 6230
1 6241
1 6245
1 6252
3 6254
2 6257
1 6261
1 6275
1 6277
1 6278
2 6279
1 6282
1 6288
1 6294
1 6296
1 6305
3 6313
1 6338
1 6339
1 6349
1 6354
1 6363
1 6370
1 6372
1 6376
4 6391
1 6395
3 6397
1 6406
1 6410
2 6411
1 6416
1 6424
1 6427
4 6433
1 6441
1 6443
1 6444
3 6451
1 6458
1 6461
4 6465
1 6470
1 6471
1 6472
1 6473
1 6478
1 6493
6 6494
3 6495
1 6498
4 6499
2 6501
2 6502
1 6507
1 6508
3 6512
1 6521
6 6527
1 6529
3 6539
1 6540
1 6541
4 6542
2 6543
1 6546
4 6548
2 6549
4 6550
2 6555
1 6557
1 6560
1 6562
3 6564
2 6567
5 6570
6 6571
2 6574
3 6577
2 6578
3 6579
2 6580
2 6583
3 6585
2 6586
3 6589
1 6591
5 6593
1 6594
2 6597
4 6598
1 6601
3 6603
5 6604
1 6605
2 6606
1 6609
1 6611
1 6612
2 6618
2 6621
2 6623
4 6629
2 6632
2 6633
1 6637
1 6652
1 6654
2 6655
2 6660
2 6662
3 6663
2 6664
6 6665
2 6666
2 6667
3 6669
2 6670
2 6671
1 6673
2 6675
1 6678
3 6682
5 6683
3 6684
2 6686
2 6687
4 6688
2 6692
1 6693
1 6696
2 6697
5 6699
2 6700
8 6702
4 6707
4 6708
6 6709
5 6712
1 6714
2 6715
8 6716
3 6717
2 6720
5 6721
1 6722
2 6723
2 6725
4 6727
3 6728
1 6729
2 6730
3 6734
1 6735
3 6738
4 6740
2 6743
1 6744
2 6745
3 6746
3 6748
3 6751
2 6752
6 6756
2 6757
2 6758
2 6759
3 6761
6 6762
1 6763
1 6766
4 6768
1 6769
2 6771
1 6772
3 6773
1 6776
2 6778
1 6779
2 6780
6 6781
1 6782
7 6784
4 6786
1 6788
2 6790
2 6794
3 6796
3 6797
2 6798
3 6799
6 6801
2 6804
9 6809
1 6810
1 6811
2 6812
5 6814
1 6815
6 6818
3 6819
6 6820
4 6821
2 6822
4 6823
2 6824
3 6825
1 6827
3 6830
2 6832
1 6833
1 6834
1 6835
4 6837
1 6841
4 6842
1 6843
1 6844
4 6845
2 6846
7 6848
1 6858
5 6860
3 6861
2 6867
4 6868
5 6870
4 6873
2 6874
1 6875
1 6876
2 6878
3 6888
2 6889
2 6891
3 6893
1 6895
3 6896
1 6899
4 6900
1 6901
4 6902
2 6905
1 6910
8 6912
1 6913
2 6914
1 6917
1 6918
3 6920
1 6921
2 6922
1 6927
2 6929
2 6930
6 6931
1 6933
2 6936
4 6937
3 6939
7 6943
3 6944
2 6945
7 6946
1 6947
6 6948
1 6950
1 6951
4 6953
2 6955
6 6956
1 6957
1 6958
1 6959
2 6961
4 6963
1 6964
2 6968
6 6970
2 6971
2 6972
5 6977
1 6978
6 6980
6 6981
6 6982
1 6983
5 6984
3 6986
2 6987
1 6988
3 6989
12 6990
3 6992
1 6993
4 6995
2 6996
2 6997
3 6999
3 7007
2 7008
1 7009
6 7010
5 7016
2 7018
2 7020
2 7022
2 7025
2 7026
1 7029
1 7030
1 7031
5 7032
4 7033
3 7034
2 7035
1 7036
2 7039
5 7045
2 7046
1 7047
5 7048
2 7050
6 7052
1 7055
3 7056
3 7061
1 7065
2 7068
4 7070
3 7071
2 7074
1 7076
2 7077
3 7080
2 7082
2 7084
6 7086
2 7087
1 7088
2 7093
4 7094
4 7095
2 7098
2 7101
1 7103
1 7108
3 7111
1 7113
2 7116
2 7118
3 7119
6 7120
5 7122
2 7124
2 7125
2 7128
1 7130
1 7131
1 7134
2 7136
5 7139
1 7140
1 7141
3 7142
4 7146
4 7147
2 7149
3 7151
2 7152
1 7153
2 7156
5 7158
1 7159
2 7163
2 7166
5 7169
2 7173
1 7175
2 7176
1 7177
3 7178
2 7179
2 7182
1 7183
1 7185
4 7186
1 7188
3 7190
1 7191
5 7194
1 7195
5 7197
1 7198
1 7199
2 7200
4 7203
2 7204
1 7205
1 7207
1 7209
2 7211
3 7213
3 7214
1 7216
1 7220
4 7221
2 7225
1 7227
4 7229
1 7230
7 7231
4 7232
3 7233
1 7234
1 7235
2 7236
1 7238
2 7242
4 7243
1 7246
2 7248
1 7249
1 7250
1 7253
1 7255
1 7258
2 7263
5 7266
2 7268
1 7269
1 7270
1 7271
2 7274
2 7275
1 7277
4 7278
2 7279
3 7280
1 7281
5 7282
1 7283
2 7284
1 7285
1 7287
1 7290
1 7294
1 7296
1 7297
3 7300
4 7305
4 7306
5 7307
3 7308
1 7309
1 7310
2 7313
4 7314
1 7316
1 7318
1 7319
1 7320
1 7321
1 7322
1 7323
1 7329
1 7330
4 7332
1 7338
2 7339
2 7342
1 7345
2 7349
4 7350
4 7352
2 7354
8 7355
3 7356
2 7357
2 7361
1 7364
4 7369
1 7370
1 7372
6 7373
2 7377
1 7378
2 7379
1 7381
4 7382
3 7385
1 7386
1 7387
2 7388
2 7390
3 7391
1 7394
2 7397
3 7398
2 7401
2 7404
4 7405
3 7407
3 7410
1 7412
1 7413
2 7414
1 7415
1 7416
1 7417
2 7419
6 7420
5 7421
1 7422
6 7423
4 7424
1 7425
1 7426
1 7427
3 7433
1 7434
3 7436
4 7437
3 7440
1 7442
3 7445
1 7446
1 7450
2 7451
3 7452
4 7453
1 7454
1 7455
6 7456
2 7457
1 7458
2 7460
1 7461
2 7465
6 7467
1 7468
1 7469
1 7471
1 7472
2 7473
1 7474
5 7476
1 7481
2 7482
2 7483
4 7485
2 7486
4 7489
1 7490
1 7491
1 7492
3 7494
8 7495
1 7498
3 7499
5 7500
2 7501
2 7504
1 7505
1 7506
1 7508
1 7510
1 7512
3 7514
2 7516
1 7517
3 7520
1 7527
4 7530
4 7533
1 7535
1 7536
3 7537
1 7538
1 7540
3 7541
1 7542
2 7545
2 7548
3 7549
4 7550
2 7553
3 7559
4 7560
2 7562
1 7563
1 7564
2 7565
3 7566
4 7567
1 7568
1 7570
1 7576
1 7582
1 7583
4 7585
1 7587
1 7588
1 7589
6 7590
3 7591
4 7592
2 7599
2 7603
1 7606
5 7607
1 7609
4 7613
3 7615
3 7616
1 7618
1 7624
1 7625
1 7628
1 7636
2 7637
1 7641
5 7642
3 7643
5 7644
5 7650
3 7655
2 7660
1 7661
1 7663
1 7664
1 7674
1 7676
1 7680
3 7681
3 7684
2 7685
2 7687
2 7694
2 7695
2 7697
1 7704
1 7710
3 7713
1 7714
3 7715
2 7718
3 7720
2 7722
1 7725
2 7731
3 7735
1 7737
2 7738
2 7743
3 7749
2 7750
1 7751
1 7752
2 7753
4 7754
1 7757
3 7762
3 7764
1 7765
3 7767
1 7773
2 7777
1 7780
1 7785
1 7787
1 7788
1 7789
1 7791
2 7793
1 7794
3 7795
2 7796
3 7803
1 7815
1 7816
1 7818
1 7819
2 7820
1 7822
1 7824
1 7826
2 7840
1 7842
1 7843
6 7845
1 7846
2 7850
3 7857
1 7859
1 7860
2 7867
2 7872
1 7874
1 7875
1 7878
3 7880
3 7908
1 7909
5 7913
1 7917
1 7919
3 7931
1 7933
1 7934
2 7938
1 7943
1 7946
1 7951
2 7952
2 7953
1 7954
2 7957
1 7960
1 7962
2 7966
2 7969
3 7975
1 7980
1 7983
1 7985
1 7991
1 7992
3 7993
3 7997
1 7999
1 8003
1 8008
1 8018
1 8029
3 8033
1 8041
2 8048
1 8054
1 8055
1 8061
5 8072
1 8073
2 8075
2 8078
1 8079
2 8086
1 8088
1 8095
1 8096
5 8101
1 8102
1 8105
2 8121
2 8125
1 8132
4 8140
1 8146
1 8165
1 8167
1 8181
2 8198
4 8207
2 8224
1 8228
1 8251
2 8263
1 8271
2 8276
1 8281
1 8284
1 8292
1 8309
1 8311
1 8313
1 8315
1 8318
1 8320
1 8324
2 8335
1 8342
1 8346
1 8350
1 8359
1 8424
2 8457
1 8459
3 8460
2 8461
3 8479
3 8494
1 8544
3 8547
4 8551
1 8595
2 8631
2 8669
1 8688
1 8692
2 8709
3 8789
2 8797
1 8823
1 8851
2 8886
1 8963
2 8996
1 9011
1 9012
1 9016
1 9029
1 9061
1 9084
3 9091
1 9116
4 9154
1 9227
1 9235
1 9239
1 9241
3 9243
3 9255
1 9305
1 9347
2 9384
2 9465
1 9493
4 9523
2 9568
3 9570
1 9596
1 9818
1 9830
1 9833
1 9857
1 9876
1 9912
1 10019
1 10028
1 10147
2 10299
1 10300
1 10399
1 10403
3 10408
1 10509
3 10620
2 10679
1 10749
4 10756
1 10900
1 10910
2 10926
1 10939
3 11083
4 11092
1 11115
5 11155
1 11164
3 11209
1 11251
1 11264
1 11274
3 11281
1 11605
4 11629
2 11721
2 11786
3 11866
1 12046
1 12188
2 12332
1 12433
1 12480
1 12495
1 12620
2 12835
1 12845
2 12933
1 13037
2 13068
4 13149
1 13174
2 13212
1 13224
2 13253
1 13362
1 13417
1 13479
1 13726
1 13789
1 13928
1 13951
3 14006
2 14065
1 14091
1 14148
1 14176
2 14303
2 14384
1 14513
1 14734
2 14919
1 14924
2 15357
1 15705
1 15755
1 16323
1 17037
4 17377
1 17926
1 17939
1 17986
1 18435
1 18568
4 18583
1 20204
1 20237
2 20334
3 20619
1 21211
2 21385
1 22251
1 22789
2 23199
1 23220
1 23849
1 25279
2 25423
5 25549
1 26174
1 26309
1 26365
1 26367
1 26429
2 26892
2 27463
2 28652
2 28710
1 28970
3 28985
2 29173
1 30030
1 30256
2 30506
2 31324
1 32733
2 34372
1 34894
1 35536
1 37825
1 38883
3 39678
1 40563
1 40613
2 41936
1 47281
1 47900
2 50197
1 52585
1 57048
2 58104
1 60036
1 63916
1 64454
1 64613
2 77796
1 78296
1 117411
1 119627
1 127259
1 137621
1 145153
2 152287
2 180631
2 226360
1 227012
1 227020
1 237251
1 237252
1 251356
1 257277
1 258113
1 271473
2 314713
3 314815
1 338098
2 347408
1 359363
1 381066
2 392785
2 393804
4 492910
2 517561
1 521578
2 522359
2 550163
1 560050
1 566631
1 571245
2 681793
1 713709
1 807306
1 813442
4 835766
1 883439
1 1024622
1 1045986
1 1102824
2 1102939
1 1104023
2 1174760
1 1212674
2 1238813
3 1310919
1 1414863
1 1435642
1 1444621
1 1601261
2 1603355
2 1651948
1 1724922
1 1776201
2 2041796
1 2108398
2 2227147
2 2244229
2 2266080
1 2524583
1 2687277
2 2690123
2 2695580
2 2715504
1 2729509
1 2818457
1 2863056
4 2863165
1 2863452
1 2863482
1 2863504
1 2890138
1 3148178
1 3224054
1 3240923
1 3381744
2 3514748
1 3551322
1 3605452
1 3963646
1 4051102
4 4097460
2 4203617
1 4701037
1 4781664
2 4959064
1 5187094
2 5272104
1 5277628
2 5414799
1 5696147
1 5698838
1 6107730
1 6120875
1 6250430
2 6501206
1 6571236
1 6661443
2 6940201
1 7081124
3 7786388
1 8566477
1 8567191
1 8585977
1 9061645
1 9121843
1 9425377
5 9425378
6 9425381
7 9425383
2 9425385
2 9425387
5 9425389
1 9425394
3 9425398
2 9425403
4 9425406
2 9425408
1 9425411
1 9425416
2 9425417
2 9425418
1 9425420
8 9425425
2 9425428
1 9425430
2 9425431
1 9425432
3 9425433
12 9425435
1 9425436
2 9425437
3 9425438
1 9425440
5 9425441
1 9425442
5 9425443
1 9425446
4 9425447
13 9425448
10 9425450
3 9425451
3 9425452
2 9425453
5 9425454
1 9425455
4 9425456
4 9425457
7 9425459
7 9425460
5 9425461
5 9425462
18 9425463
3 9425464
11 9425465
3 9425466
5 9425467
10 9425468
13 9425469
15 9425470
11 9425471
8 9425472
11 9425473
2 9425474
3 9425475
12 9425476
7 9425477
9 9425478
1 9425479
6 9425480
7 9425481
2 9425482
12 9425483
8 9425484
5 9425485
4 9425486
4 9425487
4 9425488
4 9425489
5 9425490
10 9425491
5 9425492
6 9425493
4 9425495
3 9425496
8 9425497
10 9425498
3 9425500
3 9425501
3 9425502
2 9425503
1 9425504
3 9425505
3 9425507
1 9425508
2 9425509
1 9425511
5 9425512
4 9425513
1 9425514
1 9425515
4 9425516
4 9425518
3 9425519
1 9425524
1 9657851
1 9877577
1 9877579
1 9877582
2 9877588
1 9877589
1 9877590
2 9877595
3 9877596
5 9877597
3 9877600
3 9877601
4 9877602
4 9877604
4 9877606
8 9877608
1 9877609
1 9877610
1 9877611
14 9877612
3 9877614
5 9877616
3 9877620
1 9877623
2 9877704
2 9877706
5 9877707
1 9877708
4 9877709
1 9877710
1 9877711
1 9877712
1 9877714
1 9877716
1 9877717
1 9877724
3 9877729
1 10089526
1 10141465
3 10141494
1 10141513
1 10141577
1 10752868
1 10988325
1 11155517
3 11491077
2 11803428
2 12024790
1 12086601
1 12677599
1 12778642
1 13466198
3 13474023
1 13476913
4 13662802
1 13732869
1 14219131
1 14667970
1 14753244
1 14809843
1 14825356
1 15281066
1 15294701
3 15557036
1 15771042
1 15922458
1 16128970
2 16157101
6 16157117
1 16157120
2 16157135
1 16157145
2 16157159
1 16157193
1 16157231
1 16157251
1 16157265
3 16157293
4 16157351
2 16157401
1 16157416
1 16157417
1 16157420
1 16157467
1 16157547
2 16157548
1 16157594
1 16157667
1 16157712
1 16157734
1 16214830
1 16381858
1 18586837
1 18734387
1 18734396
1 18734397
3 18734411
1 19817466
1 19826269
2 20426804
1 20745775
1 20825671
1 20862034
1 21231048
1 21484473
2 21574030
1 21974517
1 22084069
1 22668886
1 22679807
1 22906861
1 23330287
2 24239112
1 24555710
1 24589579
1 25785048
1 27393275
3 27903079
1 28280003
1 28304354
2 28684463
1 28790942
1 29747416
2 30068477
1 30068811
1 30274578
1 30410369
1 30930108
1 31807259
1 31963895
1 32753398
1 32833000
1 32995772
1 33438869
1 33946364
1 33968230
1 34446946
1 34681661
1 35203826
1 35260655
1 35741170
2 36062902
2 36456698
1 37316754
1 37579522
2 38067814
1 38911671
1 39229674
1 39822606
1 39907233
1 40279212
1 40423531
1 40650758
1 40833432
1 41155665
1 41479738
1 41670915
1 41693280
1 42647000
1 43079637
1 43250640
2 43471780
1 43765923
1 44505771
1 45125487
1 45633742
1 45718035
1 45752163
1 46302329
2 46311147
1 46533964
1 48912106
1 49404700
1 49437839
1 49903623
1 50475685
1 50595208
1 50772955
1 51211218
1 51374188
1 51453267
1 51543393
1 51796636
1 51842330
1 51940411
1 52095823
1 52492171
1 52618537
1 52995990
2 53280308
2 53492926
1 54382978
1 55185845
1 55655398
1 55948287
2 56173167
1 58432811
1 61560300
1 62193786
1 62957001
1 63018888
1 63189760
1 63298401
1 63361435
1 63957090
1 64661928
1 65872841
1 66591674
1 67835173
1 68625084
2 68747061
1 69026837
1 70178804
1 70396914
1 70805650
1 70816732
1 71929796
1 73800986
1 73913650
1 75437045
1 76015772
1 77380079
1 78549802
1 78573335
1 79535108
1 80397333
1 82073388
1 82339107
1 82339115
1 82593337
1 82949412
1 84333794
1 85109675
3 85524012
2 85524064
1 85540814
1 85623511
1 86421011
1 86962366
1 87682235
1 88552231
1 88675854
1 89198774
1 92436173
3 92436175
3 92436567
1 92436657
1 92436786
1 92508202
1 93149817
2 93149818
3 93149820
1 93149828
2 93149831
2 93149836
6 93149839
5 93149844
1 93149849
8 93149850
10 93149857
2 93149862
2 93149863
1 93149864
2 93149865
1 93149868
2 93149869
2 93149870
2 93149873
3 93149876
1 93149878
1 93149881
2 93149882
6 93149884
3 93149886
3 93149887
1 93149890
3 93149899
5 93149900
4 93149997
3 93150002
1 93150005
1 93673910
1 94711298
1 94895110
1 98129282
7 98943314
1 103027378
2 103027380
2 103027383
2 103027387
2 103027391
3 103027393
2 103027394
1 103027399
1 103027401
3 103027414
1 103027417
1 103027425
1 103027464
1 103027467
2 103027468
2 103027476
5 103027488
5 103027490
3 103027491
2 103027495
5 103027496
2 103027497
1 103027499
3 103027503
4 103027505
6 103027506
3 103027510
22 103027511
2 103027512
1 103027513
3 103027514
2 103027515
3 103027516
2 103027517
6 103027520
2 103027521
5 103027522
5 103027523
2 103027524
1 103027525
9 103027527
3 103027528
2 103027529
12 103027530
3 103027531
5 103027532
1 103027533
8 103027537
4 103027542
2 103027545
1 103027546
2 103027547
2 103027550
5 103027552
3 103027553
4 103027554
5 103027555
2 103027557
2 103027559
1 103027562
7 103027565
1 103027566
5 103027570
4 103027571
6 103027572
1 103027576
2 103027577
2 103027588
1 104567637
4 105174623
1 106315627
2 106994337
1 109840753
1 110080003
1 113498656
1 113983552
5 121186607
1 122846365
1 122945441
1 125847420
1 130108355
1 140740658
1 141864006
2 153373815
2 160536746
1 160537433
3 160537452
1 160991876
1 164539633
